51
b4:e6:2d:f6:b6:a5
70:2e:22:8d:72:74|1381|49|72|13|23949|390
ff:ff:ff:ff:ff:ff|0|4490|0|131|0|13874
68:02:b8:1e:7f:1f|1293|0|129|0|12534|0
6a:02:98:1e:7f:1f|1292|0|0|0|0|0
b0:c2:87:78:a6:a2|181|0|17|0|3538|0
b2:c2:87:78:a6:a3|111|0|0|0|0|0
01:00:5e:7f:ff:fa|0|0|0|54|0|24838
01:00:5e:00:00:fb|0|0|0|14|0|2159
33:33:00:01:00:03|0|0|0|2|0|254
00:0c:43:18:8e:7b|49|48|13|0|390|0
92:5c:14:cf:f6:c9|94|0|0|0|0|0
74:da:38:69:27:22|24|0|0|0|0|0
54:be:f7:19:78:e1|44|0|0|0|0|0
90:5c:44:cf:f6:c9|9|0|0|0|0|0
84:16:f9:07:68:71|0|3|0|0|0|0
b4:fb:e3:fc:1e:95|0|48|0|0|0|0
33:33:00:00:00:fb|0|0|0|9|0|1818
5c:f8:21:84:a4:31|0|152|0|0|0|0
a4:3e:a0:a4:2a:46|4|155|0|0|0|0
0c:54:a5:02:31:6d|1|0|0|0|0|0
c8:66:5d:1f:4f:54|0|12|0|0|0|0
cc:4b:73:b0:02:dc|1|6|0|0|0|0
1a:35:7d:63:ac:3d|2|0|0|0|0|0
e6:35:23:4e:ab:99|7|54|0|0|0|0
64:b3:10:aa:e3:3c|0|18|0|0|0|0
ec:e8:55:1d:e2:62|2|0|0|0|0|0
c8:3a:35:b0:10:f7|0|5|0|0|0|0
b4:e6:2d:f6:b6:a5|0|1|0|4|0|482
3e:31:99:a2:de:7e|1|0|0|0|0|0
c0:ee:fb:43:db:fb|0|6|0|0|0|0
10:1c:0c:1a:10:10|3|24|0|0|0|0
01:00:5e:00:00:01|0|0|0|3|0|244
5c:f5:da:b6:d8:02|0|9|0|8|0|1015
01:00:5e:00:00:fc|0|0|0|1|0|107
58:91:cf:92:d9:66|0|6|0|0|0|0
70:bc:10:16:23:53|8|36|0|0|0|0
33:33:00:00:00:01|0|0|0|3|0|584
ac:67:84:9f:f1:e2|0|3|0|0|0|0
0c:84:dc:82:e4:5a|345|0|15|0|5718|0
0e:84:dc:82:e4:5b|337|0|0|0|0|0
01:00:5e:00:00:02|0|0|0|3|0|240
33:33:00:00:00:16|0|0|0|1|0|124
80:be:05:5f:13:d9|0|2|0|0|0|0
b2:04:51:ab:bc:e7|0|6|0|0|0|0
40:ec:99:aa:85:ac|1|0|0|0|0|0
d2:61:36:6c:f8:16|0|4|0|0|0|0
5c:f5:da:55:8b:f6|0|13|0|0|0|0
c2:ff:6d:fb:e4:74|0|6|0|0|0|0
58:16:d7:e4:a4:0f|0|14|0|0|0|0
86:2b:9e:5f:1b:d1|0|6|0|0|0|0
be:49:c6:5a:fb:e6|0|14|0|0|0|0
