31
b4:e6:2d:f6:b6:a5
68:02:b8:1e:7f:1f|1263|0|373|0|67455|0
ff:ff:ff:ff:ff:ff|0|3308|0|283|0|56045
6a:02:98:1e:7f:1f|1262|0|0|0|0|0
d8:b6:b7:7a:3a:61|1089|0|42|34|10630|931
01:00:5e:00:00:01|0|0|0|1|0|88
b4:e6:2d:f6:b6:a5|0|1|0|3|0|390
4e:9b:05:55:9f:ce|2|30|0|0|0|0
c8:66:5d:1f:4f:54|0|6|0|0|0|0
26:17:dc:59:74:f7|0|0|7|2|168|52
01:00:5e:00:00:fb|0|0|0|42|0|7820
33:33:00:00:00:fb|0|0|0|42|0|8660
33:33:00:01:00:03|0|0|0|12|0|1476
01:00:5e:00:00:fc|0|0|0|12|0|1236
33:33:00:00:00:16|0|0|0|4|0|504
a4:3e:a0:a4:2a:46|0|153|0|0|0|0
01:00:5e:00:00:16|0|0|0|4|0|364
8e:c7:45:8a:b2:74|2|45|0|0|0|0
e6:35:23:4e:ab:99|0|0|12|2|348|52
bc:54:51:02:a4:f0|0|0|3|2|127|52
0e:26:0a:2f:38:6b|0|0|12|0|288|0
01:00:5e:7f:ff:fa|0|0|0|3|0|762
64:b3:10:aa:e3:3c|0|7|0|0|0|0
a2:94:7c:f8:ab:25|0|1|0|0|0|0
80:91:33:3d:9a:3b|0|6|0|0|0|0
f0:72:ea:da:42:c6|0|2|0|0|0|0
4a:0e:8a:64:45:74|0|1|0|0|0|0
e6:fa:07:2d:30:f6|2|47|0|0|0|0
fe:a9:c1:a2:6a:6e|0|3|0|0|0|0
33:33:00:00:00:01|0|0|0|3|0|584
c8:09:a8:84:a5:03|0|7|0|0|0|0
20:79:18:e7:01:8a|0|3|0|0|0|0
