35
b4:e6:2d:f6:b6:a5
d8:b6:b7:7a:3a:61|1347|0|16|17|1868|416
ff:ff:ff:ff:ff:ff|0|3533|0|7|0|532
68:02:b8:1e:7f:1f|1243|0|236|41|63497|1066
6a:02:98:1e:7f:1f|1238|0|0|0|0|0
80:58:f8:93:88:29|8|33|41|184|1066|54626
01:00:5e:00:00:fb|0|0|0|9|0|1473
e6:35:23:4e:ab:99|0|0|8|2|200|52
a0:cb:fd:fe:f4:0c|3|7|0|0|0|0
00:0c:e7:1e:99:61|1|22|0|0|0|0
01:00:5e:7f:ff:fa|0|0|0|35|0|7035
4e:a6:bf:97:fb:27|2|19|0|0|0|0
f0:72:ea:da:42:c6|0|21|0|0|0|0
cc:4b:73:b0:02:dc|0|7|0|0|0|0
a4:3e:a0:a4:2a:46|0|108|0|0|0|0
12:0b:8c:f6:68:54|0|3|0|0|0|0
70:ee:50:73:4e:36|0|0|78|0|2024|0
b0:95:75:4b:b9:26|0|0|0|78|0|2024
00:0c:e7:be:92:67|1|13|0|0|0|0
92:3e:d1:32:d9:52|0|13|0|0|0|0
62:f0:89:88:25:f8|2|8|0|0|0|0
9e:b3:65:00:7c:6d|0|7|0|0|0|0
0e:26:0a:2f:38:6b|0|0|8|2|192|52
b4:e6:2d:f6:b6:a5|0|2|0|4|0|482
00:0c:e7:3f:4e:bb|0|13|0|0|0|0
26:17:dc:59:74:f7|0|0|1|2|24|52
00:0c:e7:f0:df:1a|0|1|0|0|0|0
bc:54:51:02:a4:f0|0|0|0|3|0|262
01:00:5e:00:00:01|0|0|0|1|0|88
8e:ce:84:95:93:9b|0|1|0|0|0|0
96:e6:f2:a0:4f:1d|0|7|0|0|0|0
70:2e:22:8d:72:74|1|0|0|0|0|0
64:b3:10:aa:e3:3c|0|13|0|0|0|0
80:58:f8:0c:11:c5|1|3|0|0|0|0
33:33:00:00:00:fb|0|0|0|3|0|711
c8:66:5d:1f:4f:54|0|13|0|0|0|0
