52
b4:e6:2d:f6:c8:79
90:9a:4a:80:71:9a|1391|6|45|59|4601|4413
ff:ff:ff:ff:ff:ff|0|2434|0|27|0|4224
a4:50:46:4c:af:3b|1|3|41|35|3011|3558
68:ff:7b:c5:ca:c9|305|0|0|0|0|0
20:aa:4b:5b:e6:4b|408|0|38|0|6342|0
90:9a:4a:80:85:9e|570|0|0|0|0|0
10:fe:ed:dd:08:06|3|0|0|0|0|0
28:6d:cd:09:2a:ea|1|2|3|0|78|0
ec:5c:68:84:b1:4b|2|30|0|0|0|0
9a:13:b0:60:b4:49|0|6|0|0|0|0
1c:bf:ce:e3:fb:45|0|12|0|0|0|0
b4:e6:2d:f6:c8:79|0|4|0|4|0|454
54:2a:a2:73:c6:e9|11|113|0|0|0|0
32:f0:11:4f:6f:2b|1|1|0|0|0|0
33:33:00:00:00:0c|0|0|0|9|0|1890
34:c0:59:00:a0:8f|0|1|0|0|0|0
c0:06:c3:8f:c7:99|0|0|6|1|399|78
8c:70:5a:60:0e:bc|1|6|0|0|0|0
3c:f0:11:c4:ac:66|1|1|0|0|0|0
48:5a:b6:22:0c:7e|0|20|0|0|0|0
74:df:bf:45:ac:65|0|1|0|0|0|0
08:9e:08:bc:6c:2b|0|1|0|0|0|0
c0:06:c3:8f:c0:7b|4|8|9|5|925|511
96:95:60:a4:85:9e|0|3|0|0|0|0
20:1f:3b:3a:bb:3d|3|0|0|0|0|0
b8:27:eb:81:9a:d6|0|1|0|0|0|0
01:00:5e:00:00:fa|0|0|0|2|0|228
a2:15:de:f5:ed:d7|0|2|0|0|0|0
8a:e9:a3:cb:e1:19|3|9|0|0|0|0
00:08:07:76:35:b7|0|3|0|0|0|0
44:07:0b:70:9e:93|3|0|0|0|0|0
c0:87:eb:8e:48:ef|0|1|0|0|0|0
56:bf:a0:cb:43:f9|1|4|0|0|0|0
f4:f2:6d:90:44:3c|3|0|0|0|0|0
b0:e4:d5:ba:87:fe|0|1|0|0|0|0
44:07:0b:2f:49:8b|6|0|0|0|0|0
6e:63:f2:88:d4:ca|0|6|0|0|0|0
44:07:0b:60:bf:75|3|0|0|0|0|0
16:7c:51:a4:75:44|1|1|0|0|0|0
46:3b:78:62:ec:7e|0|6|11|0|264|0
c4:12:f5:d1:17:6c|0|0|0|11|0|264
34:f6:4b:e3:9c:e8|0|4|0|0|0|0
aa:fd:49:b5:a9:c3|0|5|0|0|0|0
ba:92:3e:fe:ff:fd|0|14|0|0|0|0
26:a2:ab:78:9d:ef|0|1|0|0|0|0
fc:53:9e:ab:23:76|1|0|0|0|0|0
62:ca:b3:c7:50:8a|0|3|0|0|0|0
54:60:09:e2:ee:aa|0|7|0|0|0|0
18:e8:29:91:3d:5e|1|0|0|0|0|0
f0:ef:86:06:76:35|0|1|0|0|0|0
f4:f5:d8:8d:f2:58|0|2|0|0|0|0
94:ee:9f:9f:fe:89|0|1|0|0|0|0
