33
b4:e6:2d:f6:b6:a5
68:02:b8:1e:7f:1f|1325|0|392|0|94785|0
ff:ff:ff:ff:ff:ff|0|2377|0|280|0|56952
6a:02:98:1e:7f:1f|1316|0|0|0|0|0
a4:3e:a0:a4:2a:46|0|138|0|0|0|0
f6:57:40:c4:7c:81|7|0|0|0|0|0
5c:f8:21:84:a4:31|0|3|0|0|0|0
8e:ce:84:5f:9c:42|6|18|0|0|0|0
01:00:5e:00:00:fb|0|0|0|17|0|2377
01:00:5e:7f:ff:fa|0|0|0|60|0|30806
e4:57:40:c4:7c:81|21|0|0|0|0|0
b4:e6:2d:f6:b6:a5|0|1|0|4|0|482
01:00:5e:00:00:16|0|0|0|6|0|540
d6:e1:3a:6d:50:f4|0|6|0|0|0|0
ba:ce:83:d0:48:76|0|1|0|0|0|0
10:1c:0c:1a:10:10|1|18|0|0|0|0
96:6f:d7:b7:a2:fd|0|6|0|0|0|0
33:33:00:00:00:fb|0|0|0|12|0|1932
33:33:00:01:00:03|0|0|0|4|0|472
01:00:5e:00:00:fc|0|0|0|4|0|392
06:7e:74:20:17:e7|0|1|0|0|0|0
33:33:00:00:00:16|0|0|0|2|0|248
38:8b:59:2f:be:b9|0|2|0|0|0|0
3a:68:b0:e7:16:5f|0|18|0|0|0|0
