62
b4:e6:2d:f6:b6:a5
6a:02:98:1e:7f:1f|1271|0|0|0|0|0
ff:ff:ff:ff:ff:ff|0|3586|0|128|0|11924
d8:b6:b7:7a:3a:61|1524|0|9|52|362|2260
68:02:b8:1e:7f:1f|1276|8|481|242|116988|6682
4e:9b:05:55:9f:ce|11|36|242|286|6682|93595
26:17:dc:59:74:f7|0|0|16|2|384|52
e6:35:23:4e:ab:99|0|0|8|2|200|52
cc:88:26:36:b9:a7|58|140|0|0|0|0
32:87:82:0d:12:75|1|2|0|0|0|0
01:00:5e:7f:ff:fa|0|0|0|35|0|7035
01:00:5e:00:00:fb|0|0|0|11|0|1473
a4:3e:a0:a4:2a:46|0|140|0|0|0|0
33:33:00:00:00:16|0|0|0|6|0|864
4a:2c:e1:1d:85:31|2|9|0|0|0|0
4e:f1:5f:02:b1:ed|2|9|0|0|0|0
06:cc:74:fd:20:f0|2|11|0|0|0|0
0e:9e:18:7d:0e:51|0|7|0|0|0|0
bc:54:51:02:a4:f0|0|0|28|1|1676|26
4e:1a:67:ae:cb:46|1|0|0|0|0|0
64:b3:10:aa:e3:3c|0|8|0|0|0|0
8e:ce:84:4b:49:49|1|2|0|0|0|0
a6:ff:80:dc:21:54|1|7|0|0|0|0
f6:2e:1e:8f:d1:d1|0|7|0|0|0|0
84:16:f9:07:68:71|0|14|0|0|0|0
00:1c:bf:52:98:29|0|20|0|0|0|0
33:33:00:00:00:fb|0|0|0|4|0|641
82:ee:b4:e5:a5:58|1|5|0|0|0|0
b4:e6:2d:f6:b6:a5|0|2|0|5|0|574
aa:f0:7b:ba:23:40|2|11|0|0|0|0
2e:cb:bf:61:0e:97|0|7|0|0|0|0
02:11:17:d9:6c:5a|1|0|0|0|0|0
0e:26:0a:2f:38:6b|0|0|0|2|0|52
01:00:5e:00:00:02|0|0|0|1|0|90
1e:82:00:df:79:f6|1|7|0|0|0|0
0e:be:18:c3:74:07|2|13|0|0|0|0
80:be:05:5f:13:d9|0|7|0|0|0|0
33:33:00:00:00:01|0|0|0|3|0|584
33:33:00:00:00:02|0|0|0|1|0|96
33:33:ff:1e:b6:60|0|0|0|1|0|112
d8:8c:79:90:f4:9b|0|7|0|0|0|0
06:d0:fd:00:59:bf|1|0|0|0|0|0
12:b6:2f:53:b3:9d|2|12|0|0|0|0
c8:66:5d:1f:4f:54|0|6|0|0|0|0
ce:15:f3:75:28:5e|2|7|0|0|0|0
96:f6:a5:62:b2:d3|0|7|0|0|0|0
01:00:5e:00:00:01|0|0|0|1|0|88
01:00:5e:00:00:16|0|0|0|1|0|92
f0:5c:77:1a:f1:64|0|12|0|0|0|0
c2:50:bf:c3:ed:9f|1|2|0|0|0|0
e2:54:11:27:a3:d1|2|2|0|0|0|0
b0:00:73:6f:e2:df|0|4|0|0|0|0
76:0b:68:4b:29:1e|2|8|0|0|0|0
da:18:c1:01:dd:9b|1|4|0|0|0|0
0a:6a:75:c9:2d:5d|2|2|0|0|0|0
f2:b3:c7:8d:73:75|1|13|0|0|0|0
0c:54:15:5d:f1:f6|0|6|0|0|0|0
2e:60:35:70:c7:75|0|7|0|0|0|0
8e:3c:d2:0d:39:6c|1|0|0|0|0|0
1e:e7:3e:01:48:aa|2|2|0|0|0|0
52:c6:e9:0b:8c:b3|0|3|0|0|0|0
36:9a:2f:d4:81:49|2|7|0|0|0|0
3a:39:49:83:f4:ef|1|8|0|0|0|0
