31
b4:e6:2d:f6:b6:a5
68:02:b8:1e:7f:1f|1286|0|146|17|49332|598
ff:ff:ff:ff:ff:ff|0|2355|0|13|0|1358
6a:02:98:1e:7f:1f|1278|0|0|0|0|0
a4:3e:a0:a4:2a:46|0|89|0|0|0|0
70:ee:50:73:4e:36|0|0|96|0|2484|0
b0:95:75:4b:b9:26|0|0|0|96|0|2484
4e:9b:05:55:9f:ce|0|0|17|9|598|2904
c8:66:5d:1f:4f:54|0|12|0|0|0|0
01:00:5e:7f:ff:fa|0|0|0|60|0|30806
10:1c:0c:1a:10:10|3|30|0|0|0|0
cc:88:26:04:86:b1|4|0|0|0|0|0
b4:e6:2d:f6:b6:a5|0|1|0|4|0|482
54:2a:a2:48:a3:f0|0|42|0|0|0|0
78:9f:70:2b:86:c6|2|0|0|0|0|0
01:00:5e:00:00:fb|0|0|0|20|0|5383
33:33:00:00:00:fb|0|0|0|18|0|5563
33:33:00:00:00:16|0|0|0|4|0|616
01:00:5e:00:00:16|0|0|0|2|0|180
33:33:00:00:00:01|0|0|0|3|0|584
33:33:00:00:00:02|0|0|0|2|0|192
33:33:ff:1e:b6:60|0|0|0|1|0|112
8e:ce:84:6a:71:68|2|0|0|0|0|0
33:33:ff:a5:4e:19|0|0|0|1|0|120
33:33:ff:47:43:51|0|0|0|1|0|120
33:33:ff:57:66:5b|0|0|0|5|0|600
33:33:00:01:00:02|0|0|0|1|0|132
01:00:5e:00:00:02|0|0|0|2|0|180
c0:ee:fb:43:db:fb|0|12|0|0|0|0
5c:f5:da:55:8b:f6|0|6|0|0|0|0
9a:96:07:fb:35:b1|2|24|0|0|0|0
f0:5c:77:1a:f1:64|0|6|0|0|0|0
