33
b4:e6:2d:f6:c8:79
20:aa:4b:5b:e6:4b|632|0|33|0|6348|0
ff:ff:ff:ff:ff:ff|0|3264|0|33|0|6348
90:9a:4a:80:71:9a|1234|6|62|107|18116|17607
90:9a:4a:80:85:9e|1005|1|5|7|396|168
80:91:33:25:67:05|10|94|0|0|0|0
68:ff:7b:c5:ca:c9|571|0|1|0|78|0
28:6d:cd:09:2a:ea|0|0|27|4|5904|474
b4:e6:2d:f6:c8:79|0|2|0|3|0|376
fa:b8:82:a3:2f:6c|0|1|0|0|0|0
46:3b:78:62:ec:7e|0|16|0|0|0|0
c0:06:c3:8f:c0:7b|5|10|10|9|1003|944
a4:50:46:4c:af:3b|1|1|64|44|10301|16085
02:57:3b:72:7e:ec|0|4|0|0|0|0
c0:06:c3:8f:c7:99|0|0|6|2|399|237
f4:f5:d8:8d:f2:58|0|3|0|0|0|0
f0:ef:86:06:76:35|0|11|0|0|0|0
44:07:0b:89:e4:ab|8|0|0|0|0|0
e4:5f:01:5c:9d:89|0|6|0|0|0|0
50:e0:85:84:55:94|6|18|0|0|0|0
9e:ab:89:2d:82:91|1|34|7|4|168|312
01:00:5e:00:00:01|0|0|0|1|0|84
20:1f:3b:3a:bb:3d|13|16|0|0|0|0
00:31:92:b2:52:69|0|0|1|0|114|0
72:19:88:04:87:4d|0|0|0|1|0|114
44:07:0b:2f:49:8b|9|0|0|0|0|0
50:2f:9b:d1:a8:d5|0|1|0|0|0|0
44:07:0b:70:9e:93|1|0|0|0|0|0
b8:27:eb:3b:22:38|0|3|0|0|0|0
54:60:09:01:a1:78|2|0|0|0|0|0
00:08:07:76:35:b7|0|5|0|0|0|0
ac:67:84:5b:07:e3|1|0|0|0|0|0
1a:a5:c3:61:4f:b6|0|0|0|1|0|78
b8:27:eb:81:9a:d6|0|3|0|0|0|0
