28
b4:e6:2d:f6:b6:a5
68:02:b8:1e:7f:1f|1230|0|21|0|2465|0
ff:ff:ff:ff:ff:ff|0|3517|0|9|0|692
6a:02:98:1e:7f:1f|1228|0|0|0|0|0
d8:b6:b7:7a:3a:61|1234|0|23|76|2744|2056
70:ee:50:73:4e:36|0|0|23|0|598|0
b0:95:75:4b:b9:26|0|0|0|23|0|598
e6:35:23:4e:ab:99|0|0|8|2|200|52
bc:54:51:02:a4:f0|0|0|26|4|848|472
0e:26:0a:2f:38:6b|0|0|8|2|192|52
26:17:dc:59:74:f7|0|0|34|1|816|26
b4:e6:2d:f6:b6:a5|0|1|0|6|0|669
a4:3e:a0:a4:2a:46|0|100|0|0|0|0
de:c5:39:6f:7d:9a|0|7|0|0|0|0
c8:66:5d:1f:4f:54|0|24|0|0|0|0
33:33:00:00:00:01|0|0|0|4|0|816
33:33:00:00:00:02|0|0|0|1|0|96
33:33:ff:1e:b6:60|0|0|0|1|0|112
06:0f:10:6b:3d:64|0|7|0|0|0|0
01:00:5e:00:00:fb|0|0|0|3|0|651
33:33:00:00:00:fb|0|0|0|3|0|711
33:33:00:00:00:16|0|0|0|2|0|256
01:00:5e:00:00:16|0|0|0|3|0|276
80:58:f8:93:88:29|0|0|0|2|0|240
01:00:5e:00:00:01|0|0|0|1|0|88
78:9f:70:2b:86:c6|2|0|0|0|0|0
d8:8c:79:90:f4:9b|0|7|0|0|0|0
1a:87:40:0f:7e:4d|0|25|0|0|0|0
64:b3:10:aa:e3:3c|0|6|0|0|0|0
