70
b4:e6:2d:f6:b6:a5
d8:b6:b7:7a:3a:61|1618|0|10|47|855|1360
ff:ff:ff:ff:ff:ff|0|3541|0|9|0|1117
68:02:b8:1e:7f:1f|1308|0|77|87|10516|6693
6a:02:98:1e:7f:1f|1307|0|0|0|0|0
02:58:6b:3b:23:9d|0|6|0|0|0|0
02:00:00:00:00:00|18|114|0|0|0|0
b4:e6:2d:f6:b6:a5|0|2|0|4|0|482
70:ee:50:73:4e:36|0|0|26|0|668|0
b0:95:75:4b:b9:26|0|0|0|26|0|668
80:58:f8:93:88:29|5|32|87|46|6693|6313
a4:3e:a0:a4:2a:46|0|78|0|0|0|0
72:44:e3:be:c1:e1|0|7|0|0|0|0
96:db:31:01:8a:a3|1|7|0|0|0|0
d8:8c:79:90:f4:9b|0|7|0|0|0|0
01:00:5e:00:00:fb|0|0|0|5|0|733
33:33:00:00:00:fb|0|0|0|4|0|723
2e:56:05:5d:a9:5d|0|7|0|0|0|0
92:ba:77:4d:ce:94|0|13|0|0|0|0
ce:a1:a6:56:be:2c|0|13|0|0|0|0
e6:35:23:4e:ab:99|0|0|8|2|200|52
54:2a:a2:48:a3:f0|0|119|0|0|0|0
64:b3:10:aa:e3:3c|0|14|0|0|0|0
72:eb:d6:bd:f0:f7|3|5|0|0|0|0
9a:5d:8a:62:5a:a1|0|6|0|0|0|0
bc:54:51:02:a4:f0|0|0|18|1|656|26
d6:be:e9:7b:aa:1e|0|7|0|0|0|0
de:8e:41:bd:01:cb|0|6|0|0|0|0
2e:34:11:ed:d7:1c|1|6|0|0|0|0
26:17:dc:59:74:f7|0|0|20|2|480|52
b2:79:2a:de:ff:f4|0|7|0|0|0|0
ee:30:a4:e9:2d:d2|0|2|0|0|0|0
f0:5c:77:1a:f1:64|0|7|0|0|0|0
a2:99:01:76:36:d8|0|24|0|0|0|0
1e:7c:09:72:64:9e|0|6|0|0|0|0
62:f9:df:d0:99:6b|0|3|0|0|0|0
1a:a4:7f:3b:e6:62|1|12|0|0|0|0
82:5c:84:1d:97:4b|0|4|0|0|0|0
66:30:87:60:94:b4|0|34|0|0|0|0
9a:77:50:93:b7:50|0|1|0|0|0|0
b2:81:15:e8:20:c0|0|7|0|0|0|0
16:a1:6c:8e:1c:60|0|7|0|0|0|0
d2:5e:9e:9d:2a:0a|0|1|0|0|0|0
46:fe:22:df:c9:dd|1|7|0|0|0|0
c8:66:5d:1f:4f:54|0|12|0|0|0|0
2a:5e:bb:0b:6e:9f|0|13|0|0|0|0
0e:26:0a:2f:38:6b|0|0|1|2|24|52
52:90:7d:0a:d8:42|0|7|0|0|0|0
7a:53:bc:8d:5f:e5|0|7|0|0|0|0
6e:24:e5:2b:75:d3|0|8|0|0|0|0
ea:40:28:26:10:16|0|7|0|0|0|0
ba:b8:66:fb:ff:ff|0|10|0|0|0|0
12:d1:6e:f8:25:4e|0|4|0|0|0|0
33:33:00:00:00:01|0|0|0|3|0|584
33:33:00:00:00:02|0|0|0|1|0|96
33:33:ff:1e:b6:60|0|0|0|1|0|112
36:11:ef:0b:91:32|0|7|0|0|0|0
96:2d:66:a4:24:29|0|7|0|0|0|0
01:00:5e:00:00:01|0|0|0|1|0|88
5e:47:a9:4e:26:de|0|7|0|0|0|0
ee:75:cd:58:61:31|0|7|0|0|0|0
2a:16:b4:53:6b:c2|0|7|0|0|0|0
be:a5:3b:b9:3b:e2|0|7|0|0|0|0
12:c9:f2:bb:ba:29|0|7|0|0|0|0
01:00:5e:7f:ff:fa|0|0|0|3|0|603
33:33:00:00:00:16|0|0|0|2|0|248
01:00:5e:00:00:02|0|0|0|1|0|90
ca:a1:cd:f4:97:4e|0|6|0|0|0|0
00:1c:bf:52:98:29|0|16|0|0|0|0
8a:b4:ca:0a:32:63|2|7|0|0|0|0
32:6f:05:26:4d:17|0|7|0|0|0|0
