56
b4:e6:2d:f6:c8:79
90:9a:4a:80:85:9e|1357|70|75|567|21687|13608
ff:ff:ff:ff:ff:ff|0|2640|0|4|0|624
90:9a:4a:80:71:9a|1273|5|117|107|15420|15982
68:ff:7b:c5:ca:c9|131|0|0|0|0|0
20:aa:4b:5b:e6:4b|209|0|6|311|1155|178137
04:6c:59:1b:72:04|60|152|0|4|0|312
b4:e6:2d:f6:c8:79|0|1|0|3|0|376
34:02:86:11:c3:80|0|0|311|5|178137|891
01:00:5e:7f:ff:fa|0|0|0|45|0|18290
46:3b:78:62:ec:7e|0|10|49|0|1176|0
c4:12:f5:d1:17:6c|0|0|0|49|0|1176
42:4e:79:8f:4f:55|1|10|0|0|0|0
28:6d:cd:09:2a:ea|0|0|49|60|10536|9295
9e:ab:89:2d:82:91|10|32|567|7|13608|546
c0:06:c3:8f:c7:99|0|0|9|4|726|474
5e:f4:1a:eb:b7:c5|1|17|0|0|0|0
44:07:0b:2f:49:8b|13|0|0|0|0|0
50:e0:85:84:55:94|2|12|0|0|0|0
48:5a:b6:22:0c:7e|0|5|0|0|0|0
a6:ec:c8:5d:0e:8c|1|4|0|0|0|0
c0:06:c3:8f:c0:7b|4|8|13|20|1524|1862
da:a1:19:4e:a2:c7|2|19|0|0|0|0
a4:50:46:4c:af:3b|1|1|36|30|3196|3413
ce:d5:ab:76:e4:12|0|1|0|0|0|0
00:08:07:76:35:b7|0|2|0|0|0|0
c0:87:eb:8e:48:ef|0|6|0|0|0|0
01:00:5e:00:00:01|0|0|0|1|0|84
1c:bf:ce:e3:fb:45|0|3|0|0|0|0
f0:ef:86:06:76:35|0|1|0|0|0|0
da:c3:02:49:4b:4b|0|3|0|0|0|0
01:00:5e:00:00:16|0|0|0|3|0|264
52:af:32:a3:e1:f8|0|1|0|0|0|0
da:c3:02:ef:ef:eb|0|6|0|0|0|0
1e:8c:c4:bd:26:13|2|3|0|0|0|0
f2:c6:29:72:a1:be|0|3|0|0|0|0
50:eb:71:d0:6d:35|0|1|0|0|0|0
66:31:57:ed:f3:dd|0|1|0|0|0|0
e6:f5:23:c3:12:48|1|2|0|0|0|0
01:00:5e:00:00:fb|0|0|0|12|0|1831
7c:2e:bd:f4:94:ee|5|0|0|0|0|0
ea:6f:09:9d:32:dd|1|0|0|0|0|0
5a:de:4a:3b:04:07|0|3|0|0|0|0
46:ec:2f:66:59:e2|0|1|0|0|0|0
44:07:0b:70:9e:93|1|0|0|0|0|0
24:77:03:d4:12:38|5|12|0|0|0|0
54:60:09:e2:ee:aa|0|4|0|0|0|0
