26
b4:e6:2d:f6:b6:a5
68:02:b8:1e:7f:1f|1330|0|201|0|45896|0
ff:ff:ff:ff:ff:ff|0|2367|0|122|0|11468
6a:02:98:1e:7f:1f|1313|0|0|0|0|0
00:0c:e7:95:f8:8a|2|0|0|0|0|0
00:0c:e7:31:e1:93|6|6|0|0|0|0
b4:e6:2d:f6:b6:a5|0|2|0|4|0|482
01:00:5e:7f:ff:fa|0|0|0|60|0|30806
3a:ed:bc:39:49:b9|1|0|0|0|0|0
a4:3e:a0:a4:2a:46|0|123|0|0|0|0
33:33:00:00:00:01|0|0|0|3|0|584
10:1c:0c:1a:10:10|3|36|0|0|0|0
00:0c:e7:0d:8f:b8|3|18|0|0|0|0
d8:8c:79:90:f4:9b|0|6|0|0|0|0
c8:66:5d:1f:4f:54|0|12|0|0|0|0
2e:1d:1c:f5:38:f2|6|18|0|0|0|0
46:07:ce:7b:31:34|0|6|0|0|0|0
1a:87:40:3a:5c:1b|0|30|0|0|0|0
01:00:5e:00:00:fb|0|0|0|4|0|1024
33:33:00:00:00:fb|0|0|0|4|0|1104
33:33:00:00:00:16|0|0|0|2|0|248
01:00:5e:00:00:16|0|0|0|2|0|180
68:02:b8:2e:8d:67|1|0|0|0|0|0
00:0c:e7:a9:ea:18|0|12|0|0|0|0
54:2a:a2:48:a3:f0|0|18|0|0|0|0
8e:ce:84:5f:9c:42|0|12|0|0|0|0
7a:3a:97:c3:09:54|1|0|0|0|0|0
