38
b4:e6:2d:f6:b6:a5
d8:b6:b7:7a:3a:61|1363|0|9|41|829|1216
ff:ff:ff:ff:ff:ff|0|3502|0|131|0|12585
68:02:b8:1e:7f:1f|1276|9|1208|1280|1190820|117086
6a:02:98:1e:7f:1f|1261|0|0|0|0|0
4e:9b:05:55:9f:ce|12|20|1280|1020|117086|1168134
01:00:5e:00:00:fb|0|0|0|12|0|1836
01:00:5e:7f:ff:fa|0|0|0|36|0|7236
cc:88:26:36:b9:a7|57|125|0|0|0|0
b4:e6:2d:f6:b6:a5|0|2|0|3|0|390
7e:d4:3b:a3:fd:64|0|1|0|0|0|0
a4:3e:a0:a4:2a:46|0|127|0|0|0|0
2a:0a:af:58:df:10|0|10|0|0|0|0
1a:66:74:91:be:e1|2|7|0|0|0|0
bc:54:51:02:a4:f0|0|0|22|1|752|26
c8:66:5d:1f:4f:54|0|6|0|0|0|0
84:16:f9:07:68:71|0|14|0|0|0|0
e6:35:23:4e:ab:99|0|0|8|1|200|26
26:17:dc:59:74:f7|0|0|9|2|216|52
0e:26:0a:2f:38:6b|0|0|2|2|48|52
88:9f:6f:ab:69:ae|0|65|0|0|0|0
64:b3:10:aa:e3:3c|0|21|0|0|0|0
33:33:00:00:00:01|0|0|0|3|0|584
33:33:00:00:00:02|0|0|0|1|0|96
33:33:ff:1e:b6:60|0|0|0|1|0|112
ae:6f:62:44:b3:73|1|4|0|0|0|0
00:1c:bf:52:98:29|0|7|0|0|0|0
b2:c8:a0:2b:58:69|2|12|0|0|0|0
46:22:2b:c2:61:7d|1|0|0|0|0|0
0a:6b:f1:32:ef:cd|0|7|0|0|0|0
b2:4c:b3:20:0c:d5|2|5|0|0|0|0
ce:15:a4:63:d5:fc|1|7|0|0|0|0
01:00:5e:00:00:01|0|0|0|1|0|88
33:33:00:00:00:16|0|0|0|3|0|432
f0:72:ea:da:42:c6|0|5|0|0|0|0
0c:54:15:5d:f1:f6|0|3|0|0|0|0
7e:f8:f6:23:7f:c3|1|0|0|0|0|0
26:6f:1d:c2:e2:46|0|19|0|0|0|0
f2:7b:4e:b2:71:53|2|3|0|0|0|0
