43
b4:e6:2d:f6:c8:79
90:9a:4a:80:85:9e|990|0|0|0|0|0
ff:ff:ff:ff:ff:ff|0|3193|0|6|0|673
90:9a:4a:80:71:9a|1251|5|15|113|1434|13612
20:aa:4b:5b:e6:4b|247|0|7|66|787|1872
68:ff:7b:c5:ca:c9|776|0|1|0|78|0
44:46:87:a9:e4:4b|1|7|1|0|26|0
f4:f2:6d:90:44:3c|0|0|0|1|0|26
b4:e6:2d:f6:c8:79|0|1|0|5|0|549
10:fe:ed:dd:08:06|8|0|0|0|0|0
92:9e:9c:f0:73:c2|0|2|0|0|0|0
a0:2c:36:28:1e:19|0|26|0|0|0|0
e6:1d:78:73:e4:e3|0|0|66|0|1872|0
a4:50:46:4c:af:3b|0|0|91|5|11589|414
c0:06:c3:8f:c7:99|0|0|10|3|951|315
e4:5f:01:5c:9d:89|0|2|0|0|0|0
44:07:0b:89:e4:ab|11|0|0|0|0|0
44:07:0b:2f:49:8b|5|0|0|0|0|0
c0:06:c3:8f:c0:7b|4|10|9|2|994|156
28:6d:cd:09:2a:ea|1|2|3|0|78|0
56:f7:b0:2c:66:fc|3|8|0|0|0|0
ec:5c:68:84:b1:4b|3|24|0|0|0|0
3a:37:31:36:67:5d|1|6|0|0|0|0
d6:28:ca:68:04:02|0|3|0|0|0|0
1a:a5:c3:61:4f:b6|0|1|0|1|0|78
14:c1:4e:07:26:d2|2|0|0|0|0|0
a6:23:9c:e5:b4:cb|2|0|0|0|0|0
00:08:07:76:35:b7|0|2|0|0|0|0
54:60:09:e2:ee:aa|0|6|0|0|0|0
3c:8d:20:4f:d8:e9|6|0|0|0|0|0
1c:bf:ce:e3:fb:45|0|4|0|0|0|0
f4:f5:d8:8d:f2:58|1|0|0|0|0|0
9c:5a:81:3c:9b:3b|0|5|0|0|0|0
20:1f:3b:3a:bb:3d|6|0|0|0|0|0
44:07:0b:70:9e:93|1|0|0|0|0|0
fa:21:09:12:64:cc|0|1|0|0|0|0
c2:b1:ec:5d:31:9f|0|1|0|0|0|0
f0:ef:86:06:76:35|0|6|0|0|0|0
66:92:55:30:64:e0|0|1|0|0|0|0
ac:67:84:5b:07:e3|2|0|0|0|0|0
b8:27:eb:81:9a:d6|0|3|0|0|0|0
01:00:5e:00:00:fa|0|0|0|1|0|114
44:07:0b:6c:b6:e3|1|0|0|0|0|0
d6:9e:bf:4f:f7:8a|0|3|0|0|0|0
