36
b4:e6:2d:f6:c8:79
90:9a:4a:80:85:9e|843|0|3|9|234|216
ff:ff:ff:ff:ff:ff|0|3143|0|30|0|4605
20:aa:4b:5b:e6:4b|715|0|33|60|4909|1664
90:9a:4a:80:71:9a|1336|9|33|290|3804|139105
68:ff:7b:c5:ca:c9|473|0|0|0|0|0
b4:e6:2d:f6:c8:79|0|6|0|16|0|1981
28:6d:cd:09:2a:ea|0|0|40|10|8903|1164
9e:ab:89:2d:82:91|0|13|9|3|216|234
aa:2a:d4:3b:42:a2|0|1|0|0|0|0
44:07:0b:70:9e:93|11|60|0|0|0|0
80:91:33:25:67:05|0|90|0|0|0|0
e6:1d:78:73:e4:e3|0|0|60|0|1664|0
22:38:3f:67:46:e6|6|24|0|0|0|0
f4:f5:d8:84:58:92|0|1|0|0|0|0
01:00:5e:00:00:fa|0|0|0|2|0|228
f0:ef:86:06:76:35|0|11|0|0|0|0
c0:06:c3:8f:c7:99|3|6|6|1|399|78
e4:5f:01:5c:9d:89|0|3|0|0|0|0
5e:d2:44:17:05:af|0|2|0|0|0|0
66:c3:ff:ff:81:3a|0|1|0|0|0|0
c0:06:c3:8f:c0:7b|4|8|13|2|1657|156
46:50:05:10:2f:5e|0|2|0|0|0|0
da:25:54:8f:bf:19|0|1|0|0|0|0
44:07:0b:2f:49:8b|8|0|0|0|0|0
5c:5f:67:4a:d7:b0|1|0|0|0|0|0
20:1f:3b:3a:bb:3d|7|0|0|0|0|0
f4:f5:d8:8d:f2:58|6|7|0|0|0|0
a4:50:46:4c:af:3b|2|4|231|4|128146|425
44:07:0b:6c:b6:e3|5|0|0|0|0|0
da:30:0a:af:51:1b|3|17|0|0|0|0
1a:ae:2e:13:a7:df|0|1|0|0|0|0
38:f9:d3:b3:0c:da|1|0|0|0|0|0
54:60:09:e2:ee:aa|0|6|0|0|0|0
01:00:5e:00:00:01|0|0|0|1|0|76
da:a1:19:1e:be:4d|0|5|0|0|0|0
76:78:27:bc:20:c6|0|3|0|0|0|0
