34
b4:e6:2d:f6:c8:79
90:9a:4a:80:85:9e|908|0|5|8|396|192
ff:ff:ff:ff:ff:ff|0|3210|0|55|0|10654
68:ff:7b:c5:ca:c9|540|0|2|49|204|1176
90:9a:4a:80:71:9a|1215|5|83|92|19888|12569
20:aa:4b:5b:e6:4b|609|0|56|0|10768|0
b4:e6:2d:f6:c8:79|0|4|0|10|0|1179
c0:06:c3:8f:c7:99|0|0|7|12|477|1449
94:ee:9f:9f:fe:89|0|1|0|0|0|0
28:6d:cd:09:2a:ea|0|0|34|13|7403|1740
1a:a5:c3:61:4f:b6|0|0|49|2|1176|204
a4:50:46:4c:af:3b|0|0|40|35|3581|14024
06:e4:3e:2d:c3:92|0|3|0|0|0|0
54:60:09:e2:ee:aa|0|7|0|0|0|0
c0:06:c3:8f:c0:7b|5|10|11|13|1108|1496
20:1f:3b:3a:bb:3d|7|0|0|0|0|0
e4:5f:01:5c:9d:89|0|5|0|0|0|0
a6:dc:da:08:4d:e4|0|2|0|0|0|0
9e:ab:89:2d:82:91|0|0|8|4|192|312
14:f6:d8:d5:30:90|0|3|0|0|0|0
44:07:0b:70:9e:93|3|0|0|0|0|0
44:07:0b:2f:49:8b|11|0|0|0|0|0
b8:27:eb:81:9a:d6|0|8|0|0|0|0
00:08:07:76:35:b7|0|3|0|0|0|0
bc:54:2f:5e:b7:f3|2|11|0|0|0|0
01:00:5e:00:00:fa|0|0|0|1|0|114
34:c0:59:00:a0:8f|0|1|0|0|0|0
f0:f6:c1:d5:cb:42|0|17|0|0|0|0
56:68:61:2c:82:5b|0|4|0|0|0|0
f4:f5:d8:8d:f2:58|0|3|0|0|0|0
b8:27:eb:3b:22:38|0|2|0|0|0|0
a4:77:33:63:f5:7e|0|2|0|0|0|0
da:a1:19:ae:ae:ae|2|9|0|0|0|0
7c:2e:bd:f4:94:ee|8|0|0|0|0|0
01:00:5e:00:00:01|0|0|0|1|0|84
