50
b4:e6:2d:f6:c8:79
90:9a:4a:80:71:9a|1298|8|23|65|3347|8354
ff:ff:ff:ff:ff:ff|0|2982|0|38|0|6498
20:aa:4b:5b:e6:4b|610|0|35|0|6094|0
90:9a:4a:80:85:9e|765|19|68|394|21738|11944
04:6c:59:1b:72:04|6|17|0|3|0|234
9e:ab:89:2d:82:91|13|56|394|5|11944|422
68:ff:7b:c5:ca:c9|516|0|12|3|2355|72
b4:e6:2d:f6:c8:79|0|4|0|3|0|376
28:6d:cd:09:2a:ea|0|0|24|5|5314|1100
01:00:5e:00:00:fb|0|0|0|19|0|3330
9c:5a:81:3c:9b:3b|0|18|0|0|0|0
01:00:5e:7f:ff:fa|0|0|0|45|0|19287
a2:61:ae:fd:54:81|0|1|0|0|0|0
c0:06:c3:8f:c7:99|3|6|8|4|702|474
76:7a:b5:f9:89:e4|0|1|0|0|0|0
ec:5c:68:84:b1:4b|6|33|0|0|0|0
c0:06:c3:8f:c0:7b|4|8|10|8|1084|866
74:df:bf:45:ac:65|0|2|0|0|0|0
1c:bf:ce:e3:fb:45|0|1|0|0|0|0
20:f4:78:24:ce:e8|4|7|0|0|0|0
f4:f5:d8:8d:f2:58|1|7|0|0|0|0
12:e8:29:91:3d:5e|1|0|0|0|0|0
44:07:0b:2f:49:8b|5|0|0|0|0|0
a4:50:46:4c:af:3b|1|1|23|3|1254|531
88:3d:24:28:d1:80|1|0|0|0|0|0
44:07:0b:70:9e:93|7|0|0|0|0|0
50:e0:85:84:55:94|3|17|0|0|0|0
01:00:5e:00:00:16|0|0|0|2|0|184
94:ee:9f:9f:fe:89|0|1|0|0|0|0
a2:e0:6c:67:3c:21|0|6|0|0|0|0
7a:8e:eb:f9:44:c9|0|1|0|0|0|0
54:60:09:e2:ee:aa|0|4|0|0|0|0
e2:3a:e0:6c:a4:48|0|7|0|0|0|0
12:d6:f0:2c:d7:d9|1|1|0|0|0|0
08:9e:08:bc:6c:2b|0|1|0|0|0|0
58:ef:68:2a:26:ec|2|0|0|0|0|0
a0:78:17:a1:19:64|0|0|3|2|72|156
24:77:03:d4:12:38|0|8|0|0|0|0
3c:f0:11:75:f3:c3|0|1|0|0|0|0
01:00:5e:00:00:01|0|0|0|1|0|76
86:6b:34:d4:e0:f2|0|3|0|0|0|0
da:a1:19:5c:5c:5c|1|7|0|0|0|0
ae:e6:2a:85:7b:d7|0|1|0|0|0|0
00:08:07:76:35:b7|0|2|0|0|0|0
3e:9a:8d:c7:5b:61|0|1|0|0|0|0
e4:5f:01:5c:9d:89|0|2|0|0|0|0
74:70:fd:a3:b4:34|0|3|0|0|0|0
54:3a:d6:77:88:6e|2|8|0|0|0|0
96:d1:b1:fe:9a:d0|0|2|0|0|0|0
b6:85:92:1f:6e:40|0|3|0|0|0|0
