41
b4:e6:2d:f6:c8:79
90:9a:4a:80:85:9e|1016|11|60|257|18897|6168
ff:ff:ff:ff:ff:ff|0|2926|0|21|0|2774
01:00:5e:7f:ff:fa|0|0|0|39|0|16670
20:aa:4b:5b:e6:4b|371|0|23|14|5410|364
90:9a:4a:80:71:9a|1219|5|23|51|3440|7454
68:ff:7b:c5:ca:c9|422|0|32|813|5298|19512
24:77:03:d4:12:38|0|4|0|0|0|0
a0:78:17:a1:19:64|0|0|813|5|19512|465
28:6d:cd:09:2a:ea|0|0|27|8|5813|1110
b4:e6:2d:f6:c8:79|0|2|0|4|0|454
e6:1d:78:73:e4:e3|0|0|14|1|364|258
c0:06:c3:8f:c7:99|5|10|9|8|861|1110
c0:06:c3:8f:c0:7b|0|0|4|0|96|0
da:c7:14:94:b5:d2|0|3|0|0|0|0
a4:50:46:4c:af:3b|0|0|11|3|684|766
ec:5c:68:84:b1:4b|2|18|0|0|0|0
04:6c:59:1b:72:04|11|25|0|4|0|312
da:a1:19:04:04:04|0|2|0|0|0|0
74:df:bf:45:ac:65|0|1|0|0|0|0
50:e0:85:84:55:94|3|19|0|0|0|0
9e:ab:89:2d:82:91|0|5|257|5|6168|390
01:00:5e:00:00:fb|0|0|0|31|0|7709
