17
b4:e6:2d:f6:b6:a5
68:02:b8:1e:7f:1f|1283|3|47|2|10373|288
ff:ff:ff:ff:ff:ff|0|2350|0|4|0|604
6a:02:98:1e:7f:1f|1253|0|0|0|0|0
70:ee:50:73:4e:36|0|0|71|0|1832|0
b0:95:75:4b:b9:26|0|0|0|71|0|1832
b4:e6:2d:f6:b6:a5|0|2|0|3|0|390
a4:3e:a0:a4:2a:46|0|84|0|0|0|0
10:1c:0c:1a:10:10|8|64|2|10|288|2222
33:33:00:00:00:fb|0|0|0|13|0|3451
01:00:5e:00:00:fb|0|0|0|12|0|2898
33:33:00:00:00:16|0|0|0|1|0|144
01:00:5e:00:00:02|0|0|0|1|0|80
58:b1:0f:56:36:08|0|12|0|0|0|0
64:b3:10:aa:e3:3c|1|12|0|0|0|0
5a:52:a6:f1:ff:c1|0|12|0|0|0|0
6e:10:32:d4:c7:07|0|6|0|0|0|0
33:33:00:00:00:01|0|0|0|3|0|584
