34
b4:e6:2d:f6:c8:79
90:9a:4a:80:71:9a|1204|5|27|48|3103|7859
ff:ff:ff:ff:ff:ff|0|1837|0|7|0|998
9e:ab:89:2d:82:91|2|15|453|67|70652|35976
90:9a:4a:80:85:9e|433|2|68|453|36060|70652
28:6d:cd:09:2a:ea|0|0|26|4|5654|474
20:aa:4b:5b:e6:4b|230|0|8|0|1074|0
24:41:8c:45:80:6c|2|6|0|0|0|0
b4:e6:2d:f6:c8:79|0|2|0|4|0|454
68:ff:7b:c5:ca:c9|32|0|0|0|0|0
00:08:03:bf:74:c3|0|1|0|0|0|0
c0:06:c3:8f:c0:7b|5|10|13|8|1584|1317
c0:06:c3:8f:c7:99|0|0|5|11|309|858
44:07:0b:2f:49:8b|8|0|0|0|0|0
50:e0:85:84:55:94|2|10|0|0|0|0
a4:50:46:4c:af:3b|0|0|4|0|312|0
ec:5c:68:84:b1:4b|0|18|0|0|0|0
50:eb:71:d0:6d:35|1|5|0|0|0|0
06:2e:57:13:94:f3|0|3|0|0|0|0
74:eb:80:1d:42:94|5|3|0|0|0|0
54:2a:a2:73:c6:e9|4|3|0|0|0|0
1c:bf:ce:e3:fb:45|0|4|0|0|0|0
a2:7f:72:24:94:98|1|4|0|0|0|0
ea:89:49:1d:36:42|0|1|0|0|0|0
