38
b4:e6:2d:f6:b6:a5
68:02:b8:1e:7f:1f|1310|0|1359|9|332681|234
ff:ff:ff:ff:ff:ff|0|2351|0|341|0|54034
33:33:00:00:00:0c|0|0|0|73|0|27662
6a:02:98:1e:7f:1f|1310|0|0|0|0|0
01:00:5e:7f:ff:fa|0|0|0|165|0|63432
b4:e6:2d:f6:b6:a5|0|1|0|5|0|577
01:00:5e:00:00:16|0|0|0|19|0|1780
33:33:00:00:00:16|0|0|0|20|0|2580
33:33:ff:1e:b6:60|0|0|0|1|0|120
54:2a:a2:48:a3:f0|0|71|0|0|0|0
01:00:5e:00:00:fb|0|0|0|112|0|12908
33:33:00:00:00:fb|0|0|0|96|0|12669
33:33:00:01:00:03|0|0|0|51|0|6187
01:00:5e:00:00:fc|0|0|0|51|0|5167
33:33:ff:dc:c5:7c|0|0|0|38|0|4560
33:33:ff:3a:5c:d4|0|0|0|1|0|120
01:80:c2:00:00:0e|0|0|0|7|0|658
70:ee:50:73:4e:36|0|0|86|0|2230|0
b0:95:75:4b:b9:26|0|0|0|86|0|2230
a4:3e:a0:a4:2a:46|0|42|0|0|0|0
10:1c:0c:1a:10:10|3|0|0|0|0|0
f0:5c:77:1a:f1:64|0|6|0|0|0|0
de:ab:ba:1f:2c:b7|0|6|0|0|0|0
d0:fc:cc:40:1b:37|2|0|0|0|0|0
80:58:f8:93:88:29|0|36|9|379|234|140227
32:bb:27:49:04:cd|0|6|0|0|0|0
00:0c:e7:ab:07:1c|0|24|0|0|0|0
da:46:43:31:60:48|0|6|0|0|0|0
8e:37:a5:d8:b0:d2|0|6|0|0|0|0
7e:42:1b:bd:e9:0d|0|12|0|0|0|0
b6:0e:81:0a:ad:8d|0|12|0|0|0|0
64:b3:10:aa:e3:3c|0|12|0|0|0|0
76:ed:b0:25:95:02|0|6|0|0|0|0
66:15:a6:e8:5c:1c|0|6|0|0|0|0
4a:a9:d0:8c:eb:56|0|12|0|0|0|0
72:a8:35:16:96:9e|2|0|0|0|0|0
c8:66:5d:1f:4f:54|0|6|0|0|0|0
ea:e3:6c:4a:5b:ce|0|6|0|0|0|0
