30
b4:e6:2d:f6:b6:a5
d8:b6:b7:7a:3a:61|1227|0|9|30|296|840
ff:ff:ff:ff:ff:ff|0|3527|0|157|0|14664
68:02:b8:1e:7f:1f|1237|0|185|22|18055|728
6a:02:98:1e:7f:1f|1229|0|0|0|0|0
33:33:00:00:00:01|0|0|0|3|0|584
33:33:00:00:00:02|0|0|0|1|0|96
33:33:ff:1e:b6:60|0|0|0|1|0|112
70:ee:50:73:4e:36|0|0|12|0|312|0
b0:95:75:4b:b9:26|0|0|0|12|0|312
b4:e6:2d:f6:b6:a5|0|2|0|4|0|482
a2:f4:1d:db:0d:cd|0|9|0|0|0|0
a4:3e:a0:a4:2a:46|0|93|0|0|0|0
e6:35:23:4e:ab:99|0|0|8|2|200|52
dc:41:a9:b1:30:a0|0|6|0|0|0|0
78:9f:70:2b:86:c6|1|0|0|0|0|0
26:17:dc:59:74:f7|0|0|9|2|216|52
0e:26:0a:2f:38:6b|0|0|5|2|120|52
80:58:f8:93:88:29|5|24|22|11|728|1285
12:06:89:e9:e2:c3|2|0|0|0|0|0
64:b3:10:aa:e3:3c|0|5|0|0|0|0
00:1c:bf:52:98:29|0|15|0|0|0|0
bc:54:51:02:a4:f0|0|0|8|2|304|52
58:91:cf:92:95:be|0|6|0|0|0|0
