60
b4:e6:2d:f6:b6:a5
68:02:b8:1e:7f:1f|1351|0|165|0|28986|0
ff:ff:ff:ff:ff:ff|0|2498|0|125|0|11738
6a:02:98:1e:7f:1f|1349|0|0|0|0|0
02:aa:3f:a7:c9:b1|118|0|0|0|0|0
a4:3e:a0:a4:2a:46|0|138|0|0|0|0
02:aa:3f:a7:c9:b2|78|0|26|0|8402|0
52:4c:8e:1a:7b:66|0|1|0|0|0|0
b4:e6:2d:f6:b6:a5|0|2|0|5|0|577
d6:46:44:05:34:e8|2|10|0|0|0|0
22:9a:8b:59:ab:c6|2|0|0|0|0|0
54:2a:a2:48:a3:f0|0|96|0|0|0|0
00:1c:bf:52:98:29|0|6|0|0|0|0
82:00:af:76:40:c8|1|0|0|0|0|0
01:00:5e:00:00:fb|0|0|0|27|0|10151
33:33:00:00:00:01|0|0|0|4|0|816
00:f6:20:d0:d0:1d|0|3|0|0|0|0
b2:63:d0:cb:75:78|2|0|0|0|0|0
02:f9:fb:ac:78:79|4|20|0|0|0|0
ce:f5:8e:54:6f:6d|0|2|0|0|0|0
2a:30:4f:91:86:b4|0|3|0|0|0|0
08:26:97:ed:6e:d1|0|2|0|0|0|0
4a:ed:bc:c1:f1:c8|0|2|0|0|0|0
b6:27:3d:a6:3e:9f|0|3|0|0|0|0
10:1c:0c:1a:10:10|2|30|0|0|0|0
3a:ae:55:b1:bf:bc|0|3|0|0|0|0
ee:55:10:e5:55:61|0|1|0|0|0|0
33:33:00:00:00:0c|0|0|0|8|0|4590
8a:a3:59:c0:ba:f4|0|2|0|0|0|0
8a:66:8e:5b:03:eb|0|2|0|0|0|0
b6:95:39:4c:df:f1|0|1|0|0|0|0
b2:f8:ba:5a:b6:c5|0|1|0|0|0|0
6a:e5:8f:16:25:73|0|1|0|0|0|0
5c:f8:21:84:a4:31|0|6|0|0|0|0
a6:c2:b8:6b:af:eb|2|12|0|0|0|0
96:58:e5:20:2f:ca|0|1|0|0|0|0
96:a1:b2:d2:1c:66|0|1|0|0|0|0
c8:66:5d:1f:4f:54|0|6|0|0|0|0
42:b8:14:47:f8:4b|0|4|0|0|0|0
1a:b4:35:d1:c2:f8|0|2|0|0|0|0
33:33:00:00:00:16|0|0|0|1|0|124
02:92:86:34:67:71|0|1|0|0|0|0
ea:4e:9d:96:66:39|0|1|0|0|0|0
82:11:b6:94:b6:cc|0|2|0|0|0|0
01:00:5e:7f:ff:fa|0|0|0|17|0|9016
01:00:5e:00:00:16|0|0|0|4|0|376
7e:90:2f:cc:67:87|3|6|0|0|0|0
02:00:00:00:00:00|3|11|0|0|0|0
9e:9c:a0:2b:43:85|3|0|0|0|0|0
