36
b4:e6:2d:f6:b6:a5
68:02:b8:1e:7f:1f|1260|0|576|344|134330|9048
ff:ff:ff:ff:ff:ff|0|3528|0|157|0|43791
6a:02:98:1e:7f:1f|1259|0|0|0|0|0
4e:9b:05:55:9f:ce|2|22|344|393|9048|86649
d8:b6:b7:7a:3a:61|1332|0|10|48|376|1328
01:00:5e:00:00:16|0|0|0|6|0|536
da:a1:19:65:bb:81|14|36|0|0|0|0
d4:25:8b:33:b5:d5|0|7|0|0|0|0
b4:e6:2d:f6:b6:a5|0|1|0|5|0|574
a4:3e:a0:a4:2a:46|0|146|0|0|0|0
c8:66:5d:1f:4f:54|0|6|0|0|0|0
e6:35:23:4e:ab:99|0|0|10|2|300|52
70:ee:50:73:4e:36|0|0|34|0|884|0
b0:95:75:4b:b9:26|0|0|0|34|0|884
88:9f:6f:ab:69:ae|0|25|0|0|0|0
bc:54:51:02:a4:f0|0|0|16|2|500|52
f0:72:ea:da:42:c6|0|7|0|0|0|0
aa:79:da:3a:03:8b|0|5|0|0|0|0
0e:26:0a:2f:38:6b|0|0|12|2|288|52
26:17:dc:59:74:f7|0|0|10|2|240|52
01:00:5e:00:00:fb|0|0|0|8|0|1300
33:33:00:00:00:fb|0|0|0|4|0|832
62:61:ab:a0:40:83|0|8|0|0|0|0
84:16:f9:07:68:71|0|8|0|0|0|0
22:46:b6:f4:57:4d|0|13|0|0|0|0
00:1c:bf:52:98:29|0|7|0|0|0|0
33:33:00:00:00:16|0|0|0|1|0|144
33:33:00:00:00:01|0|0|0|3|0|584
1a:8d:29:1b:76:39|2|14|0|0|0|0
16:31:26:0d:98:45|0|1|0|0|0|0
be:93:2d:ec:a2:4d|0|7|0|0|0|0
01:00:5e:00:00:01|0|0|0|1|0|88
64:b3:10:aa:e3:3c|0|22|0|0|0|0
80:be:05:5f:13:d9|0|1|0|0|0|0
de:30:f5:2f:12:5f|0|1|0|0|0|0
ec:2e:98:f0:f5:27|0|4|0|0|0|0
