70
b4:e6:2d:f6:b6:a5
d8:b6:b7:7a:3a:61|1582|0|11|38|935|1138
ff:ff:ff:ff:ff:ff|0|3524|0|3|0|665
68:02:b8:1e:7f:1f|1312|0|16|0|2742|0
6a:02:98:1e:7f:1f|1308|0|0|0|0|0
70:ee:50:73:4e:36|0|0|48|0|1246|0
b0:95:75:4b:b9:26|0|0|0|48|0|1246
a4:3e:a0:a4:2a:46|0|109|0|0|0|0
bc:54:51:02:a4:f0|0|0|20|1|700|26
80:58:f8:93:88:29|5|19|0|0|0|0
0a:b3:27:df:7e:9d|0|8|0|0|0|0
5e:84:1c:05:e1:76|0|7|0|0|0|0
da:a1:19:3a:2f:5a|0|14|0|0|0|0
d6:bf:0f:fe:1d:f2|0|7|0|0|0|0
2a:53:b5:af:5e:07|0|7|0|0|0|0
02:00:00:00:00:00|2|7|0|0|0|0
e2:99:62:95:fc:4e|0|7|0|0|0|0
8a:92:b6:5f:08:a6|0|7|0|0|0|0
d8:8c:79:90:f4:9b|0|7|0|0|0|0
92:e2:c5:f0:a5:50|0|7|0|0|0|0
de:57:d2:be:e6:ee|0|7|0|0|0|0
ee:1a:aa:6d:d4:e6|0|13|0|0|0|0
e6:35:23:4e:ab:99|0|0|15|2|366|52
b4:e6:2d:f6:b6:a5|0|2|0|5|0|574
01:00:5e:00:00:fb|0|0|0|4|0|752
33:33:00:00:00:fb|0|0|0|4|0|832
f0:5c:77:1a:f1:64|0|7|0|0|0|0
26:17:dc:59:74:f7|0|0|2|2|48|52
3a:95:e2:8b:6a:c8|0|10|0|0|0|0
01:00:5e:00:00:01|0|0|0|1|0|88
96:1c:b4:6f:25:50|0|7|0|0|0|0
c6:93:8a:d2:17:71|0|6|0|0|0|0
2a:a8:21:c2:3a:dc|0|7|0|0|0|0
36:24:37:9f:d1:3f|0|20|0|0|0|0
82:54:8f:fb:dc:0a|0|7|0|0|0|0
16:ab:d7:75:97:88|0|7|0|0|0|0
0e:26:0a:2f:38:6b|0|0|1|2|24|52
be:00:4c:7a:bc:00|0|14|0|0|0|0
b6:90:f4:a8:10:b0|0|2|0|0|0|0
ba:8c:a8:3c:2c:9d|0|8|0|0|0|0
0a:c4:0c:54:a2:b1|0|14|0|0|0|0
f6:e2:cb:30:bd:e1|0|7|0|0|0|0
2a:a8:8b:0f:72:10|0|98|0|0|0|0
da:09:f2:8c:ad:50|0|13|0|0|0|0
3a:3f:36:11:97:59|2|0|0|0|0|0
da:a4:d8:87:3f:6f|0|7|0|0|0|0
3e:7f:a5:96:57:4f|1|0|0|0|0|0
5e:c9:6b:9e:c5:73|0|7|0|0|0|0
