35
b4:e6:2d:f6:b6:a5
d8:b6:b7:7a:3a:61|1072|0|7|48|244|1384
ff:ff:ff:ff:ff:ff|0|3174|0|260|0|53840
68:02:b8:1e:7f:1f|1254|0|278|0|56617|0
6a:02:98:1e:7f:1f|1253|0|0|0|0|0
b4:e6:2d:f6:b6:a5|0|2|0|5|0|577
e6:35:23:4e:ab:99|0|0|16|1|392|26
cc:88:26:36:b9:a7|2|17|0|0|0|0
26:17:dc:59:74:f7|0|0|11|1|264|26
a4:3e:a0:a4:2a:46|0|145|0|0|0|0
bc:54:51:02:a4:f0|0|0|20|2|704|52
da:0a:3d:e8:d9:87|0|7|0|0|0|0
01:00:5e:00:00:01|0|0|0|1|0|88
0c:cb:85:ac:77:55|0|7|0|0|0|0
f0:72:ea:da:42:c6|0|21|0|0|0|0
4a:d5:89:6c:00:54|0|8|0|0|0|0
0e:26:0a:2f:38:6b|0|0|1|2|24|52
33:33:00:00:00:16|0|0|0|2|0|248
01:00:5e:00:00:fb|0|0|0|3|0|564
33:33:00:00:00:fb|0|0|0|3|0|624
01:00:5e:00:00:16|0|0|0|2|0|180
0c:54:15:5d:f1:f6|0|15|0|0|0|0
9c:5d:12:d7:43:d4|0|7|0|0|0|0
b6:40:b1:5b:e7:2f|0|7|0|0|0|0
