26
b4:e6:2d:f6:b6:a5
68:02:b8:1e:7f:1f|1295|0|443|0|162004|0
ff:ff:ff:ff:ff:ff|0|2364|0|290|0|56513
6a:02:98:1e:7f:1f|1274|0|0|0|0|0
7a:11:f8:97:67:f7|8|0|0|0|0|0
54:2a:a2:48:a3:f0|0|103|0|0|0|0
b4:e6:2d:f6:b6:a5|0|1|0|4|0|482
44:fe:3b:06:5c:71|8|0|0|0|0|0
f0:5c:77:1a:f1:64|0|1|0|0|0|0
a4:3e:a0:a4:2a:46|0|51|0|0|0|0
10:1c:0c:1a:10:10|3|24|0|0|0|0
01:00:5e:00:00:16|0|0|0|2|0|180
f0:72:ea:da:42:c6|0|6|0|0|0|0
dc:41:a9:b1:30:a0|0|18|0|143|0|103829
c6:1a:f6:d3:e9:5f|0|1|0|0|0|0
70:ee:50:73:4e:36|0|0|78|0|2028|0
b0:95:75:4b:b9:26|0|0|0|78|0|2028
c6:1f:54:d5:c8:39|0|6|0|0|0|0
56:0f:15:35:85:c7|5|0|0|0|0|0
0c:2f:b0:95:be:1c|2|0|0|0|0|0
4e:99:41:86:95:1f|2|0|0|0|0|0
a6:2e:cc:37:20:65|1|6|0|0|0|0
02:00:00:00:00:00|0|6|0|0|0|0
84:16:f9:07:68:71|0|6|0|0|0|0
12:3c:b7:cd:3b:68|1|0|0|0|0|0
d8:8c:79:90:f4:9b|0|6|0|0|0|0
01:00:5e:7f:ff:fa|0|0|0|4|0|1000
