49
b4:e6:2d:f6:c8:79
90:9a:4a:80:85:9e|959|0|0|0|0|0
ff:ff:ff:ff:ff:ff|0|2843|0|1|0|76
90:9a:4a:80:71:9a|1271|5|9|30|1392|2670
68:ff:7b:c5:ca:c9|700|0|2|0|162|0
b4:e6:2d:f6:c8:79|0|4|0|4|0|454
e6:1d:78:73:e4:e3|0|0|121|0|3198|0
20:aa:4b:5b:e6:4b|5|0|1|121|76|3198
44:07:0b:60:bf:75|1|0|0|0|0|0
20:1f:3b:3a:bb:3d|7|0|0|0|0|0
44:07:0b:2f:49:8b|4|0|0|0|0|0
c0:06:c3:8f:c7:99|0|0|6|2|387|156
a0:2c:36:28:1e:19|0|28|0|0|0|0
44:07:0b:70:9e:93|7|0|0|0|0|0
da:b6:64:98:b2:f9|0|1|0|0|0|0
a4:50:46:4c:af:3b|0|0|10|1|1097|626
ec:5c:68:84:b1:4b|4|21|0|0|0|0
b8:27:eb:81:9a:d6|0|3|0|0|0|0
be:cd:fc:e6:7a:e4|1|0|0|0|0|0
c0:06:c3:8f:c0:7b|4|8|11|2|1108|156
6a:87:12:cc:64:1b|1|0|0|0|0|0
da:a1:19:78:4b:35|0|1|0|0|0|0
32:21:c3:83:6f:ac|1|4|0|0|0|0
28:6d:cd:09:2a:ea|1|3|3|0|78|0
86:c4:72:a5:db:e2|0|3|0|0|0|0
10:fe:ed:dd:08:06|4|0|0|0|0|0
54:60:09:e2:ee:aa|0|13|0|0|0|0
f4:f5:d8:8d:f2:58|3|3|0|0|0|0
44:07:0b:6c:b6:e3|7|0|0|0|0|0
ca:d6:7b:24:a3:f4|0|1|0|0|0|0
e2:91:b0:a7:87:48|3|5|0|0|0|0
0a:e8:ca:89:ef:fd|0|2|0|0|0|0
c0:87:eb:8e:48:ef|0|3|0|0|0|0
3c:8d:20:4f:d8:e9|4|0|0|0|0|0
f6:1e:b1:0b:3f:44|1|10|0|0|0|0
96:a9:e1:3c:4c:c4|1|3|0|0|0|0
22:57:62:40:23:85|0|3|0|0|0|0
e2:8a:1f:75:1f:e4|0|3|0|0|0|0
66:c6:4d:0b:e5:5a|1|6|0|0|0|0
72:2e:6d:2b:ea:44|3|0|0|0|0|0
1a:a5:c3:61:4f:b6|0|1|0|1|0|78
4a:a2:72:ea:4c:99|1|7|0|0|0|0
01:00:5e:00:00:01|0|0|0|1|0|84
da:a1:19:5d:16:8b|0|3|0|0|0|0
ca:d5:66:b7:d8:ba|1|2|0|0|0|0
2a:92:8b:af:43:09|0|1|0|0|0|0
a4:77:33:63:f5:7e|0|2|0|0|0|0
f2:a2:9b:51:74:52|0|0|1|0|24|0
0c:80:63:47:1f:23|0|0|0|1|0|24
f0:ef:86:21:66:5f|0|3|0|0|0|0
