55
b4:e6:2d:f6:b6:a5
68:02:b8:1e:7f:1f|934|0|249|0|48813|0
ff:ff:ff:ff:ff:ff|0|2971|0|238|0|48332
6a:02:98:1e:7f:1f|944|0|0|0|0|0
70:2e:22:8d:72:74|576|4|15|0|6549|0
5c:f8:21:84:a4:31|0|74|0|0|0|0
0e:54:a5:02:31:6e|68|0|0|0|0|0
b0:c2:87:78:a6:a2|172|0|14|0|4547|0
54:be:f7:19:78:e1|253|0|12|0|4086|0
b4:e6:2d:f6:b6:a5|0|2|0|6|0|669
b2:c2:87:78:a6:a3|173|0|0|0|0|0
0c:54:a5:02:31:6d|192|0|6|0|2412|0
e6:82:47:3b:2a:5a|0|1|0|0|0|0
b4:fb:e3:fc:1e:95|0|82|0|0|0|0
62:45:b6:2c:e3:29|0|2|0|0|0|0
92:5c:14:cf:f6:c9|34|0|0|0|0|0
aa:5a:6a:9f:db:02|0|4|0|0|0|0
01:00:5e:7f:ff:fa|0|0|0|35|0|15042
6a:20:b3:65:19:1c|0|1|0|0|0|0
c8:66:5d:1f:4f:54|0|4|0|0|0|0
00:0c:43:18:8e:7b|4|28|0|0|0|0
a4:3e:a0:a4:2a:46|1|44|0|0|0|0
33:33:00:00:00:01|0|0|0|3|0|584
4e:9b:05:55:9f:ce|9|42|0|0|0|0
9e:17:ab:c4:fc:9b|1|2|0|0|0|0
90:5c:44:cf:f6:c9|12|0|0|0|0|0
01:00:5e:00:00:fb|0|0|0|3|0|564
33:33:00:00:00:16|0|0|0|2|0|248
01:00:5e:00:00:16|0|0|0|3|0|268
01:80:c2:00:00:0e|0|0|0|1|0|94
33:33:00:00:00:fb|0|0|0|2|0|416
64:b3:10:aa:e3:3c|0|6|0|0|0|0
fe:49:cf:45:30:37|0|9|0|0|0|0
4e:75:6b:75:ba:3d|2|1|0|0|0|0
10:1c:0c:1a:10:10|2|26|0|0|0|0
01:00:5e:00:00:01|0|0|0|2|0|164
00:23:12:25:4e:12|0|2|0|0|0|0
6e:b5:9c:64:19:25|0|2|0|0|0|0
4e:db:3f:32:a9:6d|0|7|0|0|0|0
e0:76:d0:78:7a:16|0|1|0|0|0|0
f0:72:ea:da:42:c6|0|3|0|0|0|0
22:4d:f7:a9:b0:a8|1|8|0|0|0|0
84:16:f9:07:68:71|0|3|0|0|0|0
5c:f5:da:b6:d8:02|0|4|0|1|0|26
0e:94:7f:fb:0d:a7|0|4|0|0|0|0
6e:8b:55:06:47:ae|0|8|0|0|0|0
86:d8:2f:68:67:c3|0|7|0|0|0|0
ac:67:84:9f:f1:e2|0|4|0|0|0|0
22:ea:ff:36:70:6b|0|2|0|0|0|0
56:79:02:f5:e3:da|1|6|0|0|0|0
96:f5:4a:ba:42:86|0|1|0|0|0|0
f0:5c:77:1a:f1:64|0|6|0|0|0|0
6c:ff:ce:e2:ae:86|0|1|0|0|0|0
da:68:31:1b:a3:6a|0|2|0|0|0|0
22:14:64:97:5b:58|0|2|0|0|0|0
62:2c:2e:fd:7c:b1|0|3|0|0|0|0
