27
b4:e6:2d:f6:c8:79
20:aa:4b:5b:e6:4b|439|0|62|0|21334|0
ff:ff:ff:ff:ff:ff|0|3045|0|22|0|3613
90:9a:4a:80:85:9e|1137|0|0|0|0|0
90:9a:4a:80:71:9a|1278|13|61|85|7875|9130
68:ff:7b:c5:ca:c9|317|0|5|47|390|1128
b4:e6:2d:f6:c8:79|0|3|0|3|0|376
1a:a5:c3:61:4f:b6|0|23|0|1|0|78
a0:78:17:a1:19:64|0|0|47|4|1128|312
ec:5c:68:84:b1:4b|0|18|0|0|0|0
c0:06:c3:8f:c7:99|4|8|9|4|726|474
28:6d:cd:09:2a:ea|0|0|15|10|3246|1428
50:e0:85:84:55:94|20|85|0|0|0|0
01:00:5e:00:00:01|0|0|0|1|0|76
e6:1d:78:73:e4:e3|0|0|0|39|0|17645
3c:8d:20:4f:d8:e9|1|0|0|0|0|0
a4:50:46:4c:af:3b|4|5|48|35|3306|4105
c0:06:c3:8f:c0:7b|5|10|13|9|1852|1492
44:07:0b:2f:49:8b|8|0|0|0|0|0
14:f6:d8:d4:ba:48|0|1|0|0|0|0
f0:ef:86:06:76:35|0|1|0|0|0|0
f4:f5:d8:8d:f2:58|0|7|0|0|0|0
54:60:09:e2:ee:aa|0|3|0|0|0|0
34:cf:f6:83:7c:87|1|0|0|0|0|0
52:6b:03:15:2f:e7|2|0|0|0|0|0
b8:27:eb:81:9a:d6|0|3|0|0|0|0
44:07:0b:89:e4:ab|8|0|0|0|0|0
44:07:0b:6c:b6:e3|1|0|0|0|0|0
