27
b4:e6:2d:f6:b6:a5
68:02:b8:1e:7f:1f|1238|0|265|0|54473|0
ff:ff:ff:ff:ff:ff|0|3377|0|259|0|53487
6a:02:98:1e:7f:1f|1234|0|0|0|0|0
d8:b6:b7:7a:3a:61|1152|0|11|219|1355|6383
3e:20:48:e8:0f:cb|0|0|162|1|4784|26
e6:35:23:4e:ab:99|0|0|13|1|374|26
b4:e6:2d:f6:b6:a5|0|2|0|4|0|482
26:17:dc:59:74:f7|0|0|19|0|456|0
cc:88:26:36:b9:a7|13|13|0|0|0|0
bc:54:51:02:a4:f0|0|0|25|3|769|446
0e:26:0a:2f:38:6b|0|0|0|2|0|52
a4:3e:a0:a4:2a:46|0|113|0|0|0|0
0c:54:15:5d:f1:f6|0|10|0|0|0|0
86:c8:39:18:3f:c2|2|14|0|0|0|0
64:b3:10:aa:e3:3c|0|13|0|0|0|0
aa:45:6a:66:a6:f9|0|8|0|0|0|0
d8:8c:79:90:f4:9b|0|6|0|0|0|0
d0:7f:a0:6c:72:79|0|7|0|0|0|0
01:00:5e:00:00:fb|0|0|0|1|0|217
16:a0:34:68:e7:66|0|18|0|0|0|0
26:6f:1d:c2:e2:46|0|18|0|0|0|0
33:33:00:00:00:01|0|0|0|3|0|584
01:00:5e:7f:ff:fa|0|0|0|2|0|508
2e:3a:4d:26:c0:6b|0|14|0|0|0|0
c8:66:5d:1f:4f:54|0|13|0|0|0|0
84:16:f9:07:68:71|0|6|0|0|0|0
58:91:cf:92:95:e6|0|7|0|0|0|0
