23
b4:e6:2d:f6:b6:a5
68:02:b8:1e:7f:1f|1231|0|6|0|974|0
ff:ff:ff:ff:ff:ff|0|3392|0|0|0|0
6a:02:98:1e:7f:1f|1232|0|0|0|0|0
d8:b6:b7:7a:3a:61|1092|0|1|19|210|464
b4:e6:2d:f6:b6:a5|0|1|0|3|0|390
c8:66:5d:1f:4f:54|0|18|0|0|0|0
26:17:dc:59:74:f7|0|0|11|0|264|0
bc:54:51:02:a4:f0|0|0|0|1|0|210
70:ee:50:73:4e:36|0|0|27|0|698|0
b0:95:75:4b:b9:26|0|0|0|27|0|698
a4:3e:a0:a4:2a:46|0|76|0|0|0|0
33:33:00:00:00:01|0|0|0|3|0|584
72:ee:b6:99:9c:8d|0|7|0|0|0|0
e6:35:23:4e:ab:99|0|0|8|0|200|0
f0:72:ea:da:42:c6|0|3|0|0|0|0
5c:f5:da:b6:d8:02|0|4|0|0|0|0
e2:06:1c:6b:b2:12|0|6|0|0|0|0
0c:54:15:5d:f1:f6|0|2|0|0|0|0
9c:5d:12:d7:43:d4|0|6|0|0|0|0
f2:ec:d7:a0:a5:4c|0|2|0|0|0|0
64:b3:10:aa:e3:3c|0|12|0|0|0|0
26:46:c8:50:14:c1|0|7|0|0|0|0
00:0c:e7:3e:50:b4|0|19|0|0|0|0
