46
b4:e6:2d:f6:c8:79
68:ff:7b:c5:ca:c9|190|0|0|0|0|0
ff:ff:ff:ff:ff:ff|0|2748|0|14|0|2265
90:9a:4a:80:71:9a|1229|8|143|202|45313|64090
90:9a:4a:80:85:9e|1209|18|6|150|468|3824
b4:e6:2d:f6:c8:79|0|3|0|3|0|376
20:aa:4b:5b:e6:4b|239|0|16|0|2461|0
04:6c:59:1b:72:04|20|52|112|4|2912|312
fa:ad:a7:96:fe:4f|2|3|0|0|0|0
9e:ab:89:2d:82:91|1|1|38|2|912|156
7a:7e:45:c0:f8:b9|1|2|0|0|0|0
6a:5e:8f:74:c6:2b|0|3|0|0|0|0
88:46:04:54:9c:ea|0|3|0|0|0|0
50:e0:85:84:55:94|3|11|0|0|0|0
c0:06:c3:8f:c0:7b|4|8|13|10|1318|1119
32:88:cc:ff:78:4f|0|1|0|0|0|0
62:83:81:ce:ad:68|2|3|0|0|0|0
20:1f:3b:3a:bb:3d|4|0|0|0|0|0
52:17:64:83:6f:d1|1|3|0|0|0|0
da:65:41:da:2b:17|1|1|0|0|0|0
fe:ca:c6:ff:f8:e3|0|3|0|0|0|0
f6:40:de:d5:22:b6|0|3|0|0|0|0
d6:71:da:81:c6:84|0|3|0|0|0|0
44:07:0b:2f:49:8b|9|0|0|0|0|0
ae:ef:f5:1c:31:b7|0|4|0|0|0|0
0a:1d:cd:60:21:a3|0|1|0|0|0|0
36:17:35:f6:94:2b|0|3|0|0|0|0
c0:06:c3:8f:c7:99|0|0|7|2|558|237
a4:50:46:4c:af:3b|3|9|180|128|62162|43581
02:00:00:00:00:00|1|0|0|0|0|0
10:fe:ed:dd:08:06|5|0|0|0|0|0
28:6d:cd:09:2a:ea|1|3|2|0|52|0
f6:dd:d9:9a:c0:13|0|2|0|0|0|0
88:46:04:50:5c:49|0|3|0|0|0|0
32:04:c2:8c:b5:fb|0|3|0|0|0|0
20:f4:78:24:ce:e8|2|3|0|0|0|0
01:00:5e:00:00:01|0|0|0|1|0|76
ea:99:b8:17:53:88|0|1|0|0|0|0
00:08:07:76:35:b7|0|2|0|0|0|0
26:4b:f5:19:a0:99|0|1|0|0|0|0
bc:54:2f:5e:b7:f3|1|1|0|0|0|0
b8:27:eb:81:9a:d6|0|2|0|0|0|0
33:33:00:00:00:01|0|0|0|1|0|120
44:07:0b:70:9e:93|2|0|0|0|0|0
46:3b:78:62:ec:7e|0|9|0|0|0|0
aa:fd:49:b5:a9:c3|0|1|0|0|0|0
f4:f5:d8:8d:f2:58|0|5|0|0|0|0
