33
b4:e6:2d:f6:c8:79
90:9a:4a:80:85:9e|1185|4|7004|21|4495319|2626
9e:ab:89:2d:82:91|4|112|21|7003|2626|4495235
90:9a:4a:80:71:9a|1224|18|18|161|3662|14374
ff:ff:ff:ff:ff:ff|0|2272|0|2|0|152
c0:06:c3:8f:c0:7b|6|14|13|6|1626|1125
a4:50:46:4c:af:3b|15|18|128|5|11224|1832
e6:1d:78:73:e4:e3|0|1|26|0|728|0
20:aa:4b:5b:e6:4b|34|0|2|26|152|728
b4:e6:2d:f6:c8:79|0|2|0|5|0|549
7e:67:29:92:a8:b2|0|0|3|0|72|0
30:5a:3a:60:73:c8|0|0|0|3|0|72
68:ff:7b:c5:ca:c9|49|0|0|0|0|0
cc:f4:11:a1:a0:2c|0|10|0|0|0|0
54:2a:a2:73:c6:e9|0|12|0|0|0|0
28:6d:cd:09:2a:ea|1|3|3|0|78|0
c0:06:c3:8f:c7:99|0|0|17|2|1446|156
84:cf:bf:8f:18:40|2|12|0|0|0|0
44:07:0b:2f:49:8b|3|0|0|0|0|0
ae:3e:d4:68:96:0e|1|9|0|0|0|0
01:00:5e:00:00:01|0|0|0|1|0|84
22:a9:51:bc:c2:b1|0|3|0|0|0|0
54:60:09:e2:ee:aa|0|1|0|0|0|0
