50
b4:e6:2d:f6:c8:79
90:9a:4a:80:85:9e|1200|2|9562|119|13944585|4272
ff:ff:ff:ff:ff:ff|0|2889|0|78|0|8590
90:9a:4a:80:71:9a|1201|2|11|26|1539|1831
e6:1d:78:73:e4:e3|0|0|61|0|1638|0
20:aa:4b:5b:e6:4b|495|0|36|61|5525|1638
44:07:0b:2f:49:8b|11|0|0|0|0|0
f0:ef:86:05:a3:fa|0|8|0|0|0|0
9e:ab:89:2d:82:91|2|20|119|9459|4272|13914574
84:4b:f5:19:a0:99|0|2|0|0|0|0
a2:e0:6c:67:3c:21|2|14|0|0|0|0
b4:e6:2d:f6:c8:79|0|2|0|4|0|557
28:6d:cd:09:2a:ea|1|2|4|1|225|181
01:00:5e:7f:ff:fa|0|0|0|56|0|26431
a4:50:46:4c:af:3b|0|0|10|2|693|283
a6:23:9c:e5:b4:cb|3|5|0|0|0|0
68:ff:7b:c5:ca:c9|98|0|0|0|0|0
01:00:5e:00:00:fa|0|0|0|1|0|114
c0:06:c3:8f:c0:7b|1|2|4|1|221|181
da:a1:19:a3:a3:a3|0|4|0|0|0|0
e4:5f:01:5c:9d:89|0|2|0|0|0|0
f0:f6:c1:d5:cb:42|0|7|0|0|0|0
c0:06:c3:8f:c7:99|0|0|8|3|692|337
6a:7d:53:e8:60:be|0|1|0|0|0|0
ea:7c:eb:25:e0:e9|1|0|0|0|0|0
c4:12:f5:d1:17:6c|0|1|0|20|0|480
01:00:5e:00:00:fb|0|0|0|1|0|121
54:60:09:e2:ee:aa|0|4|0|0|0|0
bc:54:2f:5e:b7:f3|0|5|0|0|0|0
c6:1a:d9:6c:c4:06|0|1|0|0|0|0
00:08:07:76:35:b7|0|1|0|0|0|0
f4:f5:d8:8d:f2:58|0|6|0|0|0|0
08:9e:08:bc:6c:2b|0|2|0|0|0|0
96:c1:3a:b9:9b:9d|0|1|0|0|0|0
9e:9c:72:0c:ed:ba|0|1|0|0|0|0
ea:50:88:78:c2:5a|0|1|0|0|0|0
74:eb:80:1d:42:94|0|3|0|0|0|0
b8:27:eb:81:9a:d6|0|5|0|0|0|0
44:07:0b:70:9e:93|2|0|0|0|0|0
33:33:00:00:00:01|0|0|0|1|0|120
fe:07:a9:6d:8e:0b|0|1|0|0|0|0
46:3b:78:62:ec:7e|0|10|20|0|480|0
34:c0:59:00:a0:8f|2|0|0|0|0|0
00:08:10:80:dc:7a|0|2|0|0|0|0
58:ef:68:2a:26:ec|2|0|0|0|0|0
c0:87:eb:8e:48:ef|0|3|0|0|0|0
f4:f5:d8:84:58:92|0|1|0|0|0|0
