31
b4:e6:2d:f6:b6:a5
68:02:b8:1e:7f:1f|1321|0|387|0|93262|0
ff:ff:ff:ff:ff:ff|0|2522|0|308|0|59076
6a:02:98:1e:7f:1f|1319|0|0|0|0|0
02:aa:3f:a7:c9:b1|92|0|0|0|0|0
02:aa:3f:a7:c9:b2|97|0|13|0|4848|0
9c:32:ce:15:f6:3e|0|0|20|0|520|0
68:02:b8:2e:8d:67|0|0|0|20|0|520
b4:e6:2d:f6:b6:a5|0|2|0|3|0|390
d2:fc:16:01:69:7f|2|12|0|0|0|0
01:00:5e:7f:ff:fa|0|0|0|68|0|33554
01:00:5e:00:00:fb|0|0|0|7|0|1772
33:33:00:00:00:fb|0|0|0|4|0|1104
33:33:00:00:00:16|0|0|0|2|0|248
01:00:5e:00:00:16|0|0|0|2|0|180
c8:66:5d:1f:4f:54|0|18|0|0|0|0
a4:3e:a0:a4:2a:46|0|108|0|0|0|0
54:2a:a2:48:a3:f0|0|96|0|0|0|0
5c:f8:21:84:a4:31|0|5|0|0|0|0
ee:d7:ae:8e:a5:d6|0|2|0|0|0|0
46:3a:3f:86:53:dc|0|3|0|0|0|0
72:79:7a:45:d9:f9|0|1|0|0|0|0
e4:5f:01:7e:fb:99|0|4|0|0|0|0
64:b3:10:aa:e3:3c|0|12|0|0|0|0
