20
b4:e6:2d:f6:b6:a5
68:02:b8:1e:7f:1f|1394|0|742|0|160354|0
ff:ff:ff:ff:ff:ff|0|2346|0|349|0|63885
6a:02:98:1e:7f:1f|1374|0|0|0|0|0
01:00:5e:7f:ff:fa|0|0|0|78|0|45968
b4:e6:2d:f6:b6:a5|0|1|0|5|0|577
be:e6:2b:23:5b:5b|1|6|0|0|0|0
10:1c:0c:1a:10:10|3|48|0|0|0|0
a4:3e:a0:a4:2a:46|0|114|0|0|0|0
8e:ce:84:5f:9c:42|6|66|0|0|0|0
c8:66:5d:1f:4f:54|0|12|0|0|0|0
f8:77:b8:53:10:e8|12|143|0|0|0|0
1a:87:40:ab:09:1a|0|42|0|0|0|0
33:33:00:00:00:0c|0|0|0|12|0|15348
01:00:5e:00:00:fb|0|0|0|97|0|10532
33:33:00:00:00:fb|0|0|0|100|0|12844
33:33:00:01:00:03|0|0|0|48|0|5664
01:00:5e:00:00:fc|0|0|0|48|0|4704
33:33:00:00:00:16|0|0|0|2|0|248
64:b3:10:aa:e3:3c|0|12|0|0|0|0
33:33:00:00:00:01|0|0|0|3|0|584
