47
b4:e6:2d:f6:c8:79
90:9a:4a:80:71:9a|1255|13|52|50|6276|7280
ff:ff:ff:ff:ff:ff|0|2397|0|1|0|76
90:9a:4a:80:85:9e|1133|0|0|0|0|0
68:ff:7b:c5:ca:c9|84|0|0|0|0|0
b4:e6:2d:f6:c8:79|0|1|0|8|0|1006
28:6d:cd:09:2a:ea|0|0|25|9|5574|1071
f0:72:ea:ef:27:ca|5|3|0|0|0|0
a4:50:46:4c:af:3b|0|0|8|4|416|504
3c:22:fb:60:87:53|0|8|0|0|0|0
da:a1:19:c1:be:ff|1|3|0|0|0|0
6e:43:ad:04:1a:c2|0|0|5|0|120|0
2c:fd:a1:0b:1d:b8|0|0|0|5|0|120
c0:06:c3:8f:c0:7b|8|17|7|15|408|1676
c0:06:c3:8f:c7:99|5|10|10|16|882|2019
92:5e:43:0f:c9:3c|2|0|0|0|0|0
e6:1d:78:73:e4:e3|0|0|8|1|208|102
20:aa:4b:5b:e6:4b|7|0|3|8|380|208
4a:7c:e3:27:a9:6b|1|0|11|0|264|0
58:ef:68:2a:26:ec|0|0|0|11|0|264
20:1f:3b:3a:bb:3d|3|0|0|0|0|0
48:5a:b6:22:0c:7e|4|4|0|0|0|0
24:77:03:d4:12:38|1|6|0|0|0|0
74:df:bf:45:ac:65|0|1|0|0|0|0
b8:27:eb:81:9a:d6|2|0|0|0|0|0
d6:68:81:85:17:18|0|1|0|0|0|0
01:00:5e:00:00:fb|0|0|0|1|0|202
f0:f6:c1:d5:cb:42|0|3|0|0|0|0
04:ea:56:43:69:3f|1|0|0|0|0|0
f2:b2:80:0a:ea:79|3|4|0|0|0|0
12:2d:57:bd:86:1c|1|3|0|0|0|0
f4:f5:d8:8d:f2:58|1|3|0|0|0|0
d6:e1:d7:94:2f:31|0|3|0|0|0|0
52:68:e7:6f:7d:a9|0|6|0|0|0|0
fe:98:10:d9:c4:1f|0|3|0|0|0|0
0e:8c:c1:32:7c:5c|0|3|0|0|0|0
da:a1:19:14:14:14|0|3|0|0|0|0
ac:d1:b8:8d:4b:a1|0|1|0|0|0|0
08:9e:08:bc:6c:2b|0|1|0|0|0|0
1a:13:d5:2d:2d:13|0|3|0|0|0|0
12:b7:81:74:07:a4|1|3|0|0|0|0
e6:83:43:72:d9:e6|0|3|0|0|0|0
54:60:09:01:a1:78|0|5|0|0|0|0
a2:1d:23:7b:78:20|0|4|0|0|0|0
80:45:dd:a7:9e:f5|1|0|0|0|0|0
26:2d:d2:de:56:b8|0|7|0|0|0|0
7c:2e:bd:f4:94:ee|5|0|0|0|0|0
0a:af:e9:5f:7c:36|1|3|0|0|0|0
