59
b4:e6:2d:f6:c8:79
20:aa:4b:5b:e6:4b|659|0|43|0|8451|0
ff:ff:ff:ff:ff:ff|0|3474|0|50|0|9715
90:9a:4a:80:85:9e|1139|12|82|855|24631|20794
90:9a:4a:80:71:9a|1360|3|17|35|1904|5494
a4:50:46:4c:af:3b|1|1|9|6|682|644
68:ff:7b:c5:ca:c9|587|0|0|0|0|0
28:6d:cd:09:2a:ea|0|0|19|4|4590|474
04:6c:59:1b:72:04|10|23|137|2|3562|156
3c:8d:20:4f:d8:e9|1|0|0|0|0|0
b4:e6:2d:f6:c8:79|0|1|0|4|0|471
44:07:0b:2f:49:8b|6|0|0|0|0|0
9e:ab:89:2d:82:91|4|12|718|7|17232|546
f2:b2:80:0a:ea:79|5|58|0|0|0|0
24:41:8c:45:80:6c|1|0|0|0|0|0
20:1f:3b:3a:bb:3d|30|148|0|0|0|0
01:00:5e:7f:ff:fa|0|0|0|63|0|22851
e4:5f:01:78:c0:dc|0|2|0|0|0|0
6a:a7:b9:89:64:11|15|0|5|0|1185|0
54:60:09:e2:ee:aa|5|3|0|0|0|0
72:1e:c8:5b:51:f8|2|0|0|0|0|0
50:e0:85:84:55:94|5|14|0|0|0|0
01:00:5e:00:00:fa|0|0|0|1|0|114
94:9f:3e:84:df:5a|3|6|0|0|0|0
c0:06:c3:8f:c7:99|2|3|4|3|150|315
01:00:5e:00:00:fb|0|0|0|7|0|803
22:1a:a8:61:34:d9|1|0|0|0|0|0
24:77:03:d4:12:38|2|11|0|0|0|0
b0:a7:b9:89:64:1f|5|0|6|0|1253|0
da:a1:19:80:80:80|2|8|0|0|0|0
01:00:5e:00:00:fc|0|0|0|2|0|202
74:df:bf:45:ac:65|0|5|0|0|0|0
c0:06:c3:8f:c0:7b|0|0|3|0|72|0
f4:f5:d8:8d:f2:58|2|8|0|0|0|0
84:d8:1b:29:48:82|1|0|2|0|240|0
bc:54:2f:5e:b7:f3|2|13|0|0|0|0
00:08:07:76:35:b7|0|1|0|0|0|0
9e:e0:c7:4c:63:99|0|9|0|0|0|0
44:07:0b:70:9e:93|4|0|0|0|0|0
b8:81:98:41:b1:49|0|2|0|0|0|0
06:7a:6e:9e:bd:0b|1|0|0|0|0|0
e2:e1:c6:70:20:48|0|2|0|0|0|0
38:00:25:e8:2f:88|1|0|0|0|0|0
33:33:00:00:00:0c|0|0|0|2|0|1017
52:63:ee:ce:e3:9b|0|1|0|0|0|0
01:00:5e:00:00:01|0|0|0|1|0|84
01:00:5e:00:00:16|0|0|0|3|0|272
3a:fc:33:66:a8:53|0|3|0|0|0|0
66:7e:58:a8:2c:b8|0|1|0|0|0|0
20:f4:78:24:ce:e8|1|3|0|0|0|0
f0:ef:86:06:76:35|0|7|0|0|0|0
10:98:c3:08:de:80|0|3|0|0|0|0
f0:5c:77:12:21:75|0|1|0|0|0|0
06:b5:26:f8:e3:af|0|4|0|0|0|0
fe:9c:24:8c:00:d5|0|1|0|0|0|0
20:df:b9:ac:28:3b|2|0|0|0|0|0
08:9e:08:bc:6c:2b|0|4|0|0|0|0
f0:f6:c1:d5:cb:42|0|4|0|0|0|0
70:5a:ac:63:41:02|0|3|0|0|0|0
cc:88:26:04:51:81|0|5|0|0|0|0
