50
b4:e6:2d:f6:c8:79
20:aa:4b:5b:e6:4b|610|0|67|18|10933|584
ff:ff:ff:ff:ff:ff|0|3035|0|72|0|9745
9e:ab:89:2d:82:91|3|8|348|9|12624|702
90:9a:4a:80:85:9e|1204|66|95|348|24564|12624
90:9a:4a:80:71:9a|1284|10|167|221|50237|46154
68:ff:7b:c5:ca:c9|213|0|0|0|0|0
01:00:5e:00:00:fb|0|0|0|7|0|1044
b4:e6:2d:f6:c8:79|0|5|0|3|0|376
48:5a:b6:22:0c:7e|1|6|0|0|0|0
04:6c:59:1b:72:04|63|124|0|6|0|468
44:07:0b:70:9e:93|1|0|0|0|0|0
24:77:03:d4:12:38|4|19|0|0|0|0
01:00:5e:7f:ff:fa|0|0|0|46|0|20190
c0:06:c3:8f:c7:99|0|0|10|3|951|315
62:a2:0f:0c:3f:8d|0|1|0|0|0|0
28:6d:cd:09:2a:ea|0|0|32|9|7154|1269
01:00:5e:00:00:01|0|0|0|2|0|160
34:02:86:11:c3:80|0|0|1|11|90|2188
44:07:0b:2f:49:8b|15|0|0|0|0|0
a4:50:46:4c:af:3b|2|6|170|146|37124|47591
50:e0:85:84:55:94|3|13|0|0|0|0
c0:06:c3:8f:c0:7b|8|9|9|6|925|686
f2:b2:80:0a:ea:79|1|0|0|0|0|0
e6:1d:78:73:e4:e3|0|0|17|0|494|0
e4:5f:01:5c:9d:89|0|1|0|0|0|0
1c:bf:ce:e3:fb:45|0|3|0|0|0|0
ca:47:94:ab:55:23|0|1|0|0|0|0
aa:b2:bf:18:be:0e|2|4|0|0|0|0
4a:a2:72:ea:4c:99|17|58|0|0|0|0
33:33:00:01:00:03|0|0|0|3|0|372
01:00:5e:00:00:fc|0|0|0|1|0|104
33:33:00:00:00:fb|0|0|0|2|0|260
d2:ff:88:4d:32:dc|0|3|0|0|0|0
da:a1:19:60:86:b6|0|10|0|0|0|0
a6:0f:39:5f:1f:94|0|1|0|0|0|0
da:26:12:d9:23:9a|0|1|0|0|0|0
34:c0:59:00:a0:8f|0|1|0|0|0|0
ea:34:cc:15:5c:b0|0|1|0|0|0|0
08:9e:08:49:f2:bd|0|3|0|0|0|0
da:a1:19:55:7f:86|0|3|0|0|0|0
00:08:07:76:35:b7|0|3|0|0|0|0
22:48:f8:26:26:64|0|1|0|0|0|0
54:60:09:e2:ee:aa|0|2|0|0|0|0
ec:5c:68:84:b1:4b|0|15|0|0|0|0
00:08:03:bf:74:c3|0|2|0|0|0|0
46:3b:78:62:ec:7e|0|9|28|0|672|0
