21
b4:e6:2d:f6:b6:a5
68:02:b8:1e:7f:1f|1239|0|6|0|974|0
ff:ff:ff:ff:ff:ff|0|2349|0|6|0|474
6a:02:98:1e:7f:1f|1238|0|0|0|0|0
70:ee:50:73:4e:36|0|0|723|0|18798|0
b0:95:75:4b:b9:26|0|0|0|723|0|18798
b4:e6:2d:f6:b6:a5|0|1|0|3|0|390
44:fe:3b:06:5c:71|52|0|6|0|474|0
a4:3e:a0:a4:2a:46|0|109|0|0|0|0
c2:8f:41:33:77:ad|0|4|0|0|0|0
58:b1:0f:56:36:08|0|21|0|0|0|0
10:1c:0c:1a:10:10|2|5|0|0|0|0
64:b3:10:aa:e3:3c|0|1|0|0|0|0
08:97:98:16:c1:6f|0|8|0|0|0|0
72:fe:3b:06:5c:73|3|0|0|0|0|0
a2:34:6d:54:e8:2f|0|10|0|0|0|0
5c:f5:da:55:8b:f6|0|2|0|0|0|0
9c:5d:12:d7:43:d4|0|6|0|0|0|0
33:33:00:00:00:01|0|0|0|3|0|584
f0:5c:77:1a:f1:64|0|8|0|0|0|0
2c:db:07:46:b4:19|0|4|0|0|0|0
f0:72:ea:da:42:c6|0|6|0|0|0|0
