41
b4:e6:2d:f6:c8:79
90:9a:4a:80:71:9a|1335|9|88|144|13723|17354
ff:ff:ff:ff:ff:ff|0|3384|0|46|0|7572
90:9a:4a:80:85:9e|1199|50|75|381|25497|9296
20:aa:4b:5b:e6:4b|672|0|50|0|8507|0
a4:50:46:4c:af:3b|0|0|98|67|9276|11458
9e:ab:89:2d:82:91|6|22|305|5|7320|444
68:ff:7b:c5:ca:c9|449|0|0|0|0|0
54:2a:a2:73:c6:e9|14|57|0|0|0|0
04:6c:59:1b:72:04|46|89|76|4|1976|312
28:6d:cd:09:2a:ea|0|0|30|4|6654|393
c0:06:c3:8f:c7:99|5|10|8|5|621|552
b4:e6:2d:f6:c8:79|0|2|0|4|0|454
01:00:5e:00:00:fb|0|0|0|9|0|1608
01:00:5e:7f:ff:fa|0|0|0|53|0|23296
74:eb:80:1d:42:94|0|9|0|0|0|0
22:48:f8:26:26:64|4|16|0|0|0|0
01:00:5e:00:00:fa|0|0|0|2|0|228
c0:06:c3:8f:c0:7b|4|8|8|8|803|866
01:00:5e:00:00:01|0|0|0|2|0|160
a0:2c:36:28:1e:19|0|6|0|0|0|0
54:60:09:e2:ee:aa|0|7|0|0|0|0
e6:1d:78:73:e4:e3|0|3|0|0|0|0
