21
b4:e6:2d:f6:b6:a5
68:02:b8:1e:7f:1f|1242|8|131|2|29374|288
ff:ff:ff:ff:ff:ff|0|2349|0|6|0|756
6a:02:98:1e:7f:1f|1217|0|0|0|0|0
70:ee:50:73:4e:36|0|0|119|0|3068|0
b0:95:75:4b:b9:26|0|0|0|119|0|3068
10:1c:0c:1a:10:10|13|42|2|57|288|13354
01:00:5e:00:00:02|0|0|0|2|0|160
01:00:5e:00:00:fb|0|0|0|26|0|6253
33:33:00:00:00:16|0|0|0|4|0|616
33:33:00:00:00:fb|0|0|0|24|0|6573
a4:3e:a0:a4:2a:46|0|48|0|0|0|0
33:33:00:00:00:02|0|0|0|1|0|104
33:33:ff:47:43:51|0|0|0|1|0|120
33:33:ff:0d:6a:bd|0|0|0|2|0|240
33:33:00:01:00:02|0|0|0|1|0|132
9c:5d:12:d7:43:d4|0|6|0|0|0|0
b4:e6:2d:f6:b6:a5|0|1|0|4|0|482
58:b1:0f:56:36:08|0|6|0|0|0|0
c8:66:5d:1f:4f:54|0|6|0|0|0|0
33:33:00:00:00:01|0|0|0|3|0|584
da:e4:00:a5:95:74|0|6|0|0|0|0
