40
b4:e6:2d:f6:b6:a5
68:02:b8:1e:7f:1f|1227|0|192|0|50294|0
ff:ff:ff:ff:ff:ff|0|3514|0|141|0|42975
6a:02:98:1e:7f:1f|1226|0|0|0|0|0
d8:b6:b7:7a:3a:61|1329|0|22|100|2601|2634
b4:e6:2d:f6:b6:a5|0|1|0|4|0|482
33:33:00:00:00:16|0|0|0|12|0|1496
01:00:5e:00:00:16|0|0|0|12|0|1124
01:00:5e:7f:ff:fa|0|0|0|6|0|1278
01:00:5e:00:00:fb|0|0|0|11|0|1866
33:33:00:00:00:fb|0|0|0|11|0|2086
33:33:00:01:00:03|0|0|0|2|0|258
01:00:5e:00:00:fc|0|0|0|2|0|218
e6:35:23:4e:ab:99|0|0|8|2|200|52
70:ee:50:73:4e:36|0|0|17|0|440|0
b0:95:75:4b:b9:26|0|0|0|17|0|440
58:91:cf:92:d9:66|0|7|0|0|0|0
bc:54:51:02:a4:f0|0|0|25|2|826|52
a4:3e:a0:a4:2a:46|0|104|0|0|0|0
33:33:00:00:00:01|0|0|0|4|0|816
26:17:dc:59:74:f7|0|0|12|2|288|52
0e:26:0a:2f:38:6b|0|1|55|2|1320|52
84:16:f9:07:68:71|0|14|0|0|0|0
c8:66:5d:1f:4f:54|0|12|0|0|0|0
f0:72:ea:da:42:c6|0|14|0|0|0|0
a6:89:5f:33:12:b3|0|14|0|0|0|0
02:52:70:45:79:a9|0|7|0|0|0|0
42:64:2a:63:33:68|0|7|0|0|0|0
00:1c:bf:52:98:29|0|3|0|0|0|0
d2:8d:25:23:11:24|1|0|0|0|0|0
ca:42:34:86:28:0c|1|6|0|0|0|0
56:73:a1:28:ec:5a|1|6|0|0|0|0
01:00:5e:00:00:01|0|0|0|1|0|88
6e:2d:ae:1e:91:f5|1|7|0|0|0|0
4e:9b:05:55:9f:ce|2|26|0|0|0|0
0a:ca:11:08:c9:11|1|0|0|0|0|0
ec:2e:98:f0:f5:27|0|13|0|0|0|0
4a:61:ab:6c:82:3c|1|7|0|0|0|0
32:4b:4c:85:43:ea|0|7|0|0|0|0
64:b3:10:aa:e3:3c|0|13|0|0|0|0
26:6f:1d:c2:e2:46|0|7|0|0|0|0
