25
b4:e6:2d:f6:b6:a5
68:02:b8:1e:7f:1f|1225|0|74|6|23856|260
ff:ff:ff:ff:ff:ff|0|2666|0|7|0|532
6a:02:98:1e:7f:1f|1223|0|0|0|0|0
d8:b6:b7:7a:3a:61|341|0|9|94|1038|2490
80:58:f8:93:88:29|0|0|6|55|260|21078
b4:e6:2d:f6:b6:a5|0|2|0|3|0|390
01:00:5e:00:00:fb|0|0|0|4|0|946
33:33:00:00:00:fb|0|0|0|4|0|1026
0e:26:0a:2f:38:6b|0|0|19|2|456|52
bc:54:51:02:a4:f0|0|0|22|1|754|26
e6:35:23:4e:ab:99|0|0|8|2|200|52
26:17:dc:59:74:f7|0|0|45|0|1080|0
a4:3e:a0:a4:2a:46|0|68|0|0|0|0
c8:66:5d:1f:4f:54|0|6|1|1|31|31
f0:5c:77:1a:f1:64|0|9|0|0|0|0
22:8c:83:43:e0:61|0|1|0|0|0|0
70:ee:50:73:4e:36|0|0|22|0|572|0
b0:95:75:4b:b9:26|0|0|0|22|0|572
33:33:00:00:00:01|0|0|0|3|0|584
33:33:00:00:00:02|0|0|0|1|0|96
33:33:ff:1e:b6:60|0|0|0|1|0|112
56:33:79:f1:3c:e4|1|6|0|0|0|0
d6:df:8f:d8:f3:b9|0|6|0|0|0|0
62:5e:b5:c1:b6:d2|0|6|0|0|0|0
64:b3:10:aa:e3:3c|0|20|0|0|0|0
