58
b4:e6:2d:f6:c8:79
90:9a:4a:80:71:9a|1254|14|425|169|120113|18653
ff:ff:ff:ff:ff:ff|0|3137|0|59|0|10828
20:aa:4b:5b:e6:4b|846|0|62|0|11138|0
a4:50:46:4c:af:3b|6|14|127|402|11670|117542
68:ff:7b:c5:ca:c9|263|0|7|0|1339|0
90:9a:4a:80:85:9e|926|0|0|0|0|0
b4:e6:2d:f6:c8:79|0|3|0|5|0|549
a6:23:9c:e5:b4:cb|10|41|0|0|0|0
28:6d:cd:09:2a:ea|0|0|25|4|5404|474
8a:2c:dd:11:e9:47|0|2|0|0|0|0
a0:78:17:a1:19:64|0|0|0|2|0|156
44:07:0b:70:9e:93|3|0|0|0|0|0
c0:06:c3:8f:c0:7b|4|8|9|11|877|1233
00:08:07:76:35:b7|0|4|0|0|0|0
6a:a7:b9:89:64:11|1|0|0|0|0|0
33:33:00:00:00:01|0|0|0|1|0|120
f0:ef:86:06:76:35|0|5|0|0|0|0
01:00:5e:00:00:01|0|0|0|1|0|76
94:65:2d:d6:9c:46|0|4|0|0|0|0
c0:06:c3:8f:c7:99|4|8|8|3|702|315
b2:da:ef:c0:dd:5a|0|2|0|0|0|0
e4:5f:01:78:c0:dc|0|4|0|0|0|0
50:eb:71:d0:6d:35|1|7|0|0|0|0
1c:bf:ce:e3:fb:45|0|6|0|0|0|0
00:24:d6:f5:65:ef|0|2|0|0|0|0
44:07:0b:2f:49:8b|10|0|0|0|0|0
88:3d:24:10:7e:ce|0|2|0|0|0|0
08:9e:08:bc:6c:2b|0|6|0|0|0|0
8e:d1:d6:00:b4:38|0|3|0|0|0|0
46:f0:ff:f3:6b:ba|0|3|0|0|0|0
d8:ce:3a:d3:82:b4|0|2|0|0|0|0
74:df:bf:45:ac:65|0|3|0|0|0|0
00:08:10:80:dc:7a|0|2|0|0|0|0
1e:e8:29:e4:16:89|1|0|0|0|0|0
1a:af:29:b4:3d:87|0|2|0|0|0|0
5a:de:2a:70:8e:db|0|3|0|0|0|0
1a:fa:70:7d:19:fd|0|6|0|0|0|0
58:ef:68:2a:26:ec|2|0|0|0|0|0
f4:f5:d8:8d:f2:58|1|8|0|0|0|0
44:07:0b:6c:b6:e3|1|0|0|0|0|0
da:a1:19:f9:f9:f9|2|8|0|0|0|0
01:00:5e:00:00:fb|0|0|0|5|0|1183
9a:ba:49:1a:74:4f|0|2|0|0|0|0
01:00:5e:00:00:fa|0|0|0|1|0|114
54:60:09:e2:ee:aa|0|5|0|0|0|0
a4:02:b9:9a:55:06|2|0|0|0|0|0
38:f9:d3:b3:0c:da|1|0|0|0|0|0
2a:ff:d0:25:27:57|0|2|0|0|0|0
20:df:b9:8e:c2:c7|1|0|0|0|0|0
42:8a:d8:66:f4:81|0|2|0|0|0|0
ce:25:4e:b8:b6:00|0|2|0|0|0|0
e6:ab:eb:13:1e:84|0|4|0|0|0|0
7e:71:16:95:b3:a6|1|3|0|0|0|0
16:24:94:4f:c1:1a|0|2|0|0|0|0
a0:2c:36:28:1e:19|0|3|0|0|0|0
de:9d:ed:c0:be:8b|0|2|0|0|0|0
0e:7f:94:a1:37:20|0|1|0|0|0|0
c0:87:eb:8e:48:ef|0|3|0|0|0|0
