33
b4:e6:2d:f6:b6:a5
68:02:b8:1e:7f:1f|1222|5|365|25|67865|4018
ff:ff:ff:ff:ff:ff|0|2653|0|269|0|54846
6a:02:98:1e:7f:1f|1216|0|0|0|0|0
d8:b6:b7:7a:3a:61|377|0|14|28|1888|904
b4:e6:2d:f6:b6:a5|0|1|0|8|0|933
bc:54:51:02:a4:f0|0|0|20|2|704|236
1e:45:3d:7b:8c:b9|0|6|0|0|0|0
a4:3e:a0:a4:2a:46|0|87|0|0|0|0
00:1c:bf:52:98:29|0|5|0|0|0|0
e6:35:23:4e:ab:99|0|0|8|2|200|52
14:1f:78:e5:d6:a9|6|13|0|0|0|0
64:b3:10:aa:e3:3c|0|15|0|0|0|0
33:33:00:00:00:01|0|0|0|4|0|816
26:17:dc:59:74:f7|0|0|0|2|0|52
ee:d8:d7:87:27:a0|0|1|0|0|0|0
2c:0e:3d:ac:4c:05|2|8|0|0|0|0
33:33:00:00:00:16|0|0|0|5|0|620
01:00:5e:00:00:16|0|0|0|6|0|562
01:00:5e:7f:ff:fa|0|0|0|7|0|1495
01:00:5e:00:00:fb|0|0|0|20|0|2312
33:33:00:00:00:fb|0|0|0|20|0|2712
33:33:00:01:00:03|0|0|0|9|0|1073
01:00:5e:00:00:fc|0|0|0|9|0|893
da:0a:3d:e8:d9:87|0|9|0|0|0|0
01:00:5e:00:00:01|0|0|0|1|0|88
80:58:f8:93:88:29|5|10|25|11|4018|2010
0e:26:0a:2f:38:6b|0|0|0|1|0|26
6e:21:f5:66:78:92|2|1|0|0|0|0
4e:9b:05:55:9f:ce|1|19|0|0|0|0
33:33:00:00:00:0c|0|0|0|1|0|724
33:33:00:01:00:02|0|0|0|1|0|195
33:33:00:00:00:02|0|0|0|1|0|108
78:9f:70:2b:86:c6|2|0|0|0|0|0
