40
b4:e6:2d:f6:c8:79
20:aa:4b:5b:e6:4b|483|0|40|0|6521|0
ff:ff:ff:ff:ff:ff|0|3141|0|38|0|6293
90:9a:4a:80:85:9e|1249|0|76|0|19672|0
a8:6d:aa:73:88:1d|2|49|0|0|0|0
90:9a:4a:80:71:9a|1447|11|58|55|7530|6245
b4:e6:2d:f6:c8:79|0|1|0|8|0|1006
6a:a7:b9:89:64:11|14|0|0|0|0|0
68:ff:7b:c5:ca:c9|351|0|0|0|0|0
80:91:33:25:67:05|17|59|0|0|0|0
38:00:25:e8:2f:88|1|0|0|0|0|0
94:9f:3e:84:df:5a|0|9|0|0|0|0
54:2a:a2:73:c6:e9|18|115|0|0|0|0
50:e0:85:84:55:94|3|15|0|0|0|0
28:6d:cd:09:2a:ea|0|0|19|8|4236|978
20:1f:3b:3a:bb:3d|16|130|0|0|0|0
a4:50:46:4c:af:3b|0|3|24|14|1184|2193
c0:06:c3:8f:c7:99|6|9|6|14|372|1767
f0:ef:86:21:66:5f|0|2|0|0|0|0
c0:06:c3:8f:c0:7b|5|10|6|14|453|1586
da:a1:19:ab:45:8c|0|2|0|0|0|0
84:d8:1b:29:48:82|1|0|1|0|120|0
01:00:5e:00:00:fb|0|0|0|2|0|572
9e:ab:89:2d:82:91|0|44|0|61|0|15192
b0:a7:b9:89:64:1f|3|0|2|0|997|0
d6:68:81:85:17:18|0|14|0|0|0|0
01:00:5e:00:00:fa|0|0|0|2|0|228
44:07:0b:2f:49:8b|9|0|1|0|98|0
f0:79:59:d6:09:10|0|0|0|1|0|98
ae:59:30:18:4f:37|0|1|0|0|0|0
44:07:0b:70:9e:93|8|0|0|0|0|0
38:8b:59:29:24:78|1|0|0|0|0|0
d8:47:32:54:de:63|0|8|0|0|0|0
f0:ef:86:06:76:35|0|5|0|0|0|0
54:60:09:e2:ee:aa|0|6|0|0|0|0
b8:27:eb:81:9a:d6|0|1|0|0|0|0
3c:8d:20:4f:d8:e9|2|0|0|0|0|0
01:00:5e:7f:ff:fa|0|0|0|16|0|5025
f4:f5:d8:8d:f2:58|2|1|0|0|0|0
2a:0b:bc:86:13:ba|0|1|0|0|0|0
94:65:2d:d6:9c:46|0|1|0|0|0|0
