28
b4:e6:2d:f6:b6:a5
d8:b6:b7:7a:3a:61|1275|2|11|113|716|2997
ff:ff:ff:ff:ff:ff|0|3528|0|208|0|19846
e0:9d:31:02:83:40|0|13|0|0|0|0
68:02:b8:1e:7f:1f|1246|0|245|0|25144|0
6a:02:98:1e:7f:1f|1244|0|0|0|0|0
b4:e6:2d:f6:b6:a5|0|2|0|3|0|390
26:17:dc:59:74:f7|2|4|73|2|1752|52
01:00:5e:7f:ff:fa|0|0|0|20|0|2300
33:33:00:00:00:01|0|0|0|4|0|816
33:33:00:00:00:02|0|0|0|1|0|96
33:33:ff:1e:b6:60|0|0|0|1|0|112
4c:fc:aa:04:98:e5|5|0|0|0|0|0
e6:35:23:4e:ab:99|0|0|7|2|174|52
01:00:5e:00:00:fb|0|0|0|4|0|752
33:33:00:00:00:fb|0|0|0|4|0|832
64:b3:10:aa:e3:3c|0|8|0|0|0|0
a4:3e:a0:a4:2a:46|0|104|0|0|0|0
bc:54:51:02:a4:f0|0|0|21|4|783|472
ca:5c:c9:73:6f:f4|0|14|0|0|0|0
0e:26:0a:2f:38:6b|0|0|12|2|288|52
c8:66:5d:1f:4f:54|0|19|0|0|0|0
12:ee:b4:45:d1:17|0|7|0|0|0|0
70:ee:50:73:4e:36|0|0|32|0|832|0
b0:95:75:4b:b9:26|0|0|0|32|0|832
9c:5d:12:d7:43:d4|0|6|0|0|0|0
f8:77:b8:53:10:e8|6|54|0|0|0|0
01:00:5e:00:00:01|0|0|0|1|0|88
8e:ce:84:5f:9c:42|1|18|0|0|0|0
