38
b4:e6:2d:f6:b6:a5
68:02:b8:1e:7f:1f|1242|0|26|0|3351|0
ff:ff:ff:ff:ff:ff|0|3780|0|7|0|532
d8:b6:b7:7a:3a:61|1329|0|18|29|2440|704
6a:02:98:1e:7f:1f|1240|0|0|0|0|0
70:2e:22:8d:72:74|341|0|21|0|9968|0
a4:3e:a0:a4:2a:46|0|175|0|0|0|0
4c:fc:aa:04:03:83|0|34|0|0|0|0
5c:f8:21:84:a4:31|0|52|0|0|0|0
0e:26:0a:2f:38:6b|0|0|16|1|384|26
bc:54:51:02:a4:f0|0|0|4|4|96|472
01:00:5e:00:00:fb|0|0|0|3|0|651
33:33:00:00:00:fb|0|0|0|4|0|931
33:33:00:00:00:16|0|0|0|2|0|256
01:00:5e:00:00:16|0|0|0|2|0|184
e6:35:23:4e:ab:99|0|0|8|2|200|52
01:00:5e:7f:ff:fa|0|0|0|19|0|9628
5c:f5:da:b6:d8:02|0|1|0|0|0|0
64:b3:10:aa:e3:3c|0|15|0|0|0|0
62:45:b7:e7:3f:82|0|2|0|0|0|0
2c:db:07:46:b4:19|0|6|0|0|0|0
b4:e6:2d:f6:b6:a5|0|1|0|4|0|482
26:17:dc:59:74:f7|0|0|1|0|24|0
1e:25:bb:d2:35:d7|0|1|0|0|0|0
