70
b4:e6:2d:f6:c8:79
90:9a:4a:80:85:9e|1208|0|0|0|0|0
ff:ff:ff:ff:ff:ff|0|3405|0|38|0|6385
90:9a:4a:80:71:9a|1209|15|14|83|1477|9686
20:aa:4b:5b:e6:4b|726|0|40|0|6619|0
b2:9a:c1:d0:e8:64|0|3|0|0|0|0
14:5a:fc:11:63:33|7|36|0|0|0|0
68:ff:7b:c5:ca:c9|398|0|0|0|0|0
b6:ef:83:ff:14:dc|3|10|0|0|0|0
ca:7f:70:be:09:73|0|4|0|0|0|0
32:6c:85:33:c5:e6|0|3|0|0|0|0
38:8b:59:29:24:78|3|0|0|0|0|0
94:9f:3e:84:df:5a|28|8|0|0|0|0
c0:06:c3:8f:c0:7b|8|16|16|1|1957|78
3c:8d:20:4f:d8:e9|4|0|0|0|0|0
28:6d:cd:09:2a:ea|0|0|17|3|3827|315
50:e0:85:84:55:94|3|12|0|0|0|0
00:10:40:c8:d0:47|1|0|0|0|0|0
a4:50:46:4c:af:3b|0|1|41|1|2814|78
48:d6:d5:7c:5a:40|3|0|0|0|0|0
f4:f5:d8:8d:f2:58|2|5|0|0|0|0
c0:06:c3:8f:c7:99|7|13|9|4|1088|474
02:00:00:00:00:00|0|4|0|0|0|0
54:60:09:01:a1:78|1|0|0|0|0|0
e6:2e:91:01:69:f6|0|3|0|0|0|0
0a:84:2b:c2:d5:aa|0|1|0|0|0|0
da:b1:b7:eb:d3:68|2|6|0|0|0|0
b8:27:eb:81:9a:d6|1|0|0|0|0|0
b4:e6:2d:f6:c8:79|0|1|0|5|0|532
33:33:00:00:00:01|0|0|0|1|0|120
c2:5b:8b:e5:8e:bb|0|1|0|0|0|0
7c:b2:7d:d3:ca:b1|0|2|0|0|0|0
44:07:0b:2f:49:8b|11|0|0|0|0|0
1c:bf:ce:e3:fb:45|0|7|0|0|0|0
44:07:0b:70:9e:93|4|0|0|0|0|0
72:b8:9d:7b:a7:5c|0|1|0|0|0|0
46:9a:78:9b:73:25|0|4|0|0|0|0
b6:8e:b3:5f:6f:7e|0|11|0|0|0|0
01:00:5e:00:00:fa|0|0|0|1|0|114
7a:f5:57:21:fb:d2|0|3|0|0|0|0
06:02:6c:fc:d2:21|0|3|0|0|0|0
f0:f6:c1:d5:cb:42|0|3|0|0|0|0
ce:42:90:de:c6:04|0|1|0|0|0|0
5a:a0:1f:b8:8b:68|0|2|0|0|0|0
4e:bb:83:ae:02:59|0|4|0|0|0|0
74:df:bf:45:ac:65|0|6|0|0|0|0
9a:76:f5:1c:e7:01|2|2|0|0|0|0
7c:2e:bd:f4:94:ee|8|0|0|0|0|0
56:80:41:c7:df:14|0|1|0|0|0|0
