25
b4:e6:2d:f6:b6:a5
68:02:b8:1e:7f:1f|1221|0|37|0|8980|0
ff:ff:ff:ff:ff:ff|0|3471|0|7|0|532
d8:b6:b7:7a:3a:61|1265|0|9|47|664|1544
6a:02:98:1e:7f:1f|1214|0|0|0|0|0
a4:3e:a0:a4:2a:46|0|143|0|0|0|0
bc:54:51:02:a4:f0|0|0|20|4|888|472
b4:e6:2d:f6:b6:a5|0|2|0|3|0|390
80:58:f8:93:88:29|0|0|0|22|0|7266
e6:35:23:4e:ab:99|0|0|8|2|200|52
0e:26:0a:2f:38:6b|0|0|6|0|144|0
70:ee:50:73:4e:36|0|0|17|0|442|0
b0:95:75:4b:b9:26|0|0|0|17|0|442
26:17:dc:59:74:f7|0|0|13|2|312|52
33:33:00:00:00:01|0|0|0|3|0|584
33:33:00:00:00:02|0|0|0|1|0|96
33:33:ff:1e:b6:60|0|0|0|1|0|112
c8:66:5d:1f:4f:54|0|19|0|0|0|0
d8:8c:79:90:f4:9b|0|14|0|0|0|0
f0:72:ea:da:42:c6|0|7|0|0|0|0
62:45:b7:07:e5:4a|0|14|0|0|0|0
78:9f:70:2b:86:c6|1|0|0|0|0|0
b2:e5:8f:2c:79:64|0|6|0|0|0|0
ba:1e:3b:8b:56:0f|0|7|0|0|0|0
01:00:5e:00:00:01|0|0|0|1|0|88
64:b3:10:aa:e3:3c|0|18|0|0|0|0
