23
b4:e6:2d:f6:b6:a5
68:02:b8:1e:7f:1f|1298|0|293|0|58497|0
ff:ff:ff:ff:ff:ff|0|2352|0|258|0|53503
6a:02:98:1e:7f:1f|1294|0|0|0|0|0
d0:c6:37:81:ea:b1|0|30|0|0|0|0
b4:e6:2d:f6:b6:a5|0|2|0|3|0|390
33:33:00:00:00:01|0|0|0|4|0|816
0e:ae:3c:2b:bf:8f|0|6|0|0|0|0
6a:63:94:df:11:c1|0|5|0|0|0|0
10:1c:0c:1a:10:10|2|36|0|0|0|0
5c:f8:21:84:a4:31|0|12|0|0|0|0
68:02:b8:2e:8d:67|1|0|0|0|0|0
a4:3e:a0:a4:2a:46|0|59|0|0|0|0
ee:98:a4:97:1c:50|1|0|0|0|0|0
f8:77:b8:53:10:e8|6|54|0|0|0|0
4e:9b:05:55:9f:ce|1|12|0|0|0|0
c8:66:5d:1f:4f:54|0|12|0|0|0|0
64:b3:10:aa:e3:3c|0|24|0|0|0|0
01:00:5e:7f:ff:fa|0|0|0|4|0|980
6a:02:98:2e:8d:67|1|0|0|0|0|0
01:00:5e:00:00:fb|0|0|0|8|0|872
33:33:00:00:00:fb|0|0|0|8|0|1032
33:33:00:01:00:03|0|0|0|4|0|492
01:00:5e:00:00:fc|0|0|0|4|0|412
