37
b4:e6:2d:f6:b6:a5
d8:b6:b7:7a:3a:61|1376|0|14|58|1686|1454
ff:ff:ff:ff:ff:ff|0|3517|0|292|0|32050
68:02:b8:1e:7f:1f|1326|0|1174|0|136244|0
6a:02:98:1e:7f:1f|1315|0|0|0|0|0
01:00:5e:00:00:fb|0|0|0|292|0|32996
33:33:00:00:00:fb|0|0|0|290|0|38018
33:33:00:01:00:03|0|0|0|148|0|18044
01:00:5e:00:00:fc|0|0|0|148|0|15084
26:17:dc:59:74:f7|0|0|19|2|456|52
b4:e6:2d:f6:b6:a5|0|1|0|4|0|482
70:ee:50:73:4e:36|0|0|104|0|2696|0
b0:95:75:4b:b9:26|0|0|0|104|0|2696
e6:35:23:4e:ab:99|0|0|17|2|470|52
01:00:5e:00:00:01|0|0|0|1|0|88
0e:26:0a:2f:38:6b|0|0|22|2|528|52
54:2a:a2:48:a3:f0|0|116|0|0|0|0
00:0c:e7:c1:18:36|0|14|0|0|0|0
a4:3e:a0:a4:2a:46|0|118|0|0|0|0
da:a1:19:62:6f:89|0|13|0|0|0|0
64:b3:10:aa:e3:3c|0|8|0|0|0|0
2e:2c:d4:83:2b:a6|0|2|0|0|0|0
8c:c5:b4:3b:6e:56|0|1|0|0|0|0
33:33:00:00:00:01|0|0|0|3|0|584
0e:b5:3e:cd:23:e1|0|7|0|0|0|0
f0:72:ea:da:42:c6|0|21|0|0|0|0
00:0c:e7:c8:1b:d6|0|13|0|0|0|0
f8:77:b8:53:10:e8|6|70|0|0|0|0
00:0c:e7:a6:e9:82|0|24|0|0|0|0
f0:5c:77:1a:f1:64|0|7|0|0|0|0
1a:87:40:52:51:52|0|18|0|0|0|0
dc:41:a9:b1:30:a0|0|9|0|0|0|0
4e:9b:05:55:9f:ce|0|20|0|0|0|0
46:29:f2:64:37:9f|0|13|0|0|0|0
33:33:00:00:00:16|0|0|0|2|0|248
01:00:5e:00:00:16|0|0|0|2|0|180
5c:f5:da:b6:d8:02|0|7|0|0|0|0
1a:87:40:da:5b:3a|0|24|0|0|0|0
