29
b4:e6:2d:f6:b6:a5
68:02:b8:1e:7f:1f|1221|0|261|0|25690|0
ff:ff:ff:ff:ff:ff|0|3554|0|231|0|22385
6a:02:98:1e:7f:1f|1218|0|0|0|0|0
d8:b6:b7:7a:3a:61|1284|0|9|39|829|1166
a4:3e:a0:a4:2a:46|0|128|0|0|0|0
b4:e6:2d:f6:b6:a5|0|2|0|4|0|516
70:2e:22:8d:72:74|51|0|0|0|0|0
01:00:5e:7f:ff:fa|0|0|0|20|0|2280
01:00:5e:00:00:16|0|0|0|2|0|180
0c:54:15:5d:f1:f6|0|4|0|0|0|0
01:00:5e:00:00:01|0|0|0|1|0|88
c8:66:5d:1f:4f:54|0|12|0|0|0|0
bc:54:51:02:a4:f0|0|0|19|2|678|52
e6:35:23:4e:ab:99|0|0|8|2|200|52
0e:26:0a:2f:38:6b|0|0|10|0|240|0
84:16:f9:07:68:71|0|7|0|0|0|0
26:17:dc:59:74:f7|0|0|2|2|48|52
5c:f8:21:84:a4:31|0|3|0|0|0|0
f0:72:ea:da:42:c6|0|21|0|0|0|0
33:33:00:00:00:01|0|0|0|3|0|584
33:33:00:00:00:02|0|0|0|1|0|96
33:33:ff:1e:b6:60|0|0|0|1|0|112
64:b3:10:aa:e3:3c|0|14|0|0|0|0
58:91:cf:92:95:e6|0|7|0|0|0|0
26:6f:1d:c2:e2:46|0|14|0|0|0|0
d8:8c:79:90:f4:9b|0|6|0|0|0|0
62:45:b7:e7:3f:82|0|1|0|0|0|0
e2:62:9f:05:75:95|0|1|0|0|0|0
80:58:f8:93:88:29|0|0|0|1|0|122
