32
b4:e6:2d:f6:b6:a5
68:02:b8:1e:7f:1f|1239|0|151|0|44626|0
ff:ff:ff:ff:ff:ff|0|3512|0|141|0|43087
6a:02:98:1e:7f:1f|1237|0|0|0|0|0
d8:b6:b7:7a:3a:61|1388|0|17|64|2237|1770
f0:72:ea:da:42:c6|0|29|0|0|0|0
b4:e6:2d:f6:b6:a5|0|1|0|4|0|482
02:ab:af:33:23:26|0|1|0|0|0|0
0e:26:0a:2f:38:6b|0|0|20|2|480|52
a4:3e:a0:a4:2a:46|0|191|0|0|0|0
e6:35:23:4e:ab:99|0|0|8|2|200|52
c8:66:5d:1f:4f:54|0|12|0|0|0|0
70:ee:50:73:4e:36|0|0|29|0|754|0
b0:95:75:4b:b9:26|0|0|0|29|0|754
bc:54:51:02:a4:f0|0|0|21|3|730|262
0c:cb:85:ac:77:55|0|6|0|0|0|0
26:17:dc:59:74:f7|0|0|15|2|360|52
64:b3:10:aa:e3:3c|1|26|0|0|0|0
2c:db:07:46:b4:19|0|20|0|0|0|0
00:1c:bf:52:98:29|0|16|0|0|0|0
aa:88:0e:78:a0:b2|0|7|0|0|0|0
01:00:5e:00:00:fb|0|0|0|3|0|564
33:33:00:00:00:fb|0|0|0|3|0|624
01:00:5e:00:00:01|0|0|0|1|0|88
2a:3f:cd:af:6c:42|0|7|0|0|0|0
f6:66:91:85:ab:5c|0|4|0|0|0|0
c2:38:21:27:1e:a2|0|3|0|0|0|0
5e:ea:7d:c9:c4:75|0|3|0|0|0|0
33:33:00:00:00:01|0|0|0|3|0|584
ca:46:ae:8f:41:a9|0|7|0|0|0|0
01:00:5e:7f:ff:fa|0|0|0|4|0|1016
a2:38:06:0f:6f:93|0|7|0|0|0|0
58:91:cf:92:d9:66|0|13|0|0|0|0
