27
b4:e6:2d:f6:b6:a5
d8:b6:b7:7a:3a:61|1223|0|15|66|1658|1868
ff:ff:ff:ff:ff:ff|0|3514|0|7|0|532
68:02:b8:1e:7f:1f|1221|0|27|0|3726|0
6a:02:98:1e:7f:1f|1220|0|0|0|0|0
b4:e6:2d:f6:b6:a5|0|1|0|3|0|390
33:33:00:00:00:01|0|0|0|3|0|584
33:33:00:00:00:02|0|0|0|1|0|96
33:33:ff:1e:b6:60|0|0|0|1|0|112
e6:35:23:4e:ab:99|0|0|8|2|200|52
26:17:dc:59:74:f7|0|0|23|2|552|52
01:00:5e:00:00:fb|0|0|0|7|0|1403
33:33:00:00:00:fb|0|0|0|7|0|1543
a4:3e:a0:a4:2a:46|0|101|0|0|0|0
33:33:00:00:00:16|0|0|0|2|0|248
01:00:5e:00:00:16|0|0|0|2|0|180
bc:54:51:02:a4:f0|0|0|26|2|900|52
70:ee:50:73:4e:36|0|0|35|0|910|0
b0:95:75:4b:b9:26|0|0|0|35|0|910
0e:26:0a:2f:38:6b|0|0|9|2|216|52
f0:72:ea:da:42:c6|0|7|0|0|0|0
f2:16:49:17:1a:46|0|1|0|0|0|0
1a:87:40:1c:39:ca|0|9|0|0|0|0
c8:66:5d:1f:4f:54|0|12|0|0|0|0
d8:8c:79:90:f4:9b|0|7|0|0|0|0
f0:5c:77:1a:f1:64|0|6|0|0|0|0
96:47:cb:05:a1:ac|1|7|0|0|0|0
01:00:5e:00:00:01|0|0|0|1|0|88
