31
b4:e6:2d:f6:b6:a5
68:02:b8:1e:7f:1f|1227|0|17|6|1901|280
ff:ff:ff:ff:ff:ff|0|3540|0|9|0|1117
6a:02:98:1e:7f:1f|1226|0|0|0|0|0
d8:b6:b7:7a:3a:61|1284|0|15|20|2191|488
6e:23:0a:0e:aa:e7|0|7|0|0|0|0
b4:e6:2d:f6:b6:a5|0|1|0|5|0|577
70:2e:22:8d:72:74|32|0|1|0|475|0
5c:f8:21:84:a4:31|0|4|0|0|0|0
01:00:5e:00:00:01|0|0|0|1|0|88
e6:35:23:4e:ab:99|0|0|8|2|200|52
a4:3e:a0:a4:2a:46|0|137|0|0|0|0
0e:26:0a:2f:38:6b|0|0|8|0|192|0
f0:72:ea:da:42:c6|0|7|0|0|0|0
64:b3:10:aa:e3:3c|0|9|0|0|0|0
c8:66:5d:1f:4f:54|0|12|0|0|0|0
bc:54:51:02:a4:f0|0|0|4|2|96|52
c6:1f:de:bc:87:c9|0|7|0|0|0|0
26:17:dc:59:74:f7|0|0|0|2|0|52
33:33:00:00:00:01|0|0|0|3|0|584
01:00:5e:7f:ff:fa|0|0|0|1|0|475
33:33:00:00:00:02|0|0|0|1|0|96
33:33:ff:1e:b6:60|0|0|0|1|0|112
f0:5c:77:1a:f1:64|0|7|0|0|0|0
3e:0f:0b:c0:d0:fc|0|7|0|0|0|0
2c:0e:3d:ac:4c:05|0|0|6|0|280|0
26:46:c8:eb:67:47|0|10|0|0|0|0
d8:8c:79:90:f4:9b|0|7|0|0|0|0
e2:37:67:55:ab:e3|0|7|0|0|0|0
0c:cb:85:5f:a9:3f|0|7|0|0|0|0
01:00:5e:00:00:fb|0|0|0|3|0|651
33:33:00:00:00:fb|0|0|0|3|0|711
