38
b4:e6:2d:f6:c8:79
9e:ab:89:2d:82:91|3|3|686|7|17139|594
90:9a:4a:80:85:9e|1090|26|81|686|26605|17139
90:9a:4a:80:71:9a|1221|9|22|55|2968|9557
ff:ff:ff:ff:ff:ff|0|2417|0|8|0|1204
68:ff:7b:c5:ca:c9|198|3|15|4|1989|96
b0:35:9f:5d:a6:65|3|4|0|2|0|156
01:00:5e:7f:ff:fa|0|0|0|70|0|26192
b4:e6:2d:f6:c8:79|0|4|0|3|0|376
28:6d:cd:09:2a:ea|0|0|31|8|7121|1496
20:aa:4b:5b:e6:4b|24|0|6|0|1020|0
c0:06:c3:8f:c0:7b|5|11|12|8|1434|781
a4:50:46:4c:af:3b|0|0|5|0|390|0
01:00:5e:00:00:fb|0|0|0|2|0|382
e4:5f:01:5c:9d:89|0|1|0|0|0|0
04:6c:59:1b:72:04|23|49|0|3|0|234
50:d4:f7:59:b0:8b|1|0|0|0|0|0
00:08:10:80:dc:7a|0|1|0|0|0|0
a0:78:17:a1:19:64|0|0|4|2|96|156
c0:06:c3:8f:c7:99|4|8|7|3|612|315
1c:bf:ce:e3:fb:45|0|4|0|0|0|0
01:00:5e:00:00:01|0|0|0|2|0|168
50:e0:85:84:55:94|4|12|0|0|0|0
