32
b4:e6:2d:f6:b6:a5
68:02:b8:1e:7f:1f|1249|6|560|456|200498|145002
ff:ff:ff:ff:ff:ff|0|3446|0|149|0|14436
6a:02:98:1e:7f:1f|1215|0|0|0|0|0
b4:e6:2d:f6:b6:a5|0|17|0|16|0|5260
b0:ac:d2:04:78:ff|1|0|33|0|43230|0
8e:ce:84:5f:9c:42|0|0|0|33|0|43230
d8:b6:b7:7a:3a:61|1182|0|8|52|454|1662
bc:54:51:02:a4:f0|0|0|21|3|783|262
0e:26:0a:2f:38:6b|0|0|2|2|48|52
a4:3e:a0:a4:2a:46|0|97|0|0|0|0
70:ee:50:73:4e:36|0|0|26|0|674|0
b0:95:75:4b:b9:26|0|0|0|26|0|674
33:33:00:00:00:01|0|0|0|3|0|584
96:90:b9:4d:e1:b3|0|7|0|0|0|0
dc:41:a9:b1:30:a0|0|6|0|0|0|0
26:17:dc:59:74:f7|0|0|9|1|216|26
e6:35:23:4e:ab:99|0|0|20|1|615|26
d6:c1:21:62:c8:54|0|7|0|0|0|0
80:58:f8:93:88:29|37|40|456|382|145002|179026
c8:66:5d:1f:4f:54|0|6|0|0|0|0
cc:4b:73:b0:02:dc|0|13|0|0|0|0
01:00:5e:00:00:01|0|0|0|1|0|88
d8:8c:79:90:f4:9b|0|7|0|0|0|0
e2:f4:aa:ee:aa:46|0|7|0|0|0|0
16:a0:34:68:e7:66|0|18|0|0|0|0
33:33:ff:93:88:29|0|0|0|2|0|224
33:33:00:00:00:16|0|0|0|6|0|744
33:33:00:00:00:02|0|0|0|1|0|104
33:33:ff:4e:85:99|0|0|0|1|0|120
80:58:f8:ae:0c:f7|2|6|0|0|0|0
80:58:f8:48:a8:5c|2|6|0|0|0|0
78:9f:70:2b:86:c6|1|0|0|0|0|0
