34
b4:e6:2d:f6:c8:79
90:9a:4a:80:71:9a|1199|6|71|111|20081|17719
ff:ff:ff:ff:ff:ff|0|2848|0|11|0|1024
90:9a:4a:80:85:9e|1025|0|4|3|312|72
9e:ab:89:2d:82:91|0|0|3|4|72|312
b4:e6:2d:f6:c8:79|0|2|0|5|0|626
20:aa:4b:5b:e6:4b|639|0|11|0|1024|0
c0:06:c3:8f:c0:7b|6|12|11|19|1524|2380
28:6d:cd:09:2a:ea|0|0|44|16|9266|2497
68:ff:7b:c5:ca:c9|29|0|0|0|0|0
20:1f:3b:3a:bb:3d|4|0|0|0|0|0
ca:63:3c:2e:2d:4a|0|3|0|0|0|0
c0:06:c3:8f:c7:99|0|0|9|6|780|630
f0:ef:86:05:a3:fa|0|15|0|0|0|0
da:a1:19:1e:35:71|1|6|0|0|0|0
44:07:0b:89:e4:ab|8|0|0|0|0|0
54:60:09:e2:ee:aa|0|5|0|0|0|0
a4:50:46:4c:af:3b|0|0|47|25|6149|13948
44:07:0b:2f:49:8b|9|0|0|0|0|0
44:07:0b:6c:b6:e3|1|0|0|0|0|0
16:65:cd:09:02:d3|0|1|0|0|0|0
44:46:87:a9:e4:4b|0|2|0|0|0|0
e4:5f:01:5c:9d:89|0|2|0|0|0|0
c0:87:eb:8e:48:ef|0|6|0|0|0|0
