28
b4:e6:2d:f6:c8:79
90:9a:4a:80:85:9e|909|0|0|0|0|0
ff:ff:ff:ff:ff:ff|0|2676|0|154|0|14177
90:9a:4a:80:71:9a|1319|44|8152|2116|9064148|429284
a4:50:46:4c:af:3b|40|124|2053|8091|418391|9054202
68:ff:7b:c5:ca:c9|216|0|0|0|0|0
20:aa:4b:5b:e6:4b|391|0|156|0|14441|0
b4:e6:2d:f6:c8:79|0|2|0|5|0|549
4c:fc:aa:30:f4:e9|0|1|0|0|0|0
28:6d:cd:09:2a:ea|0|0|46|46|9332|8375
20:1f:3b:3a:bb:3d|4|0|0|0|0|0
3c:8d:20:4f:d8:e9|3|0|0|0|0|0
c0:06:c3:8f:c7:99|0|0|6|1|399|78
44:07:0b:70:9e:93|4|0|0|0|0|0
08:9e:08:49:f2:bd|0|3|0|0|0|0
c0:06:c3:8f:c0:7b|4|8|11|9|1162|944
a2:e0:6c:67:3c:21|0|12|0|0|0|0
08:9e:08:bc:6c:2b|0|1|0|0|0|0
33:33:00:00:00:01|0|0|0|1|0|120
ec:5c:68:84:b1:4b|1|14|0|0|0|0
ac:d1:b8:8d:4b:a1|0|2|0|0|0|0
5e:93:f7:d3:a1:9d|0|1|0|0|0|0
33:33:00:00:00:16|0|0|0|1|0|144
44:07:0b:2f:49:8b|9|0|0|0|0|0
6e:7d:6b:0b:bf:99|1|0|0|0|0|0
ce:3d:7b:90:d1:09|0|9|0|0|0|0
f4:f5:d8:8d:f2:58|0|2|0|0|0|0
42:b3:96:f0:f1:aa|0|1|0|0|0|0
f0:ef:86:06:76:35|0|1|0|0|0|0
