32
b4:e6:2d:f6:b6:a5
68:02:b8:1e:7f:1f|1218|0|12|0|1124|0
ff:ff:ff:ff:ff:ff|0|3460|0|8|0|612
6a:02:98:1e:7f:1f|1213|0|0|0|0|0
d8:b6:b7:7a:3a:61|1244|0|18|71|2126|2012
26:17:dc:59:74:f7|0|0|33|2|792|52
b4:e6:2d:f6:b6:a5|0|1|0|4|0|482
a4:3e:a0:a4:2a:46|0|122|0|0|0|0
e6:35:23:4e:ab:99|0|0|8|2|200|52
70:ee:50:73:4e:36|0|0|34|0|884|0
b0:95:75:4b:b9:26|0|0|0|34|0|884
0e:26:0a:2f:38:6b|0|0|8|0|192|0
01:00:5e:00:00:01|0|0|0|1|0|88
bc:54:51:02:a4:f0|0|0|22|2|828|52
da:a1:19:3a:2f:5a|0|4|0|0|0|0
80:58:f8:93:88:29|0|0|0|1|0|110
1a:87:40:64:e5:43|0|14|0|0|0|0
64:b3:10:aa:e3:3c|0|1|0|0|0|0
c8:66:5d:1f:4f:54|0|19|0|0|0|0
be:d1:ee:8b:ba:2c|0|5|0|0|0|0
6a:ba:c4:03:9f:22|1|7|0|0|0|0
d8:8c:79:90:f4:9b|0|6|0|0|0|0
7a:17:ae:26:2b:e5|0|7|0|0|0|0
36:7a:ea:52:cb:7f|0|7|0|0|0|0
