65
b4:e6:2d:f6:c8:79
28:6d:cd:09:2a:ea|0|0|17|3|3732|313
90:9a:4a:80:71:9a|1300|9|12|35|1722|5745
ff:ff:ff:ff:ff:ff|0|2925|0|19|0|1582
90:9a:4a:80:85:9e|1478|0|8|0|680|0
20:aa:4b:5b:e6:4b|594|0|22|0|1886|0
b4:e6:2d:f6:c8:79|0|2|0|4|0|471
9e:ab:89:2d:82:91|0|32|0|7|0|596
01:00:5e:00:00:01|0|0|0|2|0|160
38:00:25:e8:2f:88|0|30|0|0|0|0
80:91:33:25:67:05|13|80|0|0|0|0
c6:50:08:83:16:58|0|3|0|0|0|0
6e:66:58:69:ce:51|0|6|0|0|0|0
f4:f5:d8:8d:f2:58|3|7|0|0|0|0
76:59:d8:a0:9e:a7|0|2|0|0|0|0
c0:06:c3:8f:c7:99|5|10|8|3|929|782
56:c1:8b:f4:62:69|0|1|0|0|0|0
f0:ef:86:06:76:35|0|12|0|0|0|0
a2:d5:d1:7f:fb:95|0|1|0|0|0|0
c0:06:c3:8f:c0:7b|4|8|10|2|1084|156
5a:dd:db:a7:49:45|1|6|0|0|0|0
3c:8d:20:4f:d8:e9|2|0|0|0|0|0
0e:21:8d:53:97:71|6|15|0|0|0|0
54:60:09:e2:ee:aa|0|9|0|0|0|0
2a:76:80:f0:d4:ef|0|3|0|0|0|0
0e:2e:69:8d:1b:d7|2|13|0|0|0|0
a6:c5:d3:06:dd:de|0|3|0|0|0|0
26:98:86:93:f0:11|1|3|0|0|0|0
26:02:4f:3a:e8:aa|1|11|0|0|0|0
01:00:5e:00:00:fa|0|0|0|2|0|228
42:40:e4:62:e9:69|0|12|0|0|0|0
44:07:0b:2f:49:8b|8|0|0|0|0|0
08:9e:08:bc:6c:2b|0|1|0|0|0|0
82:5b:99:29:0f:e0|1|13|0|0|0|0
02:00:00:00:00:00|0|10|0|0|0|0
7c:2e:bd:f4:94:ee|8|0|0|0|0|0
06:4d:4f:5e:ba:c2|1|11|0|0|0|0
b8:27:eb:81:9a:d6|0|2|0|0|0|0
6a:d1:88:86:97:32|0|6|0|0|0|0
ac:67:84:52:fe:0b|2|0|0|0|0|0
06:4e:8a:04:53:b5|0|15|0|0|0|0
50:e0:85:84:55:94|3|17|0|0|0|0
42:88:1d:27:6b:24|1|15|0|0|0|0
00:08:07:76:35:b7|0|4|0|0|0|0
5a:ea:b0:fb:cb:df|0|12|0|0|0|0
f0:ef:86:21:66:5f|0|5|0|0|0|0
fa:e7:66:d8:d5:19|1|12|0|0|0|0
d8:47:32:54:de:63|0|10|0|0|0|0
2a:04:bf:cc:ae:65|1|12|0|0|0|0
e4:5f:01:5c:9d:89|0|1|0|0|0|0
e2:a9:57:3f:d3:58|0|6|0|0|0|0
7e:5b:7f:70:e0:6d|0|7|0|0|0|0
82:24:e2:96:55:13|0|3|0|0|0|0
2a:ee:4e:a6:55:d4|0|1|0|0|0|0
72:a4:84:73:22:17|0|1|0|0|0|0
76:5f:ff:99:27:71|0|2|0|0|0|0
26:38:f7:9a:1a:19|0|1|0|0|0|0
46:17:6f:b5:a5:8c|1|0|0|0|0|0
ca:e7:4d:4d:35:c1|0|12|0|0|0|0
32:d6:e2:e2:c6:b0|1|12|0|0|0|0
fa:fd:a0:41:fa:c0|0|3|0|0|0|0
ae:bd:23:01:e7:ba|0|3|0|0|0|0
aa:72:4c:ac:1b:34|2|17|0|0|0|0
96:71:59:55:cc:d1|2|10|0|0|0|0
16:de:06:d1:0f:9e|1|15|0|0|0|0
22:d6:35:62:5d:08|0|1|0|0|0|0
