27
b4:e6:2d:f6:b6:a5
68:02:b8:1e:7f:1f|1233|0|155|0|16956|0
ff:ff:ff:ff:ff:ff|0|3503|0|123|0|11548
6a:02:98:1e:7f:1f|1232|0|0|0|0|0
b4:e6:2d:f6:b6:a5|0|1|0|12|0|1218
d8:b6:b7:7a:3a:61|1264|0|9|55|350|1606
e6:35:23:4e:ab:99|0|0|11|2|326|52
c8:66:5d:1f:4f:54|0|6|0|0|0|0
01:00:5e:00:00:01|0|0|0|1|0|88
26:17:dc:59:74:f7|0|0|12|2|288|52
01:00:5e:00:00:fb|0|0|0|7|0|1559
33:33:00:00:00:fb|0|0|0|7|0|1699
a4:3e:a0:a4:2a:46|0|164|0|0|0|0
bc:54:51:02:a4:f0|0|0|20|1|704|26
0e:26:0a:2f:38:6b|0|0|12|2|288|52
33:33:00:00:00:16|0|0|0|2|0|248
01:00:5e:00:00:16|0|0|0|2|0|180
70:ee:50:73:4e:36|0|0|22|0|570|0
b0:95:75:4b:b9:26|0|0|0|22|0|570
64:b3:10:aa:e3:3c|0|9|0|0|0|0
de:ee:bf:54:1d:04|0|1|0|0|0|0
80:be:05:5f:13:d9|0|7|0|0|0|0
33:33:00:00:00:01|0|0|0|3|0|584
ee:e1:8d:83:90:e7|2|14|0|0|0|0
