19
b4:e6:2d:f6:b6:a5
68:02:b8:1e:7f:1f|1254|0|18|0|3272|0
ff:ff:ff:ff:ff:ff|0|2348|0|0|0|0
6a:02:98:1e:7f:1f|1253|0|0|0|0|0
70:ee:50:73:4e:36|0|0|136|0|5063|0
b0:95:75:4b:b9:26|0|0|0|136|0|5063
a4:3e:a0:a4:2a:46|0|66|0|0|0|0
b4:e6:2d:f6:b6:a5|0|1|0|4|0|482
10:1c:0c:1a:10:10|2|24|0|0|0|0
c8:66:5d:1f:4f:54|0|6|0|0|0|0
58:b1:0f:56:36:08|0|12|0|0|0|0
01:00:5e:00:00:fb|0|0|0|6|0|1179
33:33:00:00:00:fb|0|0|0|3|0|828
32:a2:92:4d:f3:72|0|6|0|0|0|0
06:ee:84:c3:2a:86|0|6|0|0|0|0
12:82:4a:a9:17:7a|0|12|0|0|0|0
4e:9b:05:55:9f:ce|2|24|0|0|0|0
01:00:5e:00:00:16|0|0|0|2|0|180
22:f2:43:cd:c6:1f|0|6|0|0|0|0
01:00:5e:7f:ff:fa|0|0|0|3|0|603
