36
b4:e6:2d:f6:c8:79
90:9a:4a:80:71:9a|1286|12|20|84|4958|13019
ff:ff:ff:ff:ff:ff|0|3125|0|45|0|7675
90:9a:4a:80:85:9e|821|0|5|20|396|480
20:aa:4b:5b:e6:4b|684|0|45|51|7675|1430
28:6d:cd:09:2a:ea|0|0|32|4|7154|408
44:07:0b:70:9e:93|20|45|0|0|0|0
68:ff:7b:c5:ca:c9|515|0|0|0|0|0
01:00:5e:00:00:01|0|0|0|1|0|84
b4:e6:2d:f6:c8:79|0|1|0|8|0|1006
44:07:0b:6c:b6:e3|1|0|0|0|0|0
80:91:33:25:67:05|0|83|0|0|0|0
c0:06:c3:8f:c7:99|4|6|6|1|399|78
12:e8:29:e4:16:89|1|0|0|0|0|0
c0:06:c3:8f:c0:7b|5|11|10|3|1084|246
00:08:07:76:35:b7|0|2|0|0|0|0
44:07:0b:2f:49:8b|15|0|0|0|0|0
e4:5f:01:5c:9d:89|0|2|0|0|0|0
c6:5a:ce:a4:3c:13|3|12|0|0|0|0
76:78:27:bc:20:c6|0|3|0|0|0|0
a4:50:46:4c:af:3b|3|4|36|4|4382|3220
9e:ab:89:2d:82:91|0|0|20|4|480|312
e6:1d:78:73:e4:e3|0|0|51|0|1430|0
da:a1:19:fd:fd:fd|2|12|0|0|0|0
96:8e:1f:5f:b1:92|0|2|0|0|0|0
46:3b:78:62:ec:7e|0|28|0|0|0|0
7a:d0:8b:77:be:5e|0|3|0|0|0|0
20:1f:3b:3a:bb:3d|4|0|0|0|0|0
f4:f5:d8:8d:f2:58|3|2|0|0|0|0
7a:f4:a9:5a:17:f8|0|3|0|0|0|0
ee:2c:69:64:5a:6c|0|2|0|0|0|0
38:f9:d3:b3:0c:da|2|0|0|0|0|0
f0:ef:86:06:76:35|0|7|0|0|0|0
54:60:09:e2:ee:aa|0|3|0|0|0|0
94:e2:3c:2c:75:7c|0|1|0|0|0|0
9e:ad:83:af:9f:33|0|1|0|0|0|0
5c:5f:67:4a:d7:b0|1|0|0|0|0|0
