35
b4:e6:2d:f6:b6:a5
68:02:b8:1e:7f:1f|1246|0|487|15|114962|390
ff:ff:ff:ff:ff:ff|0|3520|0|355|0|63949
6a:02:98:1e:7f:1f|1244|0|0|0|0|0
d8:b6:b7:7a:3a:61|1305|0|15|54|1897|1473
b4:e6:2d:f6:b6:a5|0|2|0|3|0|390
33:33:00:00:00:01|0|0|0|3|0|584
33:33:00:00:00:02|0|0|0|1|0|96
33:33:ff:1e:b6:60|0|0|0|1|0|112
26:17:dc:59:74:f7|0|0|18|2|432|52
54:88:0e:46:1b:78|0|79|0|0|0|0
01:00:5e:7f:ff:fa|0|0|0|130|0|51432
a4:3e:a0:a4:2a:46|0|67|0|0|0|0
80:1f:02:b4:07:ae|1|12|15|0|390|0
c8:66:5d:1f:4f:54|0|18|0|0|0|0
84:16:f9:07:68:71|0|14|0|0|0|0
e6:35:23:4e:ab:99|0|0|6|2|150|52
70:ee:50:73:4e:36|0|0|15|0|388|0
b0:95:75:4b:b9:26|0|0|0|15|0|388
0e:26:0a:2f:38:6b|0|0|6|2|144|52
bc:54:51:02:a4:f0|0|0|24|2|747|52
30:35:ad:7a:2f:04|0|7|0|0|0|0
2a:1b:e8:d6:55:75|0|6|0|0|0|0
7e:23:e8:be:fb:b4|0|11|0|0|0|0
1a:a0:36:33:b4:d0|2|0|0|0|0|0
70:2c:1f:8a:7c:d7|2|0|0|0|0|0
32:a0:a9:1e:88:f6|1|0|0|0|0|0
e0:9d:31:02:83:40|0|19|0|0|0|0
04:4e:af:fb:fd:77|1|0|0|0|0|0
76:13:56:1b:f3:d5|1|0|0|0|0|0
01:00:5e:00:00:01|0|0|0|1|0|88
58:91:cf:cd:10:f9|0|7|0|0|0|0
9c:5d:12:d7:43:d4|0|6|0|0|0|0
1a:87:40:33:d4:f3|0|14|0|0|0|0
64:b3:10:aa:e3:3c|0|7|0|0|0|0
ba:9f:31:f7:09:ae|0|14|0|0|0|0
