25
b4:e6:2d:f6:b6:a5
68:02:b8:1e:7f:1f|1300|7|200|30|44557|1066
ff:ff:ff:ff:ff:ff|0|2341|0|126|0|12087
6a:02:98:1e:7f:1f|1290|0|0|0|0|0
b4:e6:2d:f6:b6:a5|0|2|0|3|0|436
a4:3e:a0:a4:2a:46|0|150|0|0|0|0
01:00:5e:7f:ff:fa|0|0|0|59|0|30294
64:b3:10:aa:e3:3c|0|24|0|0|0|0
02:b4:c9:59:64:28|0|0|1|0|26|0
c8:66:5d:1f:4f:55|0|0|0|1|0|26
54:2a:a2:48:a3:f0|0|18|0|0|0|0
80:40:3d:7c:c7:5e|1|0|0|0|0|0
3e:c5:23:ad:6e:e9|0|6|0|0|0|0
68:02:b8:2e:8d:67|2|0|0|0|0|0
10:1c:0c:1a:10:10|2|18|0|0|0|0
6a:02:98:2e:8d:67|2|0|0|0|0|0
6e:ac:2e:49:8f:b5|2|12|0|0|0|0
8e:ce:84:5f:9c:42|1|18|0|0|0|0
c8:66:5d:1f:4f:54|0|6|0|0|0|0
a4:0f:28:79:54:e8|2|0|0|0|0|0
4e:9b:05:55:9f:ce|7|8|30|4|1066|516
33:33:00:00:00:16|0|0|0|3|0|432
33:33:00:00:00:01|0|0|0|3|0|584
33:33:00:00:00:02|0|0|0|1|0|96
