34
b4:e6:2d:f6:b6:a5
d8:b6:b7:7a:3a:61|1312|4|13|65|1444|1733
ff:ff:ff:ff:ff:ff|0|3511|0|138|0|42372
68:02:b8:1e:7f:1f|1254|0|145|0|43457|0
6a:02:98:1e:7f:1f|1253|0|0|0|0|0
70:ee:50:73:4e:36|0|0|28|0|722|0
b0:95:75:4b:b9:26|0|0|0|28|0|722
b4:e6:2d:f6:b6:a5|0|1|0|4|0|482
a4:3e:a0:a4:2a:46|0|88|0|0|0|0
4e:4e:1b:74:99:de|0|7|0|0|0|0
d8:8c:79:90:f4:9b|0|7|0|0|0|0
e6:35:23:4e:ab:99|0|0|8|2|200|52
64:b3:10:aa:e3:3c|0|42|0|0|0|0
76:4c:1b:d8:c4:a1|0|7|0|0|0|0
00:1c:bf:52:98:29|0|12|0|0|0|0
26:17:dc:59:74:f7|0|0|12|2|288|52
0e:26:0a:2f:38:6b|4|3|36|0|864|0
bc:54:51:02:a4:f0|0|0|9|2|381|52
01:00:5e:00:00:01|0|0|0|1|0|88
ba:62:d6:e5:f7:6c|0|13|0|0|0|0
6a:d5:c7:64:dd:dd|0|7|0|0|0|0
d6:6e:0d:6f:4f:83|0|13|0|0|0|0
ba:52:3c:ea:90:84|0|3|0|0|0|0
88:51:7a:aa:bb:6a|0|17|0|0|0|0
96:a8:b3:9a:7f:4b|0|7|0|0|0|0
36:3c:a9:f6:f7:a0|0|26|0|0|0|0
74:df:bf:a3:9d:7c|0|2|0|0|0|0
96:66:73:43:28:20|0|13|0|0|0|0
f6:18:07:a1:c2:f9|0|6|0|0|0|0
2e:9b:2f:a8:d5:38|0|20|0|0|0|0
c8:66:5d:1f:4f:54|0|12|0|0|0|0
22:c5:70:bc:0c:9f|0|2|0|0|0|0
01:00:5e:00:00:fb|0|0|0|3|0|570
33:33:00:00:00:fb|0|0|0|3|0|630
01:00:5e:7f:ff:fa|0|0|0|3|0|603
