30
b4:e6:2d:f6:b6:a5
6a:02:98:1e:7f:1f|1104|0|0|0|0|0
ff:ff:ff:ff:ff:ff|0|2168|0|203|0|42176
02:aa:3f:a7:c9:b2|35|0|2|0|636|0
68:02:b8:1e:7f:1f|1203|0|218|0|44296|0
b4:e6:2d:f6:b6:a5|0|2|0|3|0|390
02:aa:3f:a7:c9:b1|17|0|0|0|0|0
01:00:5e:7f:ff:fa|0|0|0|4|0|1155
a4:3e:a0:a4:2a:46|0|77|0|0|0|0
0e:b2:83:df:19:06|0|1|0|0|0|0
64:b3:10:aa:e3:3c|0|6|0|0|0|0
c8:66:5d:1f:4f:54|0|6|0|0|0|0
42:31:20:54:54:77|0|2|0|0|0|0
96:de:3b:d9:5e:a6|0|6|0|0|0|0
54:2a:a2:48:a3:f0|0|33|0|0|0|0
b2:1e:82:cb:a2:3e|2|6|0|0|0|0
82:c6:3b:e1:2b:35|0|6|0|0|0|0
2a:68:a3:c0:f5:2f|0|6|0|0|0|0
6e:fa:cf:b3:66:c4|0|5|0|0|0|0
5c:f8:21:84:a4:31|0|4|0|0|0|0
10:1c:0c:1a:10:10|2|0|0|0|0|0
8c:c5:b4:3b:6e:56|0|5|0|0|0|0
33:33:00:01:00:03|0|0|0|3|0|351
01:00:5e:00:00:fc|0|0|0|4|0|388
12:01:51:ba:1a:34|0|12|0|0|0|0
