17
b4:e6:2d:f6:b6:a5
68:02:b8:1e:7f:1f|1221|0|8|0|1161|0
ff:ff:ff:ff:ff:ff|0|2355|0|1|0|94
6a:02:98:1e:7f:1f|1219|0|0|0|0|0
b4:e6:2d:f6:b6:a5|0|2|0|5|0|577
72:fe:3b:06:5c:73|3|0|0|0|0|0
70:ee:50:73:4e:36|0|0|9|0|234|0
b0:95:75:4b:b9:26|0|0|0|9|0|234
44:fe:3b:06:5c:71|40|0|1|0|94|0
a4:3e:a0:a4:2a:46|0|88|0|0|0|0
33:33:00:00:00:01|0|0|0|3|0|584
c8:66:5d:1f:4f:54|0|6|0|0|0|0
64:b3:10:aa:e3:3c|0|15|0|0|0|0
42:fc:f8:1d:3f:16|0|2|0|0|0|0
ba:e4:a0:19:73:95|0|11|0|0|0|0
10:1c:0c:1a:10:10|1|1|0|0|0|0
f0:5c:77:1a:f1:64|0|3|0|0|0|0
2a:4e:4a:72:29:c9|0|1|0|0|0|0
