42
b4:e6:2d:f6:c8:79
90:9a:4a:80:71:9a|1241|9|37|62|6400|6831
ff:ff:ff:ff:ff:ff|0|2495|0|29|0|4308
90:9a:4a:80:85:9e|1165|4|29|566|7523|44651
20:aa:4b:5b:e6:4b|147|0|35|0|5000|0
9e:ab:89:2d:82:91|4|24|566|28|44651|7439
b4:e6:2d:f6:c8:79|0|4|0|4|0|454
28:6d:cd:09:2a:ea|1|3|3|0|78|0
c0:06:c3:8f:c7:99|0|0|6|2|399|237
50:e0:85:84:55:94|3|13|0|0|0|0
00:08:07:76:35:b7|0|1|0|0|0|0
68:ff:7b:c5:ca:c9|41|0|0|0|0|0
56:f7:b0:2c:66:fc|3|24|0|0|0|0
a4:50:46:4c:af:3b|4|16|46|21|5710|4493
c2:cc:dd:ad:48:4d|3|0|0|0|0|0
44:07:0b:2f:49:8b|4|0|0|0|0|0
94:65:2d:d6:9c:46|0|1|0|0|0|0
c0:06:c3:8f:c0:7b|4|8|7|10|644|1216
20:1f:3b:3a:bb:3d|7|0|0|0|0|0
d8:47:32:54:de:63|0|4|0|0|0|0
01:00:5e:00:00:fb|0|0|0|2|0|225
33:33:00:00:00:fb|0|0|0|1|0|141
32:1a:ac:e0:34:b5|0|3|0|0|0|0
7c:2e:bd:f4:94:ee|6|0|0|0|0|0
01:00:5e:00:00:fa|0|0|0|2|0|228
44:07:0b:70:9e:93|3|0|0|0|0|0
36:aa:32:a5:e1:26|0|1|0|0|0|0
54:60:09:e2:ee:aa|0|1|0|0|0|0
2a:a8:93:3e:0f:e7|0|5|0|0|0|0
da:68:65:a7:1b:d3|0|3|0|0|0|0
c2:83:78:78:e2:a8|0|1|0|0|0|0
ee:d5:15:3a:08:83|0|1|0|0|0|0
f0:f6:c1:d5:cb:42|0|3|0|0|0|0
84:4b:f5:19:a0:99|0|1|0|0|0|0
42:06:b8:d8:38:6b|0|1|0|0|0|0
9e:e0:c7:4c:63:99|0|2|0|0|0|0
01:00:5e:00:00:fc|0|0|0|1|0|98
08:9e:08:bc:6c:2b|0|3|0|0|0|0
f0:ef:86:06:76:35|0|2|0|0|0|0
01:00:5e:00:00:01|0|0|0|1|0|84
e6:09:33:6a:b6:d7|0|1|0|0|0|0
d6:68:81:85:17:18|0|1|0|0|0|0
a2:c5:1c:6c:21:97|0|1|0|0|0|0
