40
b4:e6:2d:f6:c8:79
90:9a:4a:80:85:9e|1171|11|15110|183|22238336|4777
ff:ff:ff:ff:ff:ff|0|2647|0|11|0|1089
90:9a:4a:80:71:9a|1258|5|42|53|6021|21334
9e:ab:89:2d:82:91|11|31|183|15109|4777|22238252
20:aa:4b:5b:e6:4b|272|0|15|0|1579|0
50:e0:85:84:55:94|4|10|0|0|0|0
68:ff:7b:c5:ca:c9|64|0|0|0|0|0
02:00:00:00:00:00|0|1|0|0|0|0
bc:54:2f:5e:b7:f3|1|5|0|0|0|0
22:48:f8:26:26:64|0|4|0|0|0|0
82:e1:a5:10:17:36|0|3|0|0|0|0
a4:50:46:4c:af:3b|1|1|34|28|19773|4500
7a:10:f7:b0:c1:0f|0|3|0|0|0|0
10:fe:ed:dd:08:06|4|0|0|0|0|0
c0:06:c3:8f:c7:99|0|0|6|2|399|237
44:07:0b:70:9e:93|1|0|0|0|0|0
10:08:2c:03:d7:d2|0|3|0|0|0|0
c0:06:c3:8f:c0:7b|4|8|10|9|1084|956
80:45:dd:a7:9e:f5|1|0|0|0|0|0
02:7f:fc:07:f0:1d|0|1|0|0|0|0
01:00:5e:00:00:fb|0|0|0|1|0|121
33:33:00:00:00:fb|0|0|0|1|0|141
b4:e6:2d:f6:c8:79|0|1|0|3|0|328
28:6d:cd:09:2a:ea|0|0|3|0|78|0
44:07:0b:89:e4:ab|6|0|0|0|0|0
01:00:5e:00:00:fa|0|0|0|2|0|228
00:08:07:76:35:b7|0|1|0|0|0|0
56:65:7f:87:74:99|2|1|0|0|0|0
4a:a2:72:ea:4c:99|15|67|0|0|0|0
ae:51:a4:87:12:eb|0|3|0|0|0|0
fe:a5:0e:df:0f:cf|1|3|0|0|0|0
54:60:09:e2:ee:aa|0|5|0|0|0|0
20:1f:3b:3a:bb:3d|1|0|0|0|0|0
74:df:bf:45:ac:65|0|1|0|0|0|0
c2:18:0d:fa:72:0c|1|0|0|0|0|0
b8:27:eb:81:9a:d6|0|1|0|0|0|0
f0:ef:86:06:76:35|0|3|0|0|0|0
44:07:0b:2f:49:8b|2|0|0|0|0|0
f4:f5:d8:8d:f2:58|0|1|0|0|0|0
01:00:5e:00:00:01|0|0|0|1|0|84
