30
b4:e6:2d:f6:c8:79
90:9a:4a:80:71:9a|1181|4|23|52|2745|8821
ff:ff:ff:ff:ff:ff|0|3730|0|73|0|13624
20:aa:4b:5b:e6:4b|990|0|76|0|13972|0
b8:27:eb:81:9a:d6|0|4|0|0|0|0
90:9a:4a:80:85:9e|1155|2|5|15|396|360
68:ff:7b:c5:ca:c9|457|0|0|0|0|0
28:6d:cd:09:2a:ea|0|0|30|7|6654|951
a4:50:46:4c:af:3b|0|0|4|0|312|0
b4:e6:2d:f6:c8:79|0|1|0|3|0|376
08:9e:08:bc:6c:2b|0|2|0|0|0|0
9e:ab:89:2d:82:91|2|4|15|4|360|312
01:00:5e:00:00:fa|0|0|0|2|0|228
ac:d1:b8:8d:4b:a1|0|1|0|0|0|0
01:00:5e:00:00:01|0|0|0|2|0|160
44:07:0b:2f:49:8b|9|0|0|0|0|0
f0:ef:86:21:66:5f|0|3|0|0|0|0
20:1f:3b:3a:bb:3d|6|0|0|0|0|0
f4:f2:6d:90:44:3c|5|0|1|0|76|0
c0:06:c3:8f:c0:7b|4|8|11|8|1243|866
c0:06:c3:8f:c7:99|0|0|7|5|612|552
f0:ef:86:06:76:35|0|25|0|0|0|0
33:33:00:00:00:01|0|0|0|1|0|120
02:10:9c:3b:36:eb|0|1|0|0|0|0
00:08:07:76:35:b7|0|7|0|0|0|0
e4:5f:01:5c:9d:89|0|5|0|0|0|0
00:08:03:bf:74:c3|0|2|0|0|0|0
44:07:0b:70:9e:93|7|0|0|0|0|0
1c:bf:ce:e3:fb:45|0|9|0|0|0|0
94:e2:3c:2c:75:7c|0|1|0|0|0|0
f4:f5:d8:8d:f2:58|0|7|0|0|0|0
