33
b4:e6:2d:f6:c8:79
90:9a:4a:80:85:9e|1160|4|1193|70|934924|1680
ff:ff:ff:ff:ff:ff|0|2341|0|20|0|1708
90:9a:4a:80:71:9a|1315|22|278|346|70381|29215
54:2a:a2:73:c6:e9|3|45|0|0|0|0
b4:e6:2d:f6:c8:79|0|4|0|8|0|1006
44:07:0b:2f:49:8b|5|0|0|0|0|0
68:ff:7b:c5:ca:c9|39|0|0|0|0|0
e6:1d:78:73:e4:e3|0|0|35|0|1014|0
20:aa:4b:5b:e6:4b|53|0|3|35|228|1014
54:60:09:e2:ee:aa|0|6|0|0|0|0
9e:ab:89:2d:82:91|4|33|70|1137|1680|913995
28:6d:cd:09:2a:ea|0|0|36|21|7506|2977
80:91:33:25:67:05|0|63|0|0|0|0
c0:06:c3:8f:c0:7b|5|8|13|16|1210|1826
00:08:07:76:35:b7|0|1|0|0|0|0
a4:50:46:4c:af:3b|12|13|289|224|19944|63468
d8:47:32:54:de:63|0|4|0|0|0|0
44:07:0b:70:9e:93|3|0|0|0|0|0
c0:06:c3:8f:c7:99|5|10|8|9|555|1104
50:e0:85:84:55:94|4|12|0|0|0|0
01:00:5e:7f:ff:fa|0|0|0|39|0|19629
ec:5c:68:84:b1:4b|2|18|0|0|0|0
