40
b4:e6:2d:f6:b6:a5
6a:02:98:1e:7f:1f|1297|0|0|0|0|0
ff:ff:ff:ff:ff:ff|0|2357|0|306|0|58632
68:02:b8:1e:7f:1f|1306|0|549|0|128400|0
dc:41:a9:b1:30:a0|0|12|0|234|0|68494
44:fe:3b:06:5c:71|81|0|0|0|0|0
88:9f:6f:ab:69:ae|0|39|0|0|0|0
b4:e6:2d:f6:b6:a5|0|1|0|4|0|482
70:ee:50:73:4e:36|0|0|18|0|464|0
b0:95:75:4b:b9:26|0|0|0|18|0|464
76:52:1d:d0:c0:f3|0|1|0|0|0|0
2a:e6:c4:b9:74:f8|0|3|0|0|0|0
2c:db:07:46:b4:19|0|6|0|0|0|0
fe:a8:49:4f:fc:85|0|12|0|0|0|0
3a:21:20:d7:aa:06|1|8|0|0|0|0
10:1c:0c:1a:10:10|3|15|0|0|0|0
aa:e2:ca:34:9e:8e|2|10|0|0|0|0
33:33:00:00:00:01|0|0|0|3|0|584
00:1c:bf:52:98:29|0|12|0|0|0|0
33:33:00:00:00:02|0|0|0|1|0|96
33:33:ff:1e:b6:60|0|0|0|1|0|112
26:94:9b:c4:cd:39|4|57|0|0|0|0
0a:c7:fe:cd:29:a3|1|12|0|0|0|0
a4:3e:a0:a4:2a:46|0|91|0|0|0|0
76:7d:85:b0:c7:f6|0|6|0|0|0|0
5e:bc:b6:ae:5a:26|1|0|0|0|0|0
d2:b6:46:d9:8d:b2|0|1|0|0|0|0
7e:6e:c2:6c:03:4b|0|1|0|0|0|0
66:d1:53:bc:c6:14|0|3|0|0|0|0
5a:2e:9a:b8:7e:c9|0|4|0|0|0|0
64:b3:10:aa:e3:3c|0|14|0|0|0|0
a6:5e:72:51:85:84|0|2|0|0|0|0
f0:5c:77:1a:f1:64|0|3|0|0|0|0
c8:66:5d:1f:4f:54|0|6|0|0|0|0
0a:ac:ba:df:37:ce|0|5|0|0|0|0
06:5c:4a:47:61:d6|0|1|0|0|0|0
9a:6a:22:a8:cc:9a|0|4|0|0|0|0
5c:f5:da:55:8b:f6|0|1|0|0|0|0
d6:4c:27:b5:dc:ec|0|9|0|0|0|0
a8:3e:0e:ab:79:69|1|0|0|0|0|0
ee:99:65:a0:01:ff|0|1|0|0|0|0
