49
b4:e6:2d:f6:b6:a5
d8:b6:b7:7a:3a:61|1434|0|37|72|5426|2043
ff:ff:ff:ff:ff:ff|0|3489|0|139|0|42653
68:02:b8:1e:7f:1f|1245|0|197|0|52183|0
6a:02:98:1e:7f:1f|1244|0|0|0|0|0
70:ee:50:73:4e:36|0|0|26|0|676|0
b0:95:75:4b:b9:26|0|0|0|26|0|676
a4:3e:a0:a4:2a:46|0|167|0|0|0|0
b4:e6:2d:f6:b6:a5|0|1|0|3|0|390
bc:54:51:02:a4:f0|0|0|27|2|901|236
fe:10:c9:98:fa:d2|0|7|0|0|0|0
0e:26:0a:2f:38:6b|0|0|14|2|336|52
64:b3:10:aa:e3:3c|0|15|0|0|0|0
06:ad:13:62:76:ff|0|7|0|0|0|0
26:17:dc:59:74:f7|0|0|20|2|480|52
42:4a:09:3c:c1:72|0|4|0|0|0|0
c8:66:5d:1f:4f:54|0|18|0|0|0|0
4e:9b:05:55:9f:ce|1|22|0|0|0|0
01:00:5e:00:00:16|0|0|0|15|0|1398
01:00:5e:00:00:fb|0|0|0|12|0|1753
e6:35:23:4e:ab:99|0|0|11|1|326|26
06:fb:1b:93:35:34|0|7|0|0|0|0
f0:72:ea:da:42:c6|0|28|0|0|0|0
2c:db:07:46:b4:19|0|7|0|0|0|0
01:00:5e:7f:ff:fa|0|0|0|40|0|8371
3a:8f:0d:bc:d5:97|0|7|0|0|0|0
ee:91:dd:53:39:db|0|7|0|0|0|0
33:33:00:00:00:16|0|0|0|5|0|620
33:33:00:00:00:fb|0|0|0|7|0|1148
33:33:00:01:00:03|0|0|0|1|0|129
01:00:5e:00:00:fc|0|0|0|1|0|109
ca:a7:4c:9e:b0:ae|0|11|0|0|0|0
1c:e1:92:67:51:3c|0|11|0|0|0|0
22:ad:56:3a:8f:47|9|0|0|0|0|0
10:8e:e0:22:17:e8|0|2|0|0|0|0
5a:34:e7:73:6d:4c|0|7|0|0|0|0
f0:5c:77:1a:f1:64|0|7|0|0|0|0
fe:4d:c2:8e:61:52|0|7|0|0|0|0
33:33:00:00:00:01|0|0|0|3|0|584
80:91:33:3d:9a:3b|0|6|0|0|0|0
5e:64:7a:13:be:f5|0|7|0|0|0|0
01:00:5e:00:00:01|0|0|0|1|0|88
d8:8c:79:90:f4:9b|0|7|0|0|0|0
32:d1:5f:f6:fc:a8|0|21|0|0|0|0
26:46:82:68:30:27|0|14|0|0|0|0
12:ec:c7:9b:50:03|0|7|0|0|0|0
d2:4e:7a:2b:98:8c|0|13|0|0|0|0
62:f3:99:04:92:c3|0|7|0|0|0|0
70:bc:10:16:23:53|0|13|0|0|0|0
8e:d6:86:c7:a8:46|0|7|0|0|0|0
