28
b4:e6:2d:f6:b6:a5
d8:b6:b7:7a:3a:61|1266|0|23|68|2516|1916
ff:ff:ff:ff:ff:ff|0|3507|0|9|0|692
68:02:b8:1e:7f:1f|1223|0|46|0|7021|0
6a:02:98:1e:7f:1f|1218|0|0|0|0|0
b4:e6:2d:f6:b6:a5|0|2|0|4|0|482
e6:35:23:4e:ab:99|0|0|13|2|374|52
26:17:dc:59:74:f7|0|0|19|2|456|52
f0:72:ea:da:42:c6|0|14|0|0|0|0
a4:3e:a0:a4:2a:46|0|105|0|0|0|0
bc:54:51:02:a4:f0|0|0|19|4|678|472
0e:26:0a:2f:38:6b|0|0|17|2|408|52
64:b3:10:aa:e3:3c|0|26|0|0|0|0
01:00:5e:00:00:01|0|0|0|1|0|88
1a:87:40:27:d9:08|0|7|0|0|0|0
9a:c7:35:1e:33:f5|0|6|0|0|0|0
33:33:00:00:00:16|0|0|0|3|0|380
01:00:5e:00:00:fb|0|0|0|10|0|1548
33:33:00:00:00:fb|0|0|0|9|0|1638
d8:8c:79:90:f4:9b|0|7|0|0|0|0
01:00:5e:00:00:16|0|0|0|2|0|184
33:33:00:00:00:01|0|0|0|3|0|584
33:33:00:00:00:02|0|0|0|1|0|96
33:33:ff:1e:b6:60|0|0|0|1|0|112
c8:66:5d:1f:4f:54|0|20|0|0|0|0
01:00:5e:7f:ff:fa|0|0|0|15|0|3015
01:00:5e:00:00:02|0|0|0|1|0|90
f0:5c:77:1a:f1:64|0|6|0|0|0|0
7a:3c:f1:53:d5:6d|0|7|0|0|0|0
