54
b4:e6:2d:f6:b6:a5
6a:02:98:1e:7f:1f|1343|0|0|0|0|0
ff:ff:ff:ff:ff:ff|0|2384|0|187|0|35953
02:aa:3f:a7:c9:b2|222|0|90|0|38558|0
33:33:00:00:00:0c|0|0|0|38|0|21923
01:00:5e:7f:ff:fa|0|0|0|25|0|13681
68:02:b8:1e:7f:1f|1353|0|182|0|35728|0
5c:f8:21:84:a4:31|0|45|0|0|0|0
b4:e6:2d:f6:b6:a5|0|2|0|5|0|577
a8:3e:0e:ab:79:69|0|17|0|0|0|0
02:aa:3f:a7:c9:b1|11|0|0|0|0|0
a4:3e:a0:a4:2a:46|0|131|0|0|0|0
10:1c:0c:1a:10:10|3|24|0|0|0|0
72:27:fa:e3:56:5d|0|8|0|0|0|0
a6:c6:eb:e7:3c:9a|3|0|0|0|0|0
0e:f4:fe:e5:9e:0b|0|6|0|0|0|0
12:71:04:ad:80:f6|0|1|0|0|0|0
fe:c5:cc:9b:a5:a5|0|6|0|0|0|0
33:33:ff:02:17:66|0|0|0|16|0|1920
ae:b0:1b:0d:47:d2|0|3|0|0|0|0
f8:77:b8:53:10:e8|10|108|0|0|0|0
42:d3:da:e6:77:3a|0|6|0|0|0|0
42:8d:c4:5e:4e:25|0|13|0|0|0|0
6e:f7:b9:c2:5a:06|0|6|0|0|0|0
16:f2:da:c2:c5:61|0|5|0|0|0|0
da:a1:19:e7:77:4a|0|5|0|0|0|0
32:a6:df:37:bb:e8|0|10|0|0|0|0
c8:66:5d:1f:4f:54|0|18|0|0|0|0
e2:6c:ad:37:84:7e|0|3|0|0|0|0
9e:39:84:f1:32:29|0|6|0|0|0|0
1e:56:62:e8:4c:61|0|4|0|0|0|0
d8:8c:79:90:f4:9b|0|6|0|0|0|0
fa:8c:d3:dd:44:0b|0|6|0|0|0|0
00:0c:e7:1b:74:c5|1|8|0|0|0|0
5e:95:36:ad:d3:89|0|5|0|0|0|0
72:f7:ce:6c:27:c0|0|8|0|0|0|0
52:fc:42:51:24:01|0|5|0|0|0|0
0a:d8:8e:e8:95:01|0|6|0|0|0|0
b8:27:eb:e1:37:8b|0|23|0|0|0|0
da:fe:66:05:64:4a|0|6|0|0|0|0
00:0c:e7:73:63:47|2|0|0|0|0|0
06:fa:56:fc:40:e6|0|6|0|0|0|0
12:b8:af:ec:ff:5c|0|6|0|0|0|0
00:0c:e7:74:c0:97|0|2|0|0|0|0
66:ee:ec:49:3c:1f|0|12|0|0|0|0
00:0c:e7:30:4d:42|0|4|0|0|0|0
ca:8d:bb:82:78:5f|0|5|0|0|0|0
33:33:00:00:00:01|0|0|0|1|0|232
4a:71:af:6b:09:4a|0|1|0|0|0|0
