38
b4:e6:2d:f6:c8:79
90:9a:4a:80:85:9e|1163|0|5|4|396|96
ff:ff:ff:ff:ff:ff|0|3154|0|31|0|6077
90:9a:4a:80:71:9a|1234|5|32|78|4799|16118
68:ff:7b:c5:ca:c9|515|0|0|0|0|0
20:aa:4b:5b:e6:4b|315|0|34|0|6426|0
b4:e6:2d:f6:c8:79|0|3|0|3|0|376
28:6d:cd:09:2a:ea|0|0|36|8|8154|1110
9e:ab:89:2d:82:91|0|11|4|4|96|312
44:07:0b:2f:49:8b|10|0|0|0|0|0
a4:50:46:4c:af:3b|3|4|30|11|7134|2007
01:00:5e:00:00:01|0|0|0|1|0|84
b4:75:0e:da:6c:72|1|0|0|0|0|0
b4:75:0e:da:6c:73|1|0|0|0|0|0
b8:27:eb:81:9a:d6|0|2|0|0|0|0
c0:06:c3:8f:c0:7b|2|4|7|4|590|433
50:e0:85:84:55:94|5|13|0|0|0|0
c0:06:c3:8f:c7:99|0|0|5|6|240|873
f0:f6:c1:d5:cb:42|0|13|0|0|0|0
74:e5:f9:00:9d:f3|0|6|0|0|0|0
f0:ef:86:06:76:35|0|1|0|0|0|0
01:00:5e:00:00:fa|0|0|0|2|0|228
88:3d:24:10:7e:ce|0|1|0|0|0|0
f4:f5:d8:8d:f2:58|0|2|0|0|0|0
bc:54:2f:5e:b7:f3|1|7|0|0|0|0
a0:d3:7a:c9:2e:12|0|3|0|0|0|0
02:00:00:00:00:00|0|6|0|0|0|0
8a:b5:70:2a:3e:29|1|4|0|0|0|0
44:07:0b:70:9e:93|2|0|0|0|0|0
44:07:0b:6c:b6:e3|1|0|0|0|0|0
20:1f:3b:3a:bb:3d|3|0|0|0|0|0
44:07:0b:89:e4:ab|7|0|0|0|0|0
04:ba:8d:cd:9d:cd|0|4|0|0|0|0
e4:5f:01:5c:9d:89|0|1|0|0|0|0
a0:2c:36:28:1e:19|0|9|0|0|0|0
ba:92:3e:fe:ff:fd|2|8|0|0|0|0
01:00:5e:00:00:fb|0|0|0|1|0|121
52:9f:bd:db:8a:b0|1|4|0|0|0|0
84:4b:f5:19:a0:99|0|2|0|0|0|0
