26
b4:e6:2d:f6:b6:a5
68:02:b8:1e:7f:1f|1233|0|34|0|4238|0
ff:ff:ff:ff:ff:ff|0|3515|0|8|0|612
6a:02:98:1e:7f:1f|1232|0|0|0|0|0
d8:b6:b7:7a:3a:61|1245|0|9|46|350|1224
a4:3e:a0:a4:2a:46|0|122|0|0|0|0
b4:e6:2d:f6:b6:a5|0|2|0|5|0|577
bc:54:51:02:a4:f0|0|0|16|2|496|52
e6:35:23:4e:ab:99|0|0|10|2|248|52
0e:26:0a:2f:38:6b|0|0|9|2|216|52
01:00:5e:00:00:fb|0|0|0|6|0|830
33:33:00:00:00:fb|0|0|0|5|0|840
33:33:00:00:00:16|0|0|0|2|0|248
01:00:5e:00:00:02|0|0|0|1|0|90
8e:ce:84:5f:9c:42|4|20|0|0|0|0
82:1b:32:dc:25:3e|0|7|0|0|0|0
c8:66:5d:1f:4f:54|0|19|0|0|0|0
26:17:dc:59:74:f7|0|0|11|1|264|26
01:00:5e:00:00:01|0|0|0|1|0|88
16:85:3d:0e:5a:76|0|7|0|0|0|0
33:33:00:00:00:01|0|0|0|3|0|584
33:33:00:00:00:02|0|0|0|1|0|96
33:33:ff:1e:b6:60|0|0|0|1|0|112
64:b3:10:aa:e3:3c|0|8|0|0|0|0
f0:72:ea:da:42:c6|0|7|0|0|0|0
80:58:f8:93:88:29|0|0|0|3|0|329
d8:8c:79:90:f4:9b|0|7|0|0|0|0
