33
b4:e6:2d:f6:b6:a5
68:02:b8:1e:7f:1f|1364|4|340|21|59797|980
ff:ff:ff:ff:ff:ff|0|2537|0|237|0|22951
6a:02:98:1e:7f:1f|1355|0|0|0|0|0
02:aa:3f:a7:c9:b1|100|0|0|0|0|0
01:00:5e:7f:ff:fa|0|0|0|85|0|35061
02:aa:3f:a7:c9:b2|102|0|15|0|5897|0
e4:5f:01:7e:fb:99|0|1|0|0|0|0
a4:3e:a0:a4:2a:46|0|106|0|0|0|0
b4:e6:2d:f6:b6:a5|0|2|0|4|0|485
9c:32:ce:15:f6:3e|0|0|88|0|2288|0
68:02:b8:2e:8d:67|0|0|0|88|0|2288
54:2a:a2:48:a3:f0|0|55|0|0|0|0
92:d1:47:9d:3c:c2|0|2|0|0|0|0
04:4e:af:fb:fd:77|0|2|0|0|0|0
26:94:9b:c4:cd:39|6|41|21|4|980|506
01:00:5e:00:00:fb|0|0|0|6|0|1916
33:33:00:00:00:0c|0|0|0|4|0|2215
5c:f8:21:84:a4:31|0|4|0|0|0|0
da:70:a1:2b:cc:c5|1|0|0|0|0|0
ca:43:2f:dd:04:85|1|0|0|0|0|0
33:33:00:00:00:01|0|0|0|3|0|584
10:1c:0c:1a:10:10|2|18|0|0|0|0
c8:66:5d:1f:4f:54|0|11|0|0|0|0
