44
b4:e6:2d:f6:c8:79
20:aa:4b:5b:e6:4b|405|0|36|1|6466|78
ff:ff:ff:ff:ff:ff|0|2250|0|44|0|7857
90:9a:4a:80:71:9a|1146|5|31|59|3462|11272
90:9a:4a:80:85:9e|666|0|0|0|0|0
68:ff:7b:c5:ca:c9|109|0|0|0|0|0
01:00:5e:00:00:fb|0|0|0|1|0|121
28:6d:cd:09:2a:ea|0|0|42|2|9403|156
a6:23:9c:e5:b4:cb|2|6|0|0|0|0
44:07:0b:2f:49:8b|11|0|0|0|0|0
c0:06:c3:8f:c7:99|0|0|7|9|785|702
44:46:87:a9:e4:4b|0|6|0|0|0|0
22:83:1b:df:0c:40|0|3|0|0|0|0
c0:06:c3:8f:c0:7b|5|9|10|2|1084|156
01:00:5e:00:00:fa|0|0|0|2|0|228
ac:d1:b8:8d:4b:a1|0|2|0|0|0|0
4c:fc:aa:30:f4:e9|0|3|0|0|0|0
e4:5f:01:5c:9d:89|0|2|0|0|0|0
b4:e6:2d:f6:c8:79|0|4|0|4|0|454
f4:f5:d8:8d:f2:58|1|1|0|0|0|0
38:f9:d3:b3:0c:da|1|0|0|0|0|0
a2:e0:6c:67:3c:21|1|5|0|0|0|0
01:00:5e:00:00:01|0|0|0|2|0|160
01:00:5e:00:00:16|0|0|0|1|0|94
c6:1c:a0:a5:bc:47|0|2|0|0|0|0
08:9e:08:49:f2:bd|0|2|0|0|0|0
20:1f:3b:3a:bb:3d|1|0|0|0|0|0
ec:5c:68:84:b1:4b|1|11|0|0|0|0
e6:1d:78:73:e4:e3|0|0|1|0|78|0
7c:b2:7d:d3:ca:b1|0|2|0|0|0|0
1e:f0:9f:93:2b:65|0|3|0|0|0|0
1c:bf:ce:e3:fb:45|0|3|0|0|0|0
de:5f:f2:87:0f:ba|0|3|0|0|0|0
9e:e0:c7:4c:63:99|0|4|0|0|0|0
44:07:0b:70:9e:93|3|0|0|0|0|0
44:07:0b:60:bf:75|1|0|0|0|0|0
02:00:00:00:00:00|0|1|0|0|0|0
da:52:0f:55:87:77|0|1|0|0|0|0
b8:27:eb:81:9a:d6|0|1|0|0|0|0
52:af:24:43:21:1a|0|7|0|0|0|0
54:60:09:e2:ee:aa|0|9|0|0|0|0
be:a3:d2:b6:c5:3f|0|1|0|0|0|0
b2:44:80:5b:88:d8|0|1|0|0|0|0
7e:74:db:38:39:f2|0|4|0|0|0|0
00:08:07:76:35:b7|0|2|0|0|0|0
