40
b4:e6:2d:f6:b6:a5
68:02:b8:1e:7f:1f|1248|1|621|85|420176|2314
ff:ff:ff:ff:ff:ff|0|3513|0|15|0|1744
6a:02:98:1e:7f:1f|1243|0|0|0|0|0
d8:b6:b7:7a:3a:61|1255|0|32|58|4909|1624
01:00:5e:7f:ff:fa|0|0|0|67|0|32473
b4:e6:2d:f6:b6:a5|0|2|0|3|0|390
e6:35:23:4e:ab:99|0|0|8|2|200|52
be:73:89:77:85:fe|1|7|0|0|0|0
04:4e:af:fb:fd:77|18|0|0|0|0|0
6a:02:98:2e:8d:67|5|0|0|0|0|0
68:02:b8:2e:8d:67|4|0|0|0|0|0
be:26:89:6f:37:17|2|8|0|0|0|0
bc:54:51:02:a4:f0|0|0|22|3|752|154
26:17:dc:59:74:f7|0|0|28|1|672|26
26:6f:1d:c2:e2:46|0|38|0|0|0|0
a4:3e:a0:a4:2a:46|0|104|0|0|0|0
12:e7:4f:a3:b2:39|0|7|0|0|0|0
01:00:5e:00:00:fb|0|0|0|13|0|2203
33:33:00:00:00:fb|0|0|0|6|0|1364
80:58:f8:93:88:29|5|35|85|529|2314|385131
70:ee:50:73:4e:36|0|0|17|0|438|0
b0:95:75:4b:b9:26|0|0|0|17|0|438
01:00:5e:00:00:01|0|0|0|1|0|88
ee:f8:04:1f:d7:88|0|6|0|0|0|0
d8:8c:79:90:f4:9b|0|7|0|0|0|0
0e:26:0a:2f:38:6b|0|0|0|2|0|52
70:5f:a3:1e:1a:2c|0|5|0|0|0|0
fe:36:c3:16:f4:11|0|2|0|0|0|0
70:2e:22:8d:72:74|16|0|0|0|0|0
c8:66:5d:1f:4f:54|0|12|0|0|0|0
5c:f8:21:84:a4:31|0|2|0|0|0|0
33:33:00:00:00:16|0|0|0|2|0|256
01:00:5e:00:00:16|0|0|0|4|0|360
1a:87:40:cc:5a:ca|0|19|0|0|0|0
8a:f5:ba:fb:a9:a2|0|7|0|0|0|0
33:33:00:00:00:01|0|0|0|3|0|584
64:b3:10:aa:e3:3c|0|16|0|0|0|0
33:33:00:00:00:02|0|0|0|1|0|96
33:33:ff:1e:b6:60|0|0|0|1|0|112
9c:5d:12:d7:43:d4|0|6|0|0|0|0
