46
b4:e6:2d:f6:c8:79
90:9a:4a:80:71:9a|1210|6|15|39|1827|3205
ff:ff:ff:ff:ff:ff|0|2998|0|49|0|8564
20:aa:4b:5b:e6:4b|608|0|51|0|8798|0
90:9a:4a:80:85:9e|1059|0|5|4|396|96
68:ff:7b:c5:ca:c9|260|0|0|0|0|0
b4:e6:2d:f6:c8:79|0|3|0|4|0|557
c0:06:c3:8f:c7:99|0|0|10|4|929|415
cc:f4:11:a1:a0:2c|3|0|0|0|0|0
f4:f5:d8:8d:f2:58|0|5|0|0|0|0
08:9e:08:bc:6c:2b|0|5|0|0|0|0
b4:75:0e:da:6c:72|3|0|0|0|0|0
b4:75:0e:da:6c:73|2|0|0|0|0|0
06:06:94:89:2d:25|0|1|0|0|0|0
e4:5f:01:5c:9d:89|0|16|0|0|0|0
28:6d:cd:09:2a:ea|1|3|4|1|225|181
a4:50:46:4c:af:3b|0|2|14|3|887|337
f0:ef:86:05:a3:fa|0|22|0|0|0|0
f0:ef:86:06:76:35|0|32|0|0|0|0
aa:99:02:51:91:a3|0|3|0|0|0|0
33:33:00:00:00:01|0|0|0|1|0|120
f0:f6:c1:d5:cb:42|0|4|0|0|0|0
9e:09:43:0e:44:ca|0|2|0|0|0|0
9e:ab:89:2d:82:91|0|16|4|4|96|312
01:00:5e:00:00:01|0|0|0|1|0|84
34:c0:59:00:a0:8f|1|1|0|0|0|0
b8:27:eb:81:9a:d6|0|3|0|0|0|0
c0:06:c3:8f:c0:7b|5|10|11|3|1164|337
44:07:0b:70:9e:93|1|0|0|0|0|0
01:00:5e:00:00:fa|0|0|0|1|0|114
e4:5f:01:78:c0:dc|0|2|0|0|0|0
66:f3:f8:f4:d4:07|1|3|0|0|0|0
44:07:0b:2f:49:8b|14|0|0|0|0|0
ca:d2:88:2b:ac:25|0|3|0|0|0|0
52:10:32:6f:08:53|0|2|0|0|0|0
00:24:d6:f5:65:ef|0|3|0|0|0|0
2e:e3:7a:6c:aa:6d|2|6|0|0|0|0
42:3e:a8:8e:19:c0|0|1|0|0|0|0
16:9f:fb:54:74:6e|0|4|0|0|0|0
0a:26:07:17:f8:71|2|0|0|0|0|0
28:16:a8:50:a0:81|0|1|0|0|0|0
7c:2e:bd:f4:94:ee|8|0|0|0|0|0
12:e8:29:91:3d:5e|1|0|0|0|0|0
c2:89:12:93:73:04|0|4|0|0|0|0
f2:9e:75:f6:f8:91|0|2|0|0|0|0
54:60:09:e2:ee:aa|0|13|0|0|0|0
02:00:00:00:00:00|0|5|0|0|0|0
