52
b4:e6:2d:f6:c8:79
90:9a:4a:80:71:9a|1267|5|13|30|1415|3007
ff:ff:ff:ff:ff:ff|0|2924|0|19|0|3456
68:ff:7b:c5:ca:c9|529|0|0|0|0|0
90:9a:4a:80:85:9e|1033|14|285|311|177959|7910
20:aa:4b:5b:e6:4b|252|0|17|0|3210|0
b4:e6:2d:f6:c8:79|0|4|0|5|0|549
fe:17:f1:a0:c4:ce|0|0|1|0|24|0
00:31:92:b2:52:69|0|0|0|1|0|24
46:3b:78:62:ec:7e|2|4|0|0|0|0
da:a1:19:be:08:af|0|1|0|0|0|0
9e:ab:89:2d:82:91|9|29|271|3|6504|234
c0:06:c3:8f:c0:7b|4|8|10|8|1084|866
02:00:00:00:00:00|0|17|0|0|0|0
c0:06:c3:8f:c7:99|0|0|13|0|1533|0
01:00:5e:7f:ff:fa|0|0|0|53|0|19124
01:00:5e:00:00:fb|0|0|0|6|0|841
01:00:5e:00:00:16|0|0|0|1|0|88
bc:54:2f:5e:b7:f3|1|8|0|0|0|0
04:6c:59:1b:72:04|5|13|41|219|1838|157660
50:e0:85:84:55:94|5|13|0|0|0|0
ba:44:0a:66:a2:1d|0|15|0|0|0|0
a4:50:46:4c:af:3b|0|0|4|0|312|0
54:60:09:e2:ee:aa|0|3|0|0|0|0
8e:42:5f:c8:d8:1c|2|6|0|0|0|0
9c:b6:d0:9c:15:43|0|1|0|0|0|0
9e:e0:c7:4c:63:99|0|2|0|0|0|0
28:6d:cd:09:2a:ea|1|3|3|0|78|0
22:48:f8:26:26:64|6|15|0|0|0|0
f0:f6:c1:d5:cb:42|0|5|0|0|0|0
5c:5f:67:4a:d7:b0|1|0|0|0|0|0
e4:5f:01:5c:9d:89|0|1|0|0|0|0
ea:ce:14:11:73:0f|1|0|0|0|0|0
ee:d5:3b:d6:3a:7c|0|2|0|0|0|0
74:df:bf:45:ac:65|0|5|0|0|0|0
20:1f:3b:3a:bb:3d|4|0|0|0|0|0
7c:b2:7d:d3:ca:b1|0|3|0|0|0|0
a2:e0:6c:67:3c:21|0|8|0|0|0|0
10:fe:ed:dd:08:06|1|0|0|0|0|0
aa:34:cf:36:ff:d7|1|0|0|0|0|0
da:a1:19:e5:e5:e5|1|7|0|0|0|0
ae:95:3a:9e:ec:4e|2|10|0|0|0|0
64:5d:86:d7:5d:f2|2|0|0|0|0|0
44:07:0b:2f:49:8b|3|0|0|0|0|0
44:07:0b:70:9e:93|4|0|0|0|0|0
f4:f5:d8:8d:f2:58|0|1|0|0|0|0
16:fc:86:6c:0c:bc|0|3|0|0|0|0
b8:27:eb:81:9a:d6|0|3|0|0|0|0
8a:7e:2b:c6:9b:ba|0|1|0|0|0|0
54:60:09:01:a1:78|1|0|0|0|0|0
da:a1:19:d2:88:4a|1|4|0|0|0|0
01:00:5e:00:00:01|0|0|0|1|0|84
01:00:5e:00:00:fa|0|0|0|1|0|114
