61
b4:e6:2d:f6:c8:79
90:9a:4a:80:71:9a|1315|12|55|53|7352|9184
72:91:54:7d:9f:1a|0|2|0|0|0|0
ff:ff:ff:ff:ff:ff|0|2388|0|26|0|4300
90:9a:4a:80:85:9e|1179|2|14|265|1287|7580
20:aa:4b:5b:e6:4b|49|0|2|0|152|0
80:91:33:25:67:05|19|30|0|0|0|0
01:00:5e:00:00:16|0|0|0|3|0|284
68:ff:7b:c5:ca:c9|43|0|0|0|0|0
c0:06:c3:8f:c7:99|4|8|9|6|726|573
9e:ab:89:2d:82:91|2|13|265|13|7580|1203
b4:e6:2d:f6:c8:79|0|3|0|5|0|549
28:6d:cd:09:2a:ea|0|0|32|3|7326|234
c0:06:c3:8f:c0:7b|8|13|12|14|1132|1564
8e:91:0c:ca:05:87|0|1|0|0|0|0
50:e0:85:84:55:94|2|12|0|0|0|0
c6:0f:73:36:2c:2c|0|3|0|0|0|0
22:e0:b4:0a:99:56|2|12|0|0|0|0
fe:b4:84:8d:14:de|1|3|0|0|0|0
3a:34:0d:3e:11:3d|2|11|0|0|0|0
a6:23:9c:e5:b4:cb|2|0|0|0|0|0
a0:99:9b:18:d8:07|15|0|0|0|0|0
01:00:5e:00:00:01|0|0|0|1|0|84
f2:98:65:b6:10:c7|0|2|0|0|0|0
ae:25:82:90:1a:d1|0|1|0|0|0|0
b0:a7:b9:89:64:1f|1|0|0|0|0|0
be:c9:9f:60:c0:5a|3|7|0|0|0|0
f4:f5:d8:8d:f2:58|4|0|0|0|0|0
44:07:0b:2f:49:8b|2|0|0|0|0|0
2e:c5:1b:6d:f4:0d|3|6|0|0|0|0
4e:a0:84:dc:29:9d|0|2|0|0|0|0
b6:56:ce:87:2f:f7|0|4|0|0|0|0
fa:68:98:7f:83:57|2|8|0|0|0|0
7e:11:ee:cc:c0:81|1|3|0|0|0|0
2e:e8:e3:ea:16:51|3|12|0|0|0|0
32:54:a5:2b:0d:6b|0|3|0|0|0|0
5e:1d:5a:af:02:a4|0|6|0|0|0|0
3e:eb:6a:72:fb:c4|0|1|0|0|0|0
32:0b:d9:64:81:35|3|4|0|0|0|0
a6:7b:4d:5d:1a:73|3|10|0|0|0|0
56:68:61:2c:82:5b|5|11|0|0|0|0
3a:e2:b4:09:e1:89|4|9|0|0|0|0
3c:22:fb:60:87:53|2|3|9|0|216|0
f0:79:59:d6:09:10|0|0|0|9|0|216
0a:56:df:cf:fc:b1|0|3|0|0|0|0
b6:87:d6:29:aa:d7|4|15|0|0|0|0
8e:fb:78:f0:be:8c|1|0|0|0|0|0
36:53:e2:61:9d:ac|0|6|0|0|0|0
d6:a3:92:50:86:df|2|7|0|0|0|0
da:a1:19:93:93:93|1|3|0|0|0|0
02:37:e3:4d:4c:04|1|0|0|0|0|0
00:08:07:76:35:b7|0|3|0|0|0|0
62:04:50:25:d0:cd|4|9|0|0|0|0
9e:1c:61:0a:2a:15|1|3|0|0|0|0
1e:df:05:e3:bf:22|2|13|0|0|0|0
52:ce:50:14:1d:56|2|14|0|0|0|0
0a:bb:d3:29:eb:55|1|0|0|0|0|0
82:aa:1b:41:ba:3d|2|12|0|0|0|0
c8:58:c0:c4:71:ce|1|0|0|0|0|0
64:a2:f9:b6:88:f9|0|3|0|0|0|0
54:60:09:e2:ee:aa|0|2|0|0|0|0
4a:a2:72:ea:4c:99|1|4|0|0|0|0
