25
b4:e6:2d:f6:b6:a5
68:02:b8:1e:7f:1f|1247|0|18|0|3202|0
ff:ff:ff:ff:ff:ff|0|2383|0|4|0|304
6a:02:98:1e:7f:1f|1246|0|0|0|0|0
b4:e6:2d:f6:b6:a5|0|2|0|3|0|390
44:fe:3b:06:5c:71|71|0|4|0|304|0
2c:db:07:46:b4:19|0|12|0|0|0|0
72:fe:3b:06:5c:73|7|0|0|0|0|0
33:33:00:00:00:01|0|0|0|3|0|584
a4:3e:a0:a4:2a:46|0|112|0|0|0|0
10:1c:0c:1a:10:10|3|7|0|0|0|0
30:35:ad:7a:2f:04|0|2|0|0|0|0
58:b1:0f:56:36:08|0|16|0|0|0|0
3a:d2:62:53:25:59|0|5|0|0|0|0
01:00:5e:00:00:fb|0|0|0|4|0|860
33:33:00:00:00:fb|0|0|0|4|0|940
33:33:00:00:00:16|0|0|0|2|0|248
01:00:5e:00:00:16|0|0|0|2|0|180
9c:5d:12:d7:43:d4|0|6|0|0|0|0
70:ee:50:73:4e:36|0|0|10|0|260|0
b0:95:75:4b:b9:26|0|0|0|10|0|260
7a:b3:f8:4f:bf:38|0|1|0|0|0|0
f0:72:ea:da:42:c6|0|6|0|0|0|0
64:b3:10:aa:e3:3c|0|10|0|0|0|0
d8:8c:79:90:f4:9b|0|6|0|0|0|0
