27
b4:e6:2d:f6:b6:a5
68:02:b8:1e:7f:1f|1215|0|39|0|5469|0
ff:ff:ff:ff:ff:ff|0|3512|0|8|0|608
6a:02:98:1e:7f:1f|1214|0|0|0|0|0
d8:b6:b7:7a:3a:61|1228|0|10|64|506|1766
33:33:00:00:00:16|0|0|0|2|0|248
70:ee:50:73:4e:36|0|0|47|0|1218|0
b0:95:75:4b:b9:26|0|0|0|47|0|1218
01:00:5e:00:00:16|0|0|0|2|0|180
01:00:5e:00:00:fb|0|0|0|3|0|768
33:33:00:00:00:fb|0|0|0|3|0|828
26:17:dc:59:74:f7|0|0|14|2|336|52
a4:3e:a0:a4:2a:46|0|88|0|0|0|0
b4:e6:2d:f6:b6:a5|0|1|0|6|0|746
0e:26:0a:2f:38:6b|0|0|19|2|456|52
e6:35:23:4e:ab:99|0|0|8|2|200|52
33:33:00:00:00:01|0|0|0|4|0|816
33:33:00:00:00:02|0|0|0|1|0|96
33:33:ff:1e:b6:60|0|0|0|1|0|112
80:58:f8:93:88:29|0|0|0|9|0|1067
bc:54:51:02:a4:f0|0|0|23|3|774|262
84:16:f9:07:68:71|0|7|0|0|0|0
1a:87:40:da:19:ea|0|23|0|0|0|0
2a:fd:ca:a9:eb:fc|0|7|0|0|0|0
