20
b4:e6:2d:f6:b6:a5
d8:b6:b7:7a:3a:61|984|0|0|16|0|392
ff:ff:ff:ff:ff:ff|0|3307|0|0|0|0
68:02:b8:1e:7f:1f|1242|0|7|0|1206|0
6a:02:98:1e:7f:1f|1241|0|0|0|0|0
b4:e6:2d:f6:b6:a5|0|1|0|3|0|390
c8:66:5d:1f:4f:54|0|12|0|0|0|0
70:ee:50:73:4e:36|0|0|26|0|676|0
b0:95:75:4b:b9:26|0|0|0|26|0|676
a4:3e:a0:a4:2a:46|0|81|0|0|0|0
33:33:00:00:00:01|0|0|0|4|0|816
e6:35:23:4e:ab:99|0|0|8|0|200|0
26:17:dc:59:74:f7|0|0|8|0|192|0
0c:54:15:5d:f1:f6|0|1|0|0|0|0
da:e6:30:33:95:4d|0|12|0|0|0|0
1a:87:40:d2:c1:82|0|26|0|0|0|0
5a:8d:79:65:aa:fe|0|5|0|0|0|0
26:46:c8:6e:2a:5a|0|3|0|0|0|0
9c:5d:12:d7:43:d4|0|6|0|0|0|0
f0:72:ea:da:42:c6|0|1|0|0|0|0
64:b3:10:aa:e3:3c|0|12|0|0|0|0
