21
b4:e6:2d:f6:b6:a5
68:02:b8:1e:7f:1f|1263|0|6|0|974|0
ff:ff:ff:ff:ff:ff|0|2697|0|21|0|1632
6a:02:98:1e:7f:1f|1264|0|0|0|0|0
72:fe:3b:06:5c:73|154|0|0|0|0|0
44:fe:3b:06:5c:71|286|0|21|0|1632|0
00:22:4d:ed:ae:19|0|20|0|0|0|0
b4:e6:2d:f6:b6:a5|0|1|0|3|0|390
70:ee:50:73:4e:36|0|0|45|0|1170|0
b0:95:75:4b:b9:26|0|0|0|45|0|1170
a4:3e:a0:a4:2a:46|0|147|0|0|0|0
f0:72:ea:da:42:c6|0|12|0|0|0|0
d8:8c:79:90:f4:9b|0|5|0|0|0|0
f0:5c:77:1a:f1:64|0|9|0|0|0|0
9c:5d:12:d7:43:d4|0|6|0|0|0|0
2c:db:07:46:b4:19|0|3|0|0|0|0
30:35:ad:7a:2f:04|0|6|0|0|0|0
33:33:00:00:00:01|0|0|0|3|0|584
80:58:f8:c3:cb:3f|0|9|0|0|0|0
10:1c:0c:1a:10:10|1|1|0|0|0|0
8e:ce:84:5f:9c:42|0|30|0|0|0|0
4e:9b:05:55:9f:ce|2|24|0|0|0|0
