38
b4:e6:2d:f6:c8:79
90:9a:4a:80:71:9a|1246|10|42|118|10214|17527
ff:ff:ff:ff:ff:ff|0|2622|0|47|0|4591
90:9a:4a:80:85:9e|1143|44|35|223|5375|5798
20:aa:4b:5b:e6:4b|326|0|21|0|2615|0
28:6d:cd:09:2a:ea|0|0|44|7|10245|951
50:eb:71:d0:6d:35|0|6|0|0|0|0
04:6c:59:1b:72:04|44|46|224|3|6230|588
68:ff:7b:c5:ca:c9|91|0|0|0|0|0
c0:06:c3:8f:c0:7b|8|9|16|9|1549|1041
c0:06:c3:8f:c7:99|0|0|11|6|1029|711
84:4b:f5:19:a0:99|0|1|0|0|0|0
c2:07:92:a5:d2:5f|8|63|0|0|0|0
a4:50:46:4c:af:3b|2|12|47|15|4704|6979
01:00:5e:7f:ff:fa|0|0|0|6|0|3159
12:e8:29:91:3d:5e|1|0|0|0|0|0
20:1f:3b:3a:bb:3d|3|0|0|0|0|0
ec:5c:68:84:b1:4b|2|21|0|0|0|0
01:00:5e:00:00:01|0|0|0|1|0|84
3e:9e:c1:ec:69:65|0|3|0|0|0|0
7e:d0:47:80:60:60|0|1|0|0|0|0
00:08:07:76:35:b7|0|1|0|0|0|0
b4:e6:2d:f6:c8:79|0|4|0|5|0|532
