46
b4:e6:2d:f6:c8:79
90:9a:4a:80:71:9a|1375|9|17|41|1764|7276
54:2a:a2:73:c6:e9|3|91|0|0|0|0
90:9a:4a:80:85:9e|1261|26|285|518|61721|13136
ff:ff:ff:ff:ff:ff|0|3089|0|64|0|8832
20:aa:4b:5b:e6:4b|544|0|23|13|3756|312
68:ff:7b:c5:ca:c9|185|0|0|0|0|0
b4:e6:2d:f6:c8:79|0|2|0|4|0|471
28:6d:cd:09:2a:ea|0|0|28|2|6314|156
c0:06:c3:8f:c7:99|7|14|6|5|507|552
84:e3:42:4b:9d:4f|20|0|0|0|0|0
e6:09:33:6a:b6:d7|0|11|0|0|0|0
01:00:5e:00:00:01|0|0|0|2|0|160
80:91:33:25:67:05|0|66|0|0|0|0
44:07:0b:70:9e:93|45|57|1|0|26|0
c0:06:c3:8f:c0:7b|2|4|7|4|455|433
f0:ef:86:05:a3:fa|0|6|0|0|0|0
84:d8:1b:29:48:82|1|0|0|1|0|26
b8:27:eb:81:9a:d6|0|1|0|0|0|0
cc:50:e3:f0:6b:20|0|0|13|0|312|0
9e:ab:89:2d:82:91|4|15|285|7|6840|2021
f0:ef:86:06:76:35|0|5|0|0|0|0
d2:33:f1:0e:a3:6c|0|1|0|0|0|0
48:d6:d5:7c:5a:40|2|0|0|0|0|0
00:08:07:76:35:b7|0|5|0|0|0|0
bc:54:2f:5e:b7:f3|1|11|0|0|0|0
01:00:5e:00:00:fa|0|0|0|1|0|114
e4:5f:01:5c:9d:89|0|1|0|0|0|0
ca:f6:11:16:a6:b6|1|8|0|0|0|0
04:6c:59:1b:72:04|24|45|233|6|6296|634
01:00:5e:00:00:16|0|0|0|16|0|1440
01:00:5e:7f:ff:fa|0|0|0|104|0|35324
01:00:5e:00:00:fb|0|0|0|91|0|15264
01:00:5e:00:00:fc|0|0|0|20|0|1960
1c:bf:ce:e3:fb:45|0|5|0|0|0|0
f4:f5:d8:8d:f2:58|8|0|0|0|0|0
3c:8d:20:4f:d8:e9|6|0|0|0|0|0
bc:dd:c2:a1:33:73|0|0|1|0|24|0
12:e8:29:e4:16:89|0|0|0|1|0|24
20:f4:78:24:ce:e8|0|3|0|0|0|0
44:07:0b:60:bf:75|2|0|0|0|0|0
54:60:09:e2:ee:aa|0|1|0|0|0|0
50:d4:f7:dc:1f:d0|0|0|1|0|120|0
d8:47:32:54:de:63|2|6|0|0|0|0
b8:81:98:41:b1:49|0|5|0|0|0|0
3c:8d:20:19:41:be|0|3|0|0|0|0
c0:87:eb:8e:48:ef|0|3|0|0|0|0
