35
b4:e6:2d:f6:b6:a5
d8:b6:b7:7a:3a:61|1287|0|31|80|4606|1983
ff:ff:ff:ff:ff:ff|0|3582|0|8|0|612
68:02:b8:1e:7f:1f|1246|0|37|1|5430|26
6a:02:98:1e:7f:1f|1243|0|0|0|0|0
01:00:5e:00:00:fb|0|0|0|17|0|3268
33:33:00:00:00:fb|0|0|0|16|0|3498
70:2e:22:8d:72:74|78|0|1|0|517|0
b4:e6:2d:f6:b6:a5|0|2|0|3|0|390
a4:3e:a0:a4:2a:46|0|143|0|0|0|0
0e:26:0a:2f:38:6b|0|0|70|1|1680|26
5c:f8:21:84:a4:31|0|10|0|0|0|0
26:17:dc:59:74:f7|0|0|1|2|24|52
6e:95:f8:e7:ff:8f|0|7|0|0|0|0
e6:35:23:4e:ab:99|0|0|8|2|200|52
01:00:5e:00:00:01|0|0|0|1|0|88
bc:54:51:02:a4:f0|0|0|1|2|79|52
c6:84:7a:db:88:5d|2|13|0|0|0|0
c8:66:5d:1f:4f:54|0|31|0|0|0|0
01:00:5e:7f:ff:fa|0|0|0|1|0|517
33:33:00:00:00:16|0|0|0|6|0|752
01:00:5e:00:00:16|0|0|0|4|0|364
33:33:00:00:00:01|0|0|0|3|0|584
33:33:00:00:00:02|0|0|0|1|0|96
33:33:ff:1e:b6:60|0|0|0|1|0|112
48:51:b7:61:69:35|0|7|0|0|0|0
f0:5c:77:1a:f1:64|0|13|0|0|0|0
64:b3:10:aa:e3:3c|0|20|0|0|0|0
01:00:5e:00:00:02|0|0|0|1|0|90
d8:8c:79:90:f4:9b|0|7|0|0|0|0
e6:a6:5f:f4:67:b3|0|7|0|0|0|0
f0:72:ea:da:42:c6|0|7|0|0|0|0
ee:8c:dd:19:45:cd|0|1|0|0|0|0
da:a1:19:a6:d7:cb|0|1|0|0|0|0
2c:0e:3d:ac:4c:05|0|0|1|0|26|0
78:9f:70:2b:86:c6|1|6|0|0|0|0
