38
b4:e6:2d:f6:c8:79
90:9a:4a:80:71:9a|1327|10|43|79|16623|17121
ff:ff:ff:ff:ff:ff|0|3106|0|5|0|618
90:9a:4a:80:85:9e|1139|0|112|3|15436|72
68:ff:7b:c5:ca:c9|914|0|0|0|0|0
c0:06:c3:8f:c0:7b|5|11|8|6|722|577
20:1f:3b:3a:bb:3d|21|118|0|0|0|0
20:aa:4b:5b:e6:4b|28|0|5|0|618|0
01:00:5e:7f:ff:fa|0|0|0|23|0|8274
9e:ab:89:2d:82:91|0|27|3|88|72|7078
b4:e6:2d:f6:c8:79|0|3|0|4|0|454
a8:6d:aa:73:88:1d|0|41|0|0|0|0
38:8b:59:29:24:78|5|0|0|0|0|0
80:91:33:25:67:05|13|91|0|0|0|0
28:6d:cd:09:2a:ea|0|0|23|2|5064|156
54:60:09:e2:ee:aa|3|11|0|0|0|0
6a:a7:b9:89:64:11|2|0|0|0|0|0
94:9f:3e:84:df:5a|0|23|0|0|0|0
c0:06:c3:8f:c7:99|3|6|7|2|423|237
f0:ef:86:06:76:35|0|16|0|0|0|0
3c:8d:20:4f:d8:e9|5|0|0|0|0|0
50:d4:f7:dc:1f:d0|0|0|2|0|240|0
01:00:5e:00:00:fb|0|0|0|2|0|240
44:07:0b:2f:49:8b|8|0|0|0|0|0
