44:07:0b:60:bf:75|3|0|0|0|0|0
7c:b2:7d:d3:ca:b1|0|1|0|0|0|0
b6:1c:d0:55:56:86|0|1|0|0|0|0
1e:e8:29:e4:16:89|2|0|0|0|0|0
8a:ab:2c:41:8b:7f|1|6|0|0|0|0
e4:5f:01:5c:9d:89|0|2|0|0|0|0
00:08:07:76:35:b7|0|7|0|0|0|0
f6:52:1e:a5:17:c0|0|3|0|0|0|0
9a:6a:7d:d9:c5:30|0|1|0|0|0|0
7a:a4:3e:d5:6b:09|1|0|0|0|0|0
ee:06:47:1d:e2:82|0|3|0|0|0|0
3e:27:a1:d2:54:9b|0|3|0|0|0|0
f6:77:63:4b:e3:2d|0|2|0|0|0|0
be:b8:a8:f9:87:1e|0|3|0|0|0|0
9a:91:b2:42:09:8f|0|6|0|0|0|0
30:07:4d:83:4d:ce|0|1|0|0|0|0
38:8b:59:29:24:78|3|0|0|0|0|0
8a:29:60:cc:51:50|0|2|0|0|0|0
12:22:68:f7:1f:c0|1|6|0|0|0|0
