39
b4:e6:2d:f6:b6:a5
d8:b6:b7:7a:3a:61|1273|0|7|60|244|2666
ff:ff:ff:ff:ff:ff|0|3552|0|292|0|56809
68:02:b8:1e:7f:1f|1318|0|298|9|57528|286
6a:02:98:1e:7f:1f|1273|0|0|0|0|0
b4:e6:2d:f6:b6:a5|0|2|0|3|0|390
80:58:f8:93:88:29|0|0|9|3|286|329
a4:3e:a0:a4:2a:46|0|131|0|0|0|0
d8:8c:79:90:f4:9b|0|7|0|0|0|0
ac:22:05:89:53:64|17|0|0|0|0|0
ae:22:15:89:53:64|15|0|0|0|0|0
26:17:dc:59:74:f7|0|0|10|0|240|0
e6:35:23:4e:ab:99|0|0|29|2|1700|52
c8:66:5d:1f:4f:54|0|12|0|0|0|0
dc:41:a9:b1:30:a0|0|42|0|0|0|0
bc:54:51:02:a4:f0|0|0|18|2|654|52
22:da:22:22:fe:f4|2|5|0|0|0|0
da:a1:19:ef:bc:0e|0|2|0|0|0|0
22:da:22:ca:2b:ae|1|2|0|0|0|0
70:ee:50:73:4e:36|0|0|8|0|208|0
b0:95:75:4b:b9:26|0|0|0|8|0|208
0e:26:0a:2f:38:6b|0|0|3|2|72|52
01:00:5e:00:00:01|0|0|0|1|0|88
26:94:9b:c4:cd:39|0|25|0|0|0|0
