23
b4:e6:2d:f6:b6:a5
6a:02:98:1e:7f:1f|1268|0|0|0|0|0
ff:ff:ff:ff:ff:ff|0|3535|0|202|0|19408
d8:b6:b7:7a:3a:61|1291|0|23|136|2747|3546
26:17:dc:59:74:f7|0|0|51|2|1224|52
68:02:b8:1e:7f:1f|1269|0|306|0|57024|0
01:00:5e:00:00:fb|0|0|0|15|0|2865
33:33:00:00:00:fb|0|0|0|8|0|1926
33:33:00:00:00:01|0|0|0|4|0|816
8e:ce:84:5f:9c:42|6|59|0|0|0|0
33:33:00:00:00:16|0|0|0|3|0|376
01:00:5e:00:00:16|0|0|0|6|0|548
70:ee:50:73:4e:36|0|0|31|0|800|0
b0:95:75:4b:b9:26|0|0|0|31|0|800
01:00:5e:7f:ff:fa|0|0|0|80|0|33106
b4:e6:2d:f6:b6:a5|0|2|0|4|0|482
bc:54:51:02:a4:f0|0|0|38|0|1186|0
f8:77:b8:53:10:e8|12|128|0|0|0|0
a4:3e:a0:a4:2a:46|0|119|0|0|0|0
0e:26:0a:2f:38:6b|0|0|39|2|936|52
e6:35:23:4e:ab:99|0|0|8|2|200|52
4c:fc:aa:04:98:e5|9|0|0|0|0|0
01:00:5e:00:00:01|0|0|0|1|0|88
