40
b4:e6:2d:f6:c8:79
90:9a:4a:80:71:9a|1326|15|194|179|37534|21466
ff:ff:ff:ff:ff:ff|0|2396|0|11|0|905
90:9a:4a:80:85:9e|1182|1|112|13|52241|312
b4:e6:2d:f6:c8:79|0|4|0|4|0|482
20:aa:4b:5b:e6:4b|61|0|14|22|1215|572
54:2a:a2:73:c6:e9|7|49|0|0|0|0
54:60:09:e2:ee:aa|0|4|0|0|0|0
68:ff:7b:c5:ca:c9|37|0|0|0|0|0
a4:50:46:4c:af:3b|4|6|134|172|13955|35107
28:6d:cd:09:2a:ea|0|0|27|5|5904|552
9e:ab:89:2d:82:91|1|29|13|40|312|19139
80:91:33:25:67:05|0|57|0|0|0|0
c0:06:c3:8f:c7:99|5|10|9|4|714|421
e6:1d:78:73:e4:e3|0|0|22|0|572|0
30:07:4d:7d:5d:46|0|3|0|0|0|0
c0:06:c3:8f:c0:7b|6|11|9|9|893|972
3c:8d:20:4f:d8:e9|1|0|0|0|0|0
da:a1:19:11:0d:64|1|7|0|0|0|0
50:e0:85:84:55:94|4|14|0|0|0|0
01:00:5e:7f:ff:fa|0|0|0|71|0|33018
ec:5c:68:84:b1:4b|5|19|0|0|0|0
44:07:0b:2f:49:8b|6|0|0|0|0|0
a0:2c:36:28:1e:19|0|3|0|0|0|0
74:df:bf:45:ac:65|0|1|0|0|0|0
22:48:f8:26:26:64|4|16|0|0|0|0
f6:3d:0a:7e:c8:13|0|6|0|0|0|0
ca:f6:11:16:a6:b6|1|0|0|0|0|0
f0:ef:86:06:76:35|0|3|0|0|0|0
1c:bf:ce:e3:fb:45|0|3|0|0|0|0
66:c0:97:0a:bc:25|0|3|0|0|0|0
50:eb:71:d0:6d:35|4|0|0|0|0|0
01:00:5e:00:00:01|0|0|0|2|0|160
c6:b1:da:cb:06:d8|0|2|0|0|0|0
76:78:27:bc:20:c6|0|3|0|0|0|0
33:33:00:00:00:01|0|0|0|1|0|120
44:07:0b:89:e4:ab|6|0|0|0|0|0
44:07:0b:70:9e:93|3|0|0|0|0|0
c0:87:eb:8e:48:ef|0|1|0|0|0|0
50:d4:f7:59:b0:8b|2|0|0|0|0|0
01:00:5e:00:00:fa|0|0|0|1|0|114
