24
b4:e6:2d:f6:c8:79
90:9a:4a:80:71:9a|1220|6|27|76|2911|9283
ff:ff:ff:ff:ff:ff|0|2290|0|0|0|0
90:9a:4a:80:85:9e|1193|10|31|1257|6816|54490
9e:ab:89:2d:82:91|10|53|1257|30|54490|6732
20:df:b9:ac:28:3b|3|0|0|0|0|0
68:ff:7b:c5:ca:c9|5|0|0|0|0|0
28:6d:cd:09:2a:ea|0|0|31|4|6904|474
b4:e6:2d:f6:c8:79|0|3|0|6|0|704
44:07:0b:2f:49:8b|4|0|0|0|0|0
c0:06:c3:8f:c0:7b|4|8|10|14|1018|1406
a8:6d:aa:73:88:1d|0|35|0|0|0|0
f4:f5:d8:8d:f2:58|5|2|0|0|0|0
da:a1:19:b1:57:1d|3|15|0|0|0|0
b8:27:eb:81:9a:d6|2|0|0|0|0|0
c0:06:c3:8f:c7:99|2|4|6|3|399|327
a4:50:46:4c:af:3b|0|0|29|0|962|0
f0:ef:86:06:76:35|0|3|0|0|0|0
54:60:09:e2:ee:aa|0|6|0|0|0|0
84:cf:bf:8f:18:40|0|2|0|0|0|0
64:5d:86:d7:5d:f2|2|0|0|0|0|0
da:a1:19:c7:c7:c7|1|10|0|0|0|0
44:07:0b:70:9e:93|2|0|0|0|0|0
56:68:61:2c:82:5b|1|10|0|0|0|0
01:00:5e:00:00:01|0|0|0|1|0|84
