38
b4:e6:2d:f6:c8:79
90:9a:4a:80:85:9e|1284|3|2102|121|2761849|2904
ff:ff:ff:ff:ff:ff|0|2543|0|6|0|755
90:9a:4a:80:71:9a|1278|9|12|165|1176|29632
b4:e6:2d:f6:c8:79|0|4|0|5|0|549
20:aa:4b:5b:e6:4b|105|0|2|19|152|598
c0:06:c3:8f:c7:99|5|10|6|3|507|234
a4:50:46:4c:af:3b|2|2|123|0|22254|0
28:6d:cd:09:2a:ea|0|0|30|3|6494|315
68:ff:7b:c5:ca:c9|68|0|0|0|0|0
48:5a:b6:22:0c:7e|7|38|0|0|0|0
24:77:03:d4:12:38|4|0|0|0|0|0
c0:06:c3:8f:c0:7b|2|4|6|1|377|78
74:df:bf:45:ac:65|0|4|0|0|0|0
b8:27:eb:81:9a:d6|4|4|0|0|0|0
94:fb:29:77:d1:c0|4|0|0|0|0|0
e6:1d:78:73:e4:e3|0|0|19|0|598|0
9e:ab:89:2d:82:91|3|103|121|2055|2904|2740926
ec:5c:68:84:b1:4b|4|21|0|0|0|0
01:00:5e:7f:ff:fa|0|0|0|46|0|20839
44:07:0b:70:9e:93|4|0|0|0|0|0
b0:a7:b9:89:64:1f|1|0|3|0|264|0
f0:ef:86:06:76:35|0|1|0|0|0|0
44:07:0b:89:e4:ab|10|0|0|0|0|0
e4:5f:01:5c:9d:89|0|1|0|0|0|0
f0:f6:c1:d5:cb:42|0|6|0|0|0|0
44:07:0b:2f:49:8b|8|0|0|0|0|0
56:68:61:2c:82:5b|7|46|0|0|0|0
f4:f5:d8:8d:f2:58|4|0|0|0|0|0
01:00:5e:00:00:01|0|0|0|1|0|84
20:f4:78:24:ce:e8|1|9|0|0|0|0
58:ef:68:2a:26:ec|2|0|0|0|0|0
84:d8:1b:29:48:82|1|0|0|0|0|0
6a:a7:b9:89:64:11|0|0|1|0|339|0
f6:4a:21:1f:64:d7|1|0|0|0|0|0
f0:ef:86:21:66:5f|0|3|0|0|0|0
e4:04:39:a4:f0:b4|1|1|0|0|0|0
d0:ab:d5:7e:f5:90|1|0|0|0|0|0
1e:e8:29:91:3d:5e|1|0|0|0|0|0
