43
b4:e6:2d:f6:c8:79
68:ff:7b:c5:ca:c9|804|0|0|0|0|0
ff:ff:ff:ff:ff:ff|0|3713|0|41|0|7175
90:9a:4a:80:71:9a|1345|13|159|305|53138|22352
20:aa:4b:5b:e6:4b|724|0|44|0|7485|0
90:9a:4a:80:85:9e|1112|0|6|5|474|120
28:6d:cd:09:2a:ea|0|0|24|4|5326|474
f0:f6:c1:d5:cb:42|0|3|0|0|0|0
a8:6d:aa:73:88:1d|3|55|0|0|0|0
20:1f:3b:3a:bb:3d|31|85|0|0|0|0
94:9f:3e:84:df:5a|1|19|0|0|0|0
01:00:5e:00:00:fa|0|0|0|1|0|114
b4:e6:2d:f6:c8:79|0|2|0|4|0|454
c0:87:eb:8e:48:ef|1|10|0|0|0|0
9e:ab:89:2d:82:91|0|0|5|5|120|390
a4:50:46:4c:af:3b|6|14|263|136|15193|50572
c0:06:c3:8f:c0:7b|5|10|12|12|1434|1311
80:91:33:25:67:05|28|99|0|0|0|0
f0:ef:86:06:76:35|0|16|0|0|0|0
ec:5c:68:84:b1:4b|5|30|0|0|0|0
90:0c:c8:ff:c0:3c|5|3|0|0|0|0
84:d8:1b:29:48:82|2|0|4|0|480|0
01:00:5e:00:00:fb|0|0|0|4|0|480
a6:23:9c:e5:b4:cb|2|0|0|0|0|0
38:8b:59:29:24:78|4|0|0|0|0|0
f0:ef:86:21:66:5f|0|1|0|0|0|0
c0:06:c3:8f:c7:99|2|6|6|3|399|327
44:07:0b:70:9e:93|2|0|0|0|0|0
44:07:0b:2f:49:8b|10|0|0|0|0|0
01:00:5e:00:00:01|0|0|0|2|0|160
44:07:0b:60:bf:75|4|0|0|0|0|0
08:9e:08:bc:6c:2b|0|1|0|0|0|0
00:08:07:76:35:b7|0|4|0|0|0|0
f4:f5:d8:8d:f2:58|11|4|0|0|0|0
aa:fd:49:b5:a9:c3|0|11|0|0|0|0
54:60:09:01:a1:78|2|0|0|0|0|0
1c:bf:ce:e3:fb:45|0|5|0|0|0|0
3c:8d:20:4f:d8:e9|1|0|0|0|0|0
94:e2:3c:28:1e:af|0|1|0|0|0|0
33:33:00:00:00:01|0|0|0|1|0|120
54:60:09:e2:ee:aa|1|8|0|0|0|0
20:df:b9:ac:28:3b|1|0|0|0|0|0
6a:a7:b9:89:64:11|4|0|0|0|0|0
7c:b2:7d:d3:ca:b1|0|3|0|0|0|0
