50
b4:e6:2d:f6:c8:79
90:9a:4a:80:85:9e|1214|5|42|55|18825|1320
ff:ff:ff:ff:ff:ff|0|2975|0|29|0|5307
90:9a:4a:80:71:9a|1252|5|14|31|1720|4978
20:aa:4b:5b:e6:4b|526|0|29|0|5307|0
04:d3:95:ce:52:10|0|3|0|0|0|0
68:ff:7b:c5:ca:c9|125|0|0|0|0|0
c0:06:c3:8f:c7:99|5|10|6|7|372|870
e2:ea:ad:99:5f:60|0|2|0|0|0|0
9e:ab:89:2d:82:91|5|12|55|5|1320|390
01:00:5e:7f:ff:fa|0|0|0|36|0|18351
d6:68:81:85:17:18|0|8|0|0|0|0
64:5d:86:d7:5d:f2|2|0|0|0|0|0
76:78:27:bc:20:c6|0|3|0|0|0|0
ee:7e:e6:08:40:ea|0|2|0|0|0|0
28:6d:cd:09:2a:ea|0|0|20|3|4486|396
c0:06:c3:8f:c0:7b|0|0|5|0|120|0
da:a1:19:e6:e6:e6|0|1|0|0|0|0
54:60:09:e2:ee:aa|0|2|0|0|0|0
82:30:06:44:41:70|1|1|0|0|0|0
ec:5c:68:84:b1:4b|2|18|0|0|0|0
e4:5f:01:5c:9d:89|0|2|0|0|0|0
b4:e6:2d:f6:c8:79|0|2|0|4|0|454
16:20:5e:9a:d7:79|0|3|0|0|0|0
ca:73:e0:89:39:58|0|0|4|0|96|0
2c:fd:a1:0b:1d:b8|0|0|0|4|0|96
a6:23:9c:e5:b4:cb|4|16|0|0|0|0
6a:a7:b9:89:64:11|3|0|0|0|0|0
3c:f0:11:c4:ac:66|1|0|0|0|0|0
b8:27:eb:81:9a:d6|0|3|0|0|0|0
22:0b:da:85:2d:cb|1|3|0|0|0|0
a8:6d:aa:73:88:1d|0|4|0|0|0|0
1e:68:90:ed:4a:94|1|2|0|0|0|0
00:08:07:76:35:b7|0|3|0|0|0|0
44:07:0b:2f:49:8b|7|0|0|0|0|0
44:07:0b:6c:b6:e3|2|0|0|0|0|0
f0:ef:86:06:76:35|0|2|0|0|0|0
9e:e0:c7:4c:63:99|0|4|0|0|0|0
86:b5:dc:ca:32:f7|0|5|0|0|0|0
f4:f5:d8:84:58:92|0|2|0|0|0|0
22:48:f8:26:26:64|1|18|0|0|0|0
16:f7:7b:16:05:32|0|6|0|0|0|0
da:a1:19:7b:7b:7b|0|3|0|0|0|0
01:00:5e:00:00:01|0|0|0|1|0|84
e6:10:32:0f:39:a6|0|5|0|0|0|0
ae:23:ef:39:62:92|1|4|0|0|0|0
4a:ad:ea:3b:1b:9d|0|1|0|0|0|0
4a:7d:da:ed:d0:56|0|3|0|0|0|0
1e:be:38:68:c5:ef|0|6|0|0|0|0
