41
b4:e6:2d:f6:c8:79
90:9a:4a:80:85:9e|1134|0|0|0|0|0
ff:ff:ff:ff:ff:ff|0|3107|0|42|0|7071
90:9a:4a:80:71:9a|1225|8|26|41|2850|7261
20:aa:4b:5b:e6:4b|594|0|44|0|7261|0
b4:e6:2d:f6:c8:79|0|2|0|4|0|471
68:ff:7b:c5:ca:c9|200|0|0|0|0|0
c0:06:c3:8f:c0:7b|4|8|11|11|1140|1197
02:00:00:00:00:00|0|1|0|0|0|0
28:6d:cd:09:2a:ea|0|0|27|4|5995|474
84:e3:42:4b:9d:4f|15|0|0|0|0|0
c0:06:c3:8f:c7:99|4|8|3|7|126|708
20:f4:78:24:ce:e8|1|3|0|0|0|0
b8:27:eb:81:9a:d6|0|2|0|0|0|0
94:9f:3e:84:df:5a|15|6|0|0|0|0
00:08:07:76:35:b7|0|1|0|0|0|0
44:07:0b:2f:49:8b|8|0|0|0|0|0
38:8b:59:29:24:78|2|0|0|0|0|0
84:d8:1b:29:48:82|1|0|0|0|0|0
20:df:b9:ac:28:3b|2|0|0|0|0|0
1c:bf:ce:e3:fb:45|0|5|0|0|0|0
7a:10:26:03:60:1e|0|1|0|0|0|0
3c:8d:20:4f:d8:e9|2|0|0|0|0|0
f4:f5:d8:8d:f2:58|4|8|0|0|0|0
