36
b4:e6:2d:f6:b6:a5
80:58:f8:93:88:29|17|35|47|145|1912|56021
68:02:b8:1e:7f:1f|1316|0|331|47|83743|1912
ff:ff:ff:ff:ff:ff|0|2499|0|130|0|12076
6a:02:98:1e:7f:1f|1313|0|0|0|0|0
01:00:5e:00:00:fb|0|0|0|25|0|6813
01:00:5e:7f:ff:fa|0|0|0|5|0|1310
d8:b6:b7:7a:3a:61|280|0|11|56|770|1704
92:5e:96:21:35:c3|0|1|0|0|0|0
54:2a:a2:48:a3:f0|0|57|0|0|0|0
b4:e6:2d:f6:b6:a5|0|1|0|4|0|482
78:9f:70:2b:86:c6|2|0|0|0|0|0
e6:35:23:4e:ab:99|0|0|13|2|450|52
a4:3e:a0:a4:2a:46|0|123|0|0|0|0
33:33:00:00:00:fb|0|0|0|16|0|6089
c8:66:5d:1f:4f:54|0|18|0|0|0|0
26:6f:1d:c2:e2:46|0|13|0|0|0|0
c2:dc:2c:60:7e:f2|4|0|0|0|0|0
da:a1:19:9a:e8:d0|3|5|0|0|0|0
26:17:dc:59:74:f7|0|0|14|2|336|52
94:e2:3c:3e:11:65|1|33|0|0|0|0
bc:54:51:02:a4:f0|0|0|25|3|822|446
0e:26:0a:2f:38:6b|0|0|4|2|96|52
