42
b4:e6:2d:f6:c8:79
90:9a:4a:80:85:9e|1170|0|4|10|312|365
ff:ff:ff:ff:ff:ff|0|2393|0|28|0|5030
90:9a:4a:80:71:9a|1222|6|108|197|46832|27151
b4:e6:2d:f6:c8:79|0|1|0|3|0|376
a0:2c:36:28:1e:19|0|27|0|0|0|0
20:aa:4b:5b:e6:4b|134|0|29|0|5143|0
b8:27:eb:3b:22:38|0|4|0|0|0|0
f0:ef:86:05:a3:fa|0|19|0|0|0|0
a4:50:46:4c:af:3b|6|15|152|96|18895|45430
28:6d:cd:09:2a:ea|0|0|33|4|7404|474
c0:06:c3:8f:c7:99|0|0|9|5|780|552
44:07:0b:70:9e:93|3|0|0|0|0|0
f0:ef:86:06:76:35|0|10|0|0|0|0
68:ff:7b:c5:ca:c9|16|0|2|0|156|0
9e:ab:89:2d:82:91|0|15|10|4|365|312
00:08:07:76:35:b7|0|4|0|0|0|0
1a:a5:c3:61:4f:b6|0|0|0|2|0|156
20:1f:3b:3a:bb:3d|6|0|0|0|0|0
e4:5f:01:5c:9d:89|0|10|0|0|0|0
44:07:0b:2f:49:8b|5|0|0|0|0|0
66:38:c2:25:93:9a|0|3|0|0|0|0
7c:b2:7d:d3:ca:b1|0|1|0|0|0|0
c0:06:c3:8f:c0:7b|0|0|3|0|72|0
54:60:09:e2:ee:aa|0|5|0|0|0|0
62:8c:c8:3c:d6:ef|0|2|0|0|0|0
b8:27:eb:81:9a:d6|0|6|0|0|0|0
ea:40:c2:93:27:ad|0|2|0|0|0|0
f4:f5:d8:8d:f2:58|0|8|0|0|0|0
f4:f5:d8:84:58:92|0|2|0|0|0|0
6e:55:94:a2:5f:3e|0|1|0|0|0|0
4a:56:e1:05:73:8a|0|2|0|0|0|0
1e:f3:7b:cc:f7:98|0|4|0|0|0|0
10:fe:ed:dd:08:06|3|0|0|0|0|0
ee:16:dd:f6:5d:dd|0|3|0|0|0|0
ce:2a:f0:7d:4a:a4|0|5|0|0|0|0
26:b1:d2:ec:33:e9|0|2|0|0|0|0
72:cd:ff:7e:9c:0d|0|3|0|0|0|0
d6:df:3d:82:58:a4|2|7|0|0|0|0
de:d4:b6:0e:3a:7d|0|2|0|0|0|0
01:00:5e:00:00:fb|0|0|0|1|0|113
08:9e:08:bc:6c:2b|0|2|0|0|0|0
c0:d2:dd:2a:21:67|0|3|0|0|0|0
