60
b4:e6:2d:f6:c8:79
9e:ab:89:2d:82:91|2|19|761|7|18498|690
90:9a:4a:80:85:9e|813|72|74|840|22555|20552
90:9a:4a:80:71:9a|1521|10|92|143|21259|19974
ff:ff:ff:ff:ff:ff|0|2581|0|31|0|5037
20:aa:4b:5b:e6:4b|580|0|30|0|4861|0
68:ff:7b:c5:ca:c9|182|0|0|0|0|0
04:6c:59:1b:72:04|72|128|80|4|2486|666
28:6d:cd:09:2a:ea|0|0|27|7|6200|1337
a4:50:46:4c:af:3b|1|1|97|67|12045|17972
14:9d:09:1b:72:36|13|116|0|0|0|0
b4:e6:2d:f6:c8:79|0|1|0|4|0|454
ec:5c:68:84:b1:4b|1|15|0|0|0|0
c0:06:c3:8f:c0:7b|5|10|10|10|1003|1022
da:a1:19:79:79:79|3|8|0|0|0|0
da:a1:19:01:85:98|5|44|0|0|0|0
14:5a:fc:11:63:33|10|33|0|0|0|0
54:2a:a2:73:c6:e9|5|50|0|0|0|0
94:65:2d:d6:9c:46|0|2|0|0|0|0
44:07:0b:2f:49:8b|5|0|0|0|0|0
c0:06:c3:8f:c7:99|4|8|9|4|726|474
12:e8:29:e4:16:89|1|0|0|0|0|0
01:00:5e:00:00:fb|0|0|0|10|0|1208
01:00:5e:7f:ff:fa|0|0|0|46|0|19595
24:77:03:d4:12:38|4|6|0|0|0|0
50:e0:85:84:55:94|4|14|0|0|0|0
52:2c:bc:b1:b3:f0|0|5|0|0|0|0
01:00:5e:00:00:fa|0|0|0|2|0|228
da:a1:19:da:d9:65|0|4|0|0|0|0
00:08:07:76:35:b7|0|1|0|0|0|0
56:a3:99:86:00:e6|0|1|0|0|0|0
2e:5b:04:9c:7d:d5|2|7|0|0|0|0
54:60:09:e2:ee:aa|0|2|0|0|0|0
08:9e:08:bc:6c:2b|0|1|0|0|0|0
01:00:5e:00:00:01|0|0|0|2|0|160
01:00:5e:00:00:16|0|0|0|3|0|264
ca:f6:11:16:a6:b6|1|0|0|0|0|0
46:3b:78:62:ec:7e|6|30|0|0|0|0
64:5d:86:d7:5d:f2|3|0|0|0|0|0
7a:eb:22:66:6f:83|0|3|0|0|0|0
ba:8a:9a:4c:f6:b3|0|1|0|0|0|0
b6:38:17:c3:6a:f9|1|0|0|0|0|0
74:df:bf:45:ac:65|0|1|0|0|0|0
58:ef:68:2a:26:ec|1|0|0|0|0|0
92:4b:a8:23:76:52|1|4|0|0|0|0
da:a1:19:93:7c:f1|0|3|0|0|0|0
be:79:ac:77:13:b5|0|7|0|0|0|0
fe:3b:1a:68:43:51|0|4|0|0|0|0
b0:a7:b9:89:64:1f|1|0|0|0|0|0
16:a8:76:51:d6:83|2|13|0|0|0|0
da:a1:19:b4:45:d3|0|4|0|0|0|0
66:0c:e3:53:3f:94|0|3|0|0|0|0
96:ed:8a:74:bc:16|0|2|0|0|0|0
da:a1:19:17:86:30|1|4|0|0|0|0
62:7b:11:22:f9:74|0|3|0|0|0|0
b6:1a:e7:ba:45:57|1|5|0|0|0|0
22:48:f8:26:26:64|4|16|0|0|0|0
e6:7e:1f:58:5b:d8|0|1|0|0|0|0
c6:3b:a9:f6:7c:7e|2|7|0|0|0|0
f0:ef:86:06:76:35|0|1|0|0|0|0
22:9c:bf:aa:03:49|0|6|0|0|0|0
