48
b4:e6:2d:f6:c8:79
68:ff:7b:c5:ca:c9|853|0|2|0|156|0
ff:ff:ff:ff:ff:ff|0|3657|0|47|0|8564
90:9a:4a:80:71:9a|1459|6|10|53|1499|3226
20:aa:4b:5b:e6:4b|690|0|63|51|11598|1430
e6:1d:78:73:e4:e3|0|0|51|0|1430|0
90:9a:4a:80:85:9e|934|0|3|0|240|0
54:2a:a2:73:c6:e9|40|168|0|0|0|0
28:6d:cd:09:2a:ea|1|2|3|0|78|0
a0:2c:36:28:1e:19|0|37|0|0|0|0
b4:e6:2d:f6:c8:79|0|3|0|5|0|549
44:07:0b:2f:49:8b|7|0|0|0|0|0
c0:06:c3:8f:c0:7b|5|10|11|3|1275|246
20:1f:3b:3a:bb:3d|43|92|0|0|0|0
a4:50:46:4c:af:3b|0|2|33|1|1474|626
7c:2e:bd:f4:94:ee|10|0|0|0|0|0
33:33:00:00:00:0c|0|0|0|13|0|2730
c0:06:c3:8f:c7:99|0|0|6|1|399|78
ce:6a:38:ba:c4:7b|0|9|0|0|0|0
9e:ab:89:2d:82:91|0|2|0|2|0|156
06:00:e1:f0:00:ec|0|1|0|0|0|0
fa:18:d2:82:8f:74|0|1|0|0|0|0
b6:77:77:40:ec:98|0|3|0|0|0|0
6a:d0:03:90:db:83|0|1|0|0|0|0
46:ad:93:2b:7c:09|0|1|0|0|0|0
1c:bf:ce:e3:fb:45|0|2|0|0|0|0
1a:2a:2d:7c:8e:96|1|0|0|0|0|0
96:09:20:42:fa:82|1|0|0|0|0|0
1a:a5:c3:61:4f:b6|0|0|0|2|0|156
01:00:5e:00:00:fa|0|0|0|2|0|228
b8:27:eb:81:9a:d6|0|2|0|0|0|0
f0:ef:86:06:76:35|0|7|0|0|0|0
f4:f5:d8:8d:f2:58|2|6|0|0|0|0
1e:d1:fe:76:2a:7a|0|6|0|0|0|0
56:43:81:c4:1b:a0|0|1|0|0|0|0
01:00:5e:00:00:01|0|0|0|2|0|160
46:3b:78:62:ec:7e|2|14|0|0|0|0
44:07:0b:6c:b6:e3|1|0|0|0|0|0
44:07:0b:70:9e:93|1|0|0|0|0|0
08:9e:08:bc:6c:2b|0|1|0|0|0|0
1a:98:45:0d:ac:30|0|1|0|0|0|0
18:e8:29:e4:16:89|1|0|0|0|0|0
00:08:07:76:35:b7|0|5|0|0|0|0
ec:5c:68:84:b1:4b|1|6|0|0|0|0
3e:17:4a:d6:14:36|0|1|0|0|0|0
f4:f2:6d:90:44:3c|1|0|0|0|0|0
cc:f4:11:a1:a0:2c|0|1|0|0|0|0
f0:ef:86:21:66:5f|0|3|0|0|0|0
d8:47:32:54:de:63|0|2|0|0|0|0
