35
b4:e6:2d:f6:b6:a5
68:02:b8:1e:7f:1f|1276|0|164|0|45802|0
ff:ff:ff:ff:ff:ff|0|3520|0|149|0|43741
6a:02:98:1e:7f:1f|1274|0|0|0|0|0
d8:b6:b7:7a:3a:61|1436|0|12|58|1091|1626
70:ee:50:73:4e:36|0|0|60|0|1556|0
b0:95:75:4b:b9:26|0|0|0|60|0|1556
0e:26:0a:2f:38:6b|0|0|15|2|360|52
ec:2e:98:f0:f5:27|0|124|0|0|0|0
b4:e6:2d:f6:b6:a5|0|2|0|4|0|482
26:17:dc:59:74:f7|0|0|14|2|336|52
a4:3e:a0:a4:2a:46|0|120|0|0|0|0
f0:72:ea:da:42:c6|0|13|0|0|0|0
64:b3:10:aa:e3:3c|0|7|0|0|0|0
e6:35:23:4e:ab:99|0|0|8|2|200|52
bc:54:51:02:a4:f0|0|0|21|3|730|262
33:33:00:00:00:01|0|0|0|3|0|584
10:8e:e0:22:17:e8|0|7|0|0|0|0
a6:78:9d:62:77:82|0|1|0|0|0|0
c8:66:5d:1f:4f:54|0|19|0|0|0|0
d8:8c:79:90:f4:9b|0|7|0|0|0|0
01:00:5e:00:00:fb|0|0|0|5|0|740
33:33:00:00:00:fb|0|0|0|5|0|840
01:00:5e:00:00:01|0|0|0|1|0|88
84:16:f9:07:68:71|0|14|0|0|0|0
f8:77:b8:53:10:e8|6|74|0|0|0|0
4a:42:88:a8:df:ac|0|13|0|0|0|0
00:1c:bf:52:98:29|0|20|0|0|0|0
6e:c2:65:20:93:15|0|8|0|0|0|0
be:73:53:b9:43:0d|2|19|0|0|0|0
4a:6a:d4:65:2b:93|0|2|0|0|0|0
52:86:29:55:66:a6|0|7|0|0|0|0
16:6f:57:60:c0:d1|0|1|0|0|0|0
22:0a:65:c0:61:02|0|13|0|0|0|0
68:5a:cf:fb:e5:65|9|0|0|0|0|0
80:be:05:5f:13:d9|0|12|0|0|0|0
