78
b4:e6:2d:f6:b6:a5
86:f5:97:77:20:23|2|9|0|0|0|0
ff:ff:ff:ff:ff:ff|0|3551|0|156|0|45012
d8:b6:b7:7a:3a:61|1684|0|9|72|296|1960
68:02:b8:1e:7f:1f|1392|0|197|0|52805|0
6a:02:98:1e:7f:1f|1390|0|0|0|0|0
10:8e:e0:22:17:e8|0|7|0|0|0|0
a4:3e:a0:a4:2a:46|0|88|0|0|0|0
70:bc:10:16:23:53|0|51|0|0|0|0
e6:35:23:4e:ab:99|0|0|13|2|318|52
58:91:cf:92:95:be|0|6|0|0|0|0
70:ee:50:73:4e:36|0|0|61|0|1586|0
b0:95:75:4b:b9:26|0|0|0|61|0|1586
b4:e6:2d:f6:b6:a5|0|1|0|4|0|482
bc:54:51:02:a4:f0|0|0|31|2|970|52
72:17:38:23:bb:21|3|9|0|0|0|0
01:00:5e:7f:ff:fa|0|0|0|33|0|6633
da:a1:19:09:20:6b|0|26|0|0|0|0
26:17:dc:59:74:f7|0|0|13|2|312|52
12:7e:76:cd:f2:5a|2|7|0|0|0|0
c8:66:5d:1f:4f:54|0|12|0|0|0|0
1e:d2:5c:51:44:c2|3|24|0|0|0|0
0e:26:0a:2f:38:6b|0|0|15|2|360|52
64:b3:10:aa:e3:3c|1|16|0|0|0|0
5a:82:37:61:8c:62|3|28|0|0|0|0
02:00:00:00:00:00|0|26|0|0|0|0
3a:8d:09:a7:46:ff|0|11|0|0|0|0
32:6e:09:aa:c1:79|2|25|0|0|0|0
88:bd:45:82:d1:56|0|6|0|0|0|0
8e:ba:dc:89:97:86|3|20|0|0|0|0
f2:28:07:73:70:97|0|16|0|0|0|0
00:1c:bf:52:98:29|0|14|0|0|0|0
5e:59:8d:bb:f7:5c|1|25|0|0|0|0
3e:22:40:fa:88:95|1|0|0|0|0|0
aa:a7:59:af:66:f4|0|14|0|0|0|0
06:07:bd:34:59:5f|0|19|0|0|0|0
a6:c7:5d:34:f9:9f|0|24|0|0|0|0
fe:4c:30:3a:cd:f3|4|3|0|0|0|0
01:00:5e:00:00:01|0|0|0|1|0|88
76:83:64:27:9a:38|1|20|0|0|0|0
9e:21:03:26:c4:b9|4|18|0|0|0|0
4a:19:2d:c3:72:ba|0|8|0|0|0|0
66:47:90:73:13:41|0|7|0|0|0|0
c6:29:67:3f:6d:7e|0|98|0|0|0|0
02:19:dd:6f:a5:4c|0|7|0|0|0|0
4a:c9:63:eb:d4:cf|0|19|0|0|0|0
aa:6d:cc:3b:2a:9a|0|6|0|0|0|0
c6:47:d3:4b:11:92|1|0|0|0|0|0
c6:96:58:d0:0f:93|2|16|0|0|0|0
8e:09:bd:8b:82:f3|0|13|0|0|0|0
01:80:c2:00:00:0e|0|0|0|1|0|94
a6:d0:e3:b4:27:d8|0|6|0|0|0|0
02:00:00:40:f3:60|0|4|0|0|0|0
f2:ef:ea:f5:79:c6|0|1|0|0|0|0
26:7b:4a:f3:b9:08|0|1|0|0|0|0
3e:93:2c:9a:1b:ae|0|7|0|0|0|0
d2:97:0b:6d:99:07|0|7|0|0|0|0
da:ed:d5:05:cc:ea|0|1|0|0|0|0
1a:44:8b:cc:5d:69|1|22|0|0|0|0
22:04:c6:79:9a:78|0|7|0|0|0|0
d4:25:8b:33:b5:d5|0|7|0|0|0|0
76:0a:27:39:a5:62|0|20|0|0|0|0
8e:b9:29:f2:9f:52|2|10|0|0|0|0
8a:ff:e8:9d:99:1e|1|7|0|0|0|0
8a:c1:0e:13:5a:66|0|7|0|0|0|0
fe:12:7c:51:a4:82|0|19|0|0|0|0
33:33:00:00:00:01|0|0|0|3|0|584
ea:36:dc:e5:d3:00|0|24|0|0|0|0
a6:c8:15:21:1e:38|0|7|0|0|0|0
c2:b3:23:21:48:4d|0|20|0|0|0|0
92:54:c9:a2:e7:d7|0|7|0|0|0|0
6e:94:db:3a:05:4e|0|2|0|0|0|0
ee:1a:78:24:e4:63|0|7|0|0|0|0
1a:3e:96:19:70:04|0|7|0|0|0|0
1a:44:59:1c:2a:ba|0|15|0|0|0|0
82:79:42:35:0f:c2|1|7|0|0|0|0
1a:3f:40:38:6e:33|3|10|0|0|0|0
66:db:30:ff:5b:55|0|24|0|0|0|0
a2:23:6f:b9:0c:de|0|1|0|0|0|0
