78
b4:e6:2d:f6:b6:a5
68:02:b8:1e:7f:1f|1305|0|352|0|63077|0
ff:ff:ff:ff:ff:ff|0|2813|0|139|0|14098
6a:02:98:1e:7f:1f|1306|0|0|0|0|0
d8:b6:b7:7a:3a:61|620|0|14|84|3550|2083
e6:63:df:01:59:52|0|1|0|0|0|0
01:00:5e:7f:ff:fa|0|0|0|51|0|18051
b4:e6:2d:f6:b6:a5|0|1|0|4|0|482
cc:88:26:36:b9:a7|50|63|0|0|0|0
46:ec:6d:b3:01:5a|2|9|0|0|0|0
bc:54:51:02:a4:f0|0|0|18|2|491|52
a4:3e:a0:a4:2a:46|0|115|0|0|0|0
84:16:f9:07:68:71|0|18|0|0|0|0
26:17:dc:59:74:f7|0|0|57|1|1368|26
01:00:5e:00:00:fb|0|0|0|29|0|4836
33:33:00:00:00:fb|0|0|0|31|0|5708
be:27:7a:21:07:a0|0|1|0|0|0|0
fe:df:92:df:d0:f5|0|7|0|0|0|0
e6:35:23:4e:ab:99|0|0|8|1|200|26
ac:c3:58:19:ac:31|1|0|0|0|0|0
3e:de:db:bf:54:24|2|6|0|0|0|0
92:d4:17:fa:24:f7|2|0|0|0|0|0
0e:26:0a:2f:38:6b|0|0|1|2|24|52
26:6f:1d:c2:e2:46|0|12|0|0|0|0
16:c9:ac:32:f5:79|2|0|0|0|0|0
5e:08:1f:ae:ef:95|2|0|0|0|0|0
d8:75:66:c8:1b:bd|2|2|0|0|0|0
1e:3e:ea:68:f8:ba|2|0|0|0|0|0
33:33:00:00:00:01|0|0|0|6|0|944
5e:c1:cc:e4:e1:4d|2|1|0|0|0|0
00:1c:bf:52:98:29|0|20|0|0|0|0
c6:55:4d:ea:1c:a0|2|1|0|0|0|0
7a:7d:4a:87:55:5e|0|4|0|0|0|0
0a:4c:e7:07:79:16|0|6|0|0|0|0
0e:37:c2:2f:7d:d7|1|0|0|0|0|0
d8:8c:79:90:f4:9b|0|5|0|0|0|0
96:d7:9b:d1:5e:e9|2|8|0|0|0|0
e6:15:47:42:71:7b|2|0|0|0|0|0
33:33:00:00:00:16|0|0|0|27|0|3488
01:00:5e:00:00:16|0|0|0|20|0|1886
6a:7f:48:19:39:40|0|7|0|0|0|0
3e:72:74:3d:36:b7|0|7|0|0|0|0
7a:0f:7e:e5:a3:e6|2|2|0|0|0|0
5c:f5:da:b6:d8:02|0|2|0|0|0|0
46:09:9d:4d:71:ea|2|17|0|0|0|0
62:7f:43:f9:b7:22|0|7|0|0|0|0
4e:9b:05:55:9f:ce|2|26|0|0|0|0
9e:63:ed:4e:97:18|1|0|0|0|0|0
ba:1e:c7:66:7f:7b|0|1|0|0|0|0
16:cb:c3:ea:59:96|2|6|0|0|0|0
36:64:4e:f9:25:50|2|15|0|0|0|0
7e:d9:43:89:92:71|2|7|0|0|0|0
f0:5c:77:1a:f1:64|0|12|0|0|0|0
c8:66:5d:1f:4f:54|0|6|0|0|0|0
16:db:cc:b3:05:eb|1|11|0|0|0|0
ca:94:0d:fe:95:e0|2|7|0|0|0|0
fe:88:65:1e:69:57|0|6|0|0|0|0
4a:5e:31:0d:cf:b2|0|7|0|0|0|0
ca:4c:40:7b:ee:fd|1|0|0|0|0|0
f2:aa:51:2f:40:8a|0|7|0|0|0|0
0c:54:15:5d:f1:f6|0|7|0|0|0|0
26:94:9b:c4:cd:39|8|40|0|0|0|0
06:97:f1:25:7a:91|1|1|0|0|0|0
6a:b7:14:79:c7:39|0|7|0|0|0|0
5e:4d:50:01:38:18|0|7|0|0|0|0
3e:01:b6:a6:59:09|2|5|0|0|0|0
3a:af:63:6b:d5:b7|2|7|0|0|0|0
7a:d0:6b:ca:c8:be|2|2|0|0|0|0
33:33:00:01:00:02|0|0|0|3|0|536
33:33:ff:f7:09:9c|0|0|0|2|0|224
33:33:00:00:00:02|0|0|0|1|0|96
64:b3:10:aa:e3:3c|0|13|0|0|0|0
33:33:00:00:00:0c|0|0|0|16|0|12706
