27
b4:e6:2d:f6:b6:a5
68:02:b8:1e:7f:1f|1215|0|204|0|52829|0
ff:ff:ff:ff:ff:ff|0|2914|0|160|0|44623
6a:02:98:1e:7f:1f|1214|0|0|0|0|0
d8:b6:b7:7a:3a:61|610|0|5|47|314|1138
b4:e6:2d:f6:b6:a5|0|1|0|3|0|390
26:17:dc:59:74:f7|0|0|11|0|264|0
01:00:5e:7f:ff:fa|0|0|0|24|0|4824
e6:35:23:4e:ab:99|0|0|9|0|226|0
bc:54:51:02:a4:f0|0|0|1|3|24|262
0e:26:0a:2f:38:6b|0|0|26|2|624|52
70:ee:50:73:4e:36|0|0|33|0|852|0
b0:95:75:4b:b9:26|0|0|0|33|0|852
a4:3e:a0:a4:2a:46|0|68|0|0|0|0
18:40:de:56:b8:e3|0|1|0|0|0|0
20:79:18:e7:01:8a|0|9|0|0|0|0
60:cc:90:95:de:c7|0|1|0|0|0|0
c8:66:5d:1f:4f:54|0|12|0|0|0|0
7a:b9:36:bc:f3:21|1|0|0|0|0|0
04:b1:a1:f6:0c:cf|1|13|0|0|0|0
00:1c:bf:52:98:29|0|15|0|0|0|0
33:33:00:00:00:01|0|0|0|3|0|584
33:33:00:00:00:16|0|0|0|2|0|248
01:00:5e:00:00:fb|0|0|0|5|0|940
33:33:00:00:00:fb|0|0|0|5|0|1040
01:00:5e:00:00:16|0|0|0|2|0|180
88:83:22:8f:97:d4|0|3|0|0|0|0
32:79:45:d1:21:ca|2|6|0|0|0|0
