60
b4:e6:2d:f6:b6:a5
d8:b6:b7:7a:3a:61|1479|0|14|72|1421|2177
ff:ff:ff:ff:ff:ff|0|3537|0|261|0|54117
68:02:b8:1e:7f:1f|1244|0|317|0|64432|0
6a:02:98:1e:7f:1f|1243|0|0|0|0|0
b4:e6:2d:f6:b6:a5|0|2|0|3|0|390
c6:28:3a:62:7f:d9|1|0|0|0|0|0
50:3e:aa:2d:96:3b|0|7|0|0|0|0
12:2b:9a:3c:bf:45|0|8|0|0|0|0
01:00:5e:7f:ff:fa|0|0|0|39|0|7839
f0:72:ea:da:42:c6|0|28|0|0|0|0
4e:cf:cb:91:2c:19|0|7|0|0|0|0
bc:54:51:02:a4:f0|0|0|31|2|1133|52
01:00:5e:00:00:fb|0|0|0|13|0|2065
e6:35:23:4e:ab:99|0|0|14|2|396|52
a4:3e:a0:a4:2a:46|0|99|0|0|0|0
d6:46:4e:69:f1:9c|1|0|0|0|0|0
9e:98:89:46:9a:a5|0|4|0|0|0|0
70:ee:50:73:4e:36|0|0|69|0|1792|0
b0:95:75:4b:b9:26|0|0|0|69|0|1792
c8:66:5d:1f:4f:54|0|18|0|0|0|0
b6:fb:9b:be:20:44|2|2|0|0|0|0
ca:42:81:1a:d7:5e|0|3|0|0|0|0
12:ae:0c:29:fa:d9|0|3|0|0|0|0
46:8b:77:6d:b6:03|0|7|0|0|0|0
3e:3a:57:ec:d4:eb|0|12|0|0|0|0
7a:11:f8:97:67:f7|5|0|0|0|0|0
26:17:dc:59:74:f7|0|0|27|2|648|52
01:00:5e:00:00:01|0|0|0|1|0|88
d8:8c:79:90:f4:9b|0|7|0|0|0|0
8a:88:59:78:5c:cd|0|5|0|0|0|0
86:d9:30:9a:3d:54|0|7|0|0|0|0
64:b3:10:aa:e3:3c|0|15|0|0|0|0
33:33:00:00:00:fb|0|0|0|6|0|1146
c6:cd:3d:3b:66:ed|0|7|0|0|0|0
ca:71:ba:01:07:75|1|0|0|0|0|0
0e:26:0a:2f:38:6b|0|0|0|2|0|52
a2:25:1c:72:ad:d9|0|7|0|0|0|0
7a:ae:eb:3c:ac:dd|0|15|0|0|0|0
3a:e8:07:16:0c:ec|0|7|0|0|0|0
a6:ae:03:a4:04:99|0|7|0|0|0|0
c6:fb:6c:1c:de:aa|0|13|0|0|0|0
56:87:e8:ca:80:8e|2|0|0|0|0|0
aa:6e:f9:c5:c1:f9|0|7|0|0|0|0
de:62:7a:e1:d1:55|2|6|0|0|0|0
3e:82:d9:f4:9f:49|1|0|0|0|0|0
ba:54:d3:6b:a3:ae|0|14|0|0|0|0
ee:09:eb:83:df:2d|0|7|0|0|0|0
fa:14:ed:e7:58:25|2|7|0|0|0|0
8a:f1:74:be:ac:cb|1|13|0|0|0|0
02:6a:54:ad:66:97|1|9|0|0|0|0
80:58:f8:93:88:29|10|32|0|0|0|0
de:38:07:68:95:04|0|14|0|0|0|0
ca:a0:3b:4a:09:4f|0|13|0|0|0|0
9a:c5:a7:ab:ea:d7|0|7|0|0|0|0
9e:04:2d:b2:54:b8|0|3|0|0|0|0
62:6f:1f:ee:7d:06|0|7|0|0|0|0
be:c2:10:73:0a:a3|0|7|0|0|0|0
9a:6b:8f:44:7b:f3|0|17|0|0|0|0
b6:14:88:da:1c:8b|0|4|0|0|0|0
3a:9f:3c:df:14:f9|1|2|0|0|0|0
