34
b4:e6:2d:f6:b6:a5
68:02:b8:1e:7f:1f|1419|0|307|0|59560|0
ff:ff:ff:ff:ff:ff|0|2419|0|299|0|58262
6a:02:98:1e:7f:1f|1346|0|0|0|0|0
44:fe:3b:06:5c:71|89|0|0|0|0|0
da:62:09:a4:8b:8d|0|1|0|0|0|0
70:ee:50:73:4e:36|0|0|11|0|286|0
b0:95:75:4b:b9:26|0|0|0|11|0|286
72:fe:3b:06:5c:73|27|0|0|0|0|0
a4:3e:a0:a4:2a:46|0|116|0|0|0|0
dc:41:a9:b1:30:a0|0|72|0|0|0|0
33:33:00:00:00:01|0|0|0|4|0|816
3a:af:a0:85:35:84|0|13|0|0|0|0
b2:92:be:18:e9:b2|0|0|7|0|168|0
88:ac:c0:6b:2d:b1|0|0|0|7|0|168
20:4e:f6:79:fd:37|0|4|0|0|0|0
8e:ce:84:5f:9c:42|8|107|0|0|0|0
b4:e6:2d:f6:b6:a5|0|2|0|4|0|482
10:1c:0c:1a:10:10|1|6|0|0|0|0
9e:41:a5:63:0f:10|0|4|0|0|0|0
b2:b1:cc:eb:11:47|0|19|0|0|0|0
d8:8c:79:90:f4:9b|0|6|0|0|0|0
4e:a3:c3:b8:7a:6f|0|1|0|0|0|0
6e:bf:14:08:b2:c1|0|1|0|0|0|0
30:35:ad:7a:2f:04|0|2|0|0|0|0
c8:66:5d:1f:4f:54|0|12|0|0|0|0
fe:71:1a:80:1c:be|0|4|0|0|0|0
5e:50:cb:46:23:35|0|1|0|0|0|0
b2:77:9a:b8:37:ac|0|6|0|0|0|0
8e:84:a1:0c:63:bf|0|12|0|0|0|0
b2:83:91:74:86:1e|0|25|0|0|0|0
4a:82:65:78:29:0f|0|13|0|0|0|0
64:b3:10:aa:e3:3c|0|19|0|0|0|0
12:d9:b4:d0:47:95|0|7|0|0|0|0
32:49:f2:6c:31:a7|0|18|0|0|0|0
