67
b4:e6:2d:f6:c8:79
90:9a:4a:80:71:9a|1257|15|6235|640|9093833|68470
ff:ff:ff:ff:ff:ff|0|2974|0|38|0|6613
90:9a:4a:80:85:9e|943|45|84|900|27856|22226
20:aa:4b:5b:e6:4b|571|0|45|0|7197|0
b4:e6:2d:f6:c8:79|0|2|0|5|0|1080
04:6c:59:1b:72:04|41|55|313|5|8138|390
68:ff:7b:c5:ca:c9|379|0|0|0|0|0
28:6d:cd:09:2a:ea|0|0|15|2|3418|156
62:e8:50:36:b3:f3|1|0|0|0|0|0
a4:50:46:4c:af:3b|9|16|611|6216|63623|9090624
1e:e8:29:e4:16:89|2|0|0|0|0|0
01:00:5e:7f:ff:fa|0|0|0|63|0|25726
50:e0:85:84:55:94|2|17|0|0|0|0
54:60:09:e2:ee:aa|0|11|0|0|0|0
76:d7:5b:96:bb:05|0|1|0|0|0|0
52:d2:28:1d:83:f3|0|6|0|0|0|0
9e:ab:89:2d:82:91|5|13|587|5|14088|390
be:f9:56:7d:ff:44|0|1|0|0|0|0
3e:28:86:3a:34:d1|0|4|0|0|0|0
84:e3:42:4b:9d:4f|18|0|0|0|0|0
7e:ef:4b:5d:7a:e7|0|1|0|0|0|0
bc:54:2f:5e:b7:f3|1|3|0|0|0|0
1c:bf:ce:e3:fb:45|0|1|0|0|0|0
da:d3:d7:41:9f:4b|0|3|0|0|0|0
86:43:86:60:f1:3c|0|2|0|0|0|0
04:4e:af:bc:a7:f7|0|3|0|0|0|0
cc:50:e3:f0:6b:20|0|0|0|6|0|630
f2:78:a5:53:5f:98|0|4|0|0|0|0
82:73:02:61:80:73|0|3|0|0|0|0
01:00:5e:00:00:fb|0|0|0|4|0|510
c0:87:eb:8e:48:ef|3|7|0|0|0|0
c0:06:c3:8f:c0:7b|4|7|8|9|1030|1577
c0:06:c3:8f:c7:99|2|5|6|3|399|396
44:07:0b:70:9e:93|3|0|0|0|0|0
01:00:5e:00:00:02|0|0|0|1|0|94
01:00:5e:00:00:fc|0|0|0|1|0|76
33:33:00:00:00:fb|0|0|0|2|0|276
f6:5b:39:65:1b:a9|0|3|0|0|0|0
30:07:4d:83:4d:ce|0|3|0|0|0|0
b8:81:98:41:b1:49|0|5|0|0|0|0
ce:d3:fb:8f:bc:96|1|0|0|0|0|0
74:eb:80:1d:42:94|0|6|0|0|0|0
12:ce:c0:c7:fd:1f|1|0|0|0|0|0
c2:ac:56:8a:9b:99|0|3|0|0|0|0
f6:e8:a0:a3:7a:27|0|3|0|0|0|0
44:07:0b:89:e4:ab|5|0|0|0|0|0
44:07:0b:2f:49:8b|15|0|0|0|0|0
54:14:f3:b6:82:5d|1|1|0|0|0|0
b8:27:eb:81:9a:d6|0|4|0|0|0|0
44:07:0b:60:bf:75|5|0|0|0|0|0
f0:ef:86:06:76:35|0|7|0|0|0|0
68:bf:c4:01:5f:c0|0|2|0|0|0|0
08:9e:08:bc:6c:2b|0|3|0|0|0|0
64:5d:86:d7:5d:f2|1|10|0|0|0|0
20:df:b9:ac:28:3b|1|0|0|0|0|0
da:a1:19:d7:d7:d7|0|3|0|0|0|0
2e:5e:6f:d6:91:cd|0|2|0|0|0|0
f6:51:22:39:c4:d0|0|1|0|0|0|0
a0:51:0b:4d:68:13|1|8|0|0|0|0
54:60:09:01:a1:78|2|0|0|0|0|0
00:08:07:76:35:b7|0|2|0|0|0|0
74:df:bf:45:ac:65|0|3|0|0|0|0
f0:f6:c1:d5:cb:42|0|2|0|0|0|0
da:a1:19:0e:82:2f|0|2|0|0|0|0
e4:5f:01:5c:9d:89|0|2|0|0|0|0
01:00:5e:00:00:01|0|0|0|1|0|84
01:00:5e:00:00:16|0|0|0|3|0|264
