40
b4:e6:2d:f6:c8:79
90:9a:4a:80:85:9e|1224|4|88|173|30584|4152
ff:ff:ff:ff:ff:ff|0|2480|0|34|0|6058
90:9a:4a:80:71:9a|1244|15|63|74|8580|20548
20:aa:4b:5b:e6:4b|71|0|36|0|6292|0
9e:ab:89:2d:82:91|4|28|173|29|4152|5956
84:e3:42:4b:9d:4f|28|0|0|0|0|0
c0:06:c3:8f:c0:7b|7|14|12|15|1220|1824
01:00:5e:7f:ff:fa|0|0|0|58|0|24544
94:9f:3e:84:df:5a|15|3|0|0|0|0
28:6d:cd:09:2a:ea|0|0|24|4|5245|474
b4:e6:2d:f6:c8:79|0|3|0|5|0|549
44:07:0b:60:bf:75|5|0|0|0|0|0
a4:50:46:4c:af:3b|4|11|32|33|13630|5024
ec:5c:68:84:b1:4b|1|18|0|0|0|0
e6:d2:7b:3b:95:8e|0|6|0|0|0|0
68:ff:7b:c5:ca:c9|1|0|0|0|0|0
e4:5f:01:5c:9d:89|0|2|0|0|0|0
50:e0:85:84:55:94|2|7|0|0|0|0
c0:06:c3:8f:c7:99|4|8|6|5|453|633
34:cf:f6:83:7c:87|1|0|0|0|0|0
01:00:5e:00:00:01|0|0|0|2|0|160
b8:27:eb:81:9a:d6|0|3|0|0|0|0
