36
b4:e6:2d:f6:b6:a5
68:02:b8:1e:7f:1f|1273|0|33|1|4778|78
ff:ff:ff:ff:ff:ff|0|3499|0|7|0|532
6a:02:98:1e:7f:1f|1274|0|0|0|0|0
d8:b6:b7:7a:3a:61|1336|0|18|25|2372|608
01:00:5e:00:00:16|0|0|0|4|0|364
01:00:5e:00:00:fb|0|0|0|14|0|2595
33:33:00:00:00:fb|0|0|0|7|0|1776
b4:e6:2d:f6:b6:a5|0|1|0|3|0|390
8a:fe:56:90:1f:82|0|7|0|0|0|0
33:33:00:00:00:16|0|0|0|1|0|128
a4:3e:a0:a4:2a:46|0|126|0|0|0|0
4c:fc:aa:04:03:83|0|14|0|0|0|0
0e:26:0a:2f:38:6b|0|0|17|0|408|0
80:58:f8:93:88:29|0|0|1|3|78|329
a8:9f:ba:a9:52:a5|0|14|0|0|0|0
26:94:9b:c4:cd:39|10|66|0|0|0|0
e6:35:23:4e:ab:99|0|0|8|2|200|52
64:b3:10:aa:e3:3c|0|8|0|0|0|0
54:2a:a2:48:a3:f0|0|105|0|0|0|0
bc:54:51:02:a4:f0|0|0|0|2|0|52
26:17:dc:59:74:f7|0|0|0|2|0|52
33:33:00:00:00:01|0|0|0|3|0|584
33:33:00:00:00:02|0|0|0|1|0|96
33:33:ff:1e:b6:60|0|0|0|1|0|112
c8:66:5d:1f:4f:54|0|13|0|0|0|0
4e:9b:05:55:9f:ce|2|3|0|0|0|0
6e:81:d9:69:65:00|0|7|0|0|0|0
46:af:77:10:2a:51|1|6|0|0|0|0
f0:72:ea:da:42:c6|0|4|0|0|0|0
be:0d:7a:6d:c5:be|2|7|0|0|0|0
01:00:5e:00:00:01|0|0|0|1|0|88
da:a1:19:a6:d7:cb|0|3|0|0|0|0
9a:5d:79:1f:6b:75|0|6|0|0|0|0
d8:8c:79:90:f4:9b|0|2|0|0|0|0
22:90:99:f3:99:e8|2|3|0|0|0|0
00:0c:e7:1e:94:4c|0|6|0|0|0|0
