40
b4:e6:2d:f6:c8:79
90:9a:4a:80:71:9a|1310|6|9|28|844|2604
ff:ff:ff:ff:ff:ff|0|2870|0|3|0|437
68:ff:7b:c5:ca:c9|654|0|2|0|156|0
90:9a:4a:80:85:9e|994|0|0|0|0|0
c0:06:c3:8f:c7:99|0|0|9|3|780|234
28:6d:cd:09:2a:ea|1|2|3|0|78|0
50:e0:85:84:55:94|2|16|0|0|0|0
20:aa:4b:5b:e6:4b|39|0|6|34|717|988
20:1f:3b:3a:bb:3d|25|65|0|0|0|0
b4:e6:2d:f6:c8:79|0|2|0|4|0|454
44:07:0b:70:9e:93|3|0|0|0|0|0
a0:2c:36:28:1e:19|0|27|0|0|0|0
c0:06:c3:8f:c0:7b|5|10|12|2|1434|156
1a:a5:c3:61:4f:b6|0|0|0|2|0|156
e6:1d:78:73:e4:e3|0|0|34|2|988|204
ec:5c:68:84:b1:4b|8|39|0|0|0|0
b8:27:eb:81:9a:d6|0|7|0|0|0|0
a6:29:a0:b2:ce:00|0|4|0|0|0|0
01:00:5e:00:00:01|0|0|0|1|0|76
e4:95:6e:44:bb:96|1|0|0|0|0|0
a4:50:46:4c:af:3b|0|0|4|0|312|0
44:07:0b:2f:49:8b|10|0|0|0|0|0
10:fe:ed:dd:08:06|5|0|0|0|0|0
