118
b4:e6:2d:f6:b6:a5
68:02:b8:1e:7f:1f|1616|0|477|15|101977|388
ff:ff:ff:ff:ff:ff|0|3521|0|371|0|65056
6a:02:98:1e:7f:1f|1611|0|0|0|0|0
d8:b6:b7:7a:3a:61|1533|0|9|43|296|1260
7e:f0:54:00:a5:fe|1|14|0|0|0|0
96:f4:a8:fa:ef:b8|0|12|0|0|0|0
72:0d:f3:06:2a:b7|0|7|0|0|0|0
01:00:5e:00:00:fb|0|0|0|10|0|1429
33:33:00:00:00:fb|0|0|0|6|0|1048
01:00:5e:7f:ff:fa|0|0|0|81|0|33577
bc:54:51:02:a4:f0|0|0|19|2|678|52
ec:2e:98:f0:f5:27|0|36|0|0|0|0
f8:77:b8:53:10:e8|10|100|0|0|0|0
fe:38:ff:8f:8a:f0|0|6|0|0|0|0
e6:f9:22:c6:1d:f2|0|6|0|0|0|0
0e:26:0a:2f:38:6b|0|0|5|2|120|52
80:1f:02:b4:07:ae|1|13|14|0|364|0
62:08:10:df:af:f7|1|14|0|0|0|0
72:03:82:2c:56:b0|0|6|0|0|0|0
da:a1:19:d6:d5:fa|0|31|0|0|0|0
a4:3e:a0:a4:2a:46|0|153|0|0|0|0
de:c2:9c:e5:da:5c|1|13|0|0|0|0
86:dc:a0:81:32:0e|0|6|0|0|0|0
e6:a8:97:07:91:1f|0|7|0|0|0|0
b6:2f:b1:b8:72:fd|1|6|0|0|0|0
d2:18:cd:6c:8e:99|0|13|0|0|0|0
64:b3:10:aa:e3:3c|0|17|0|0|0|0
e2:e0:e4:d9:44:3a|0|7|0|0|0|0
70:2e:22:8d:72:74|15|0|3|0|745|0
5c:f8:21:84:a4:31|0|1|0|0|0|0
2a:24:34:61:ff:8d|0|13|0|0|0|0
a2:e9:24:e7:c0:a0|0|7|0|0|0|0
da:4e:5b:72:cb:ba|0|4|0|0|0|0
4c:fc:aa:04:03:83|1|19|0|0|0|0
26:17:dc:59:74:f7|0|0|12|2|288|52
92:c6:20:a8:7a:98|2|14|0|0|0|0
e6:35:23:4e:ab:99|0|0|7|2|174|52
2e:1d:74:8a:e3:6c|1|14|0|0|0|0
fe:b2:45:f4:c5:4e|0|18|0|0|0|0
12:05:b3:f3:de:83|1|14|0|0|0|0
56:c1:e5:8a:66:66|0|12|0|0|0|0
c8:66:5d:1f:4f:54|0|12|0|0|0|0
b4:e6:2d:f6:b6:a5|0|1|0|4|0|482
84:16:f9:07:68:71|0|1|0|0|0|0
46:ec:18:68:f4:8f|1|14|0|0|0|0
3a:24:29:5b:c6:20|0|15|0|0|0|0
5a:f2:22:bb:80:e9|1|14|0|0|0|0
d6:15:3c:0a:04:c4|0|6|0|0|0|0
a2:35:49:ae:44:5b|0|7|0|0|0|0
e6:4a:bc:39:ec:ab|1|14|0|0|0|0
fe:10:8c:04:7e:5b|1|14|0|0|0|0
96:5b:81:01:aa:d9|0|12|0|0|0|0
56:f6:31:9a:62:4c|1|7|0|0|0|0
be:ba:4f:4f:93:d7|0|12|0|0|0|0
ba:9f:31:f7:09:ae|0|27|0|0|0|0
ba:f3:63:d5:c8:94|0|7|0|0|0|0
82:cd:df:b6:24:54|0|6|0|0|0|0
e2:1c:fa:2e:9f:74|0|7|0|0|0|0
2c:0e:3d:ac:4c:05|0|0|1|0|24|0
01:00:5e:00:00:01|0|0|0|1|0|88
02:92:65:c5:ac:14|0|20|0|0|0|0
fe:ed:c8:50:08:b4|0|6|0|0|0|0
b2:62:bd:8c:55:ad|0|6|0|0|0|0
36:fe:08:ab:1f:e0|0|14|0|0|0|0
b6:cb:3a:f2:66:58|0|7|0|0|0|0
a6:de:67:7e:16:af|0|6|0|0|0|0
7e:49:0b:a2:0c:84|0|14|0|0|0|0
fe:0d:11:9b:c0:c7|0|5|0|0|0|0
5e:ba:c9:da:17:24|0|12|0|0|0|0
82:ea:2f:cb:f1:23|0|8|0|0|0|0
32:5f:16:a3:2a:48|0|12|0|0|0|0
62:82:8c:0e:1c:be|0|8|0|0|0|0
00:0c:e7:4c:ab:f8|2|25|0|0|0|0
fa:59:eb:b0:9e:41|0|14|0|0|0|0
12:58:c2:f1:a3:17|0|6|0|0|0|0
8e:1d:35:c2:2e:a3|0|7|0|0|0|0
02:0b:7a:f1:74:a8|0|13|0|0|0|0
26:ac:1e:5c:db:c1|0|12|0|0|0|0
4e:b4:68:04:8d:3c|0|8|0|0|0|0
ee:4b:74:35:dc:f3|0|13|0|0|0|0
36:76:30:20:d7:86|0|11|0|0|0|0
9a:41:a3:a5:f7:c4|0|4|0|0|0|0
12:2e:15:fb:82:c0|0|8|0|0|0|0
e6:c4:60:82:f0:ab|0|6|0|0|0|0
1a:87:40:e4:14:a3|2|20|0|0|0|0
f6:62:ab:d0:85:84|0|14|0|0|0|0
f6:ec:1b:eb:99:c5|0|6|0|0|0|0
33:33:00:00:00:16|0|0|0|2|0|248
01:00:5e:00:00:02|0|0|0|1|0|90
1a:40:27:af:3c:cf|0|14|0|0|0|0
fa:e5:2a:ac:97:aa|0|7|0|0|0|0
ca:cd:b0:5d:94:80|0|13|0|0|0|0
76:4f:61:be:0a:25|0|13|0|0|0|0
ca:87:1c:6b:8e:7b|0|6|0|0|0|0
ae:d3:f6:2e:a1:ef|0|7|0|0|0|0
33:33:00:00:00:01|0|0|0|3|0|584
33:33:00:00:00:02|0|0|0|1|0|96
33:33:ff:1e:b6:60|0|0|0|1|0|112
92:d9:c9:dc:13:25|0|8|0|0|0|0
b2:47:ad:93:f3:c4|0|7|0|0|0|0
1e:27:35:b1:00:b1|0|3|0|0|0|0
62:a9:68:8a:7e:c0|0|6|0|0|0|0
d2:65:d2:0a:1c:ed|0|7|0|0|0|0
72:c3:3f:6b:c7:4f|0|7|0|0|0|0
ea:2a:62:2f:6e:4c|0|6|0|0|0|0
da:6f:8a:79:66:ff|0|7|0|0|0|0
82:cc:07:fe:7f:86|0|2|0|0|0|0
ba:79:9e:ba:d0:0e|0|19|0|0|0|0
fe:62:af:ba:da:19|0|18|0|0|0|0
62:d3:3f:9f:6e:72|0|14|0|0|0|0
de:23:14:85:fa:4e|0|8|0|0|0|0
8e:59:7c:ad:e9:d3|0|14|0|0|0|0
de:4e:59:86:91:45|0|12|0|0|0|0
d2:f0:22:fc:86:81|0|6|0|0|0|0
66:14:66:b3:b8:6f|0|14|0|0|0|0
ae:93:f7:7e:a7:fb|0|14|0|0|0|0
ea:99:27:6d:a3:ba|0|1|0|0|0|0
de:04:98:31:95:7a|0|6|0|0|0|0
