62
b4:e6:2d:f6:c8:79
90:9a:4a:80:85:9e|1166|0|81|1025|28800|636934
ff:ff:ff:ff:ff:ff|0|3538|0|47|0|8168
20:aa:4b:5b:e6:4b|803|0|47|0|8156|0
90:9a:4a:80:71:9a|1266|6|14|82|1454|8571
7a:5c:98:83:bb:72|0|4|0|0|0|0
68:ff:7b:c5:ca:c9|462|0|0|0|0|0
01:00:5e:00:00:fa|0|0|0|2|0|228
da:a1:19:68:68:68|0|3|0|0|0|0
44:07:0b:2f:49:8b|10|0|0|0|0|0
a4:50:46:4c:af:3b|6|35|62|3|6866|333
d6:68:81:85:17:18|2|30|0|0|0|0
b4:75:0e:da:6c:72|3|0|0|0|0|0
b4:75:0e:da:6c:73|3|0|0|0|0|0
16:72:c3:f7:66:d8|2|0|0|0|0|0
da:a1:19:f9:f9:f9|1|13|0|0|0|0
04:6c:59:1b:72:04|0|0|1015|48|637910|20455
c0:06:c3:8f:c7:99|0|0|8|2|702|156
a6:42:1c:ee:b8:9f|0|3|0|0|0|0
c0:06:c3:8f:c0:7b|4|8|9|5|925|511
f0:ef:86:05:a3:fa|0|9|0|0|0|0
28:6d:cd:09:2a:ea|1|3|3|0|78|0
14:c1:4e:07:26:d2|1|0|0|0|0|0
9e:ab:89:2d:82:91|0|5|13|16|312|2192
bc:54:2f:5e:b7:f3|1|13|0|0|0|0
96:3e:c4:bc:25:59|2|0|0|0|0|0
e4:5f:01:5c:9d:89|0|5|0|0|0|0
74:eb:80:1d:42:94|6|13|0|0|0|0
b4:e6:2d:f6:c8:79|0|3|0|4|0|454
62:7a:30:4d:58:63|1|3|0|0|0|0
ee:d6:64:cd:16:b2|0|1|0|0|0|0
6a:bd:ca:3d:86:41|0|3|0|0|0|0
7a:ea:ec:64:4d:5a|1|0|0|0|0|0
01:00:5e:7f:ff:fa|0|0|0|13|0|6573
01:00:5e:00:00:01|0|0|0|1|0|84
01:00:5e:00:00:fb|0|0|0|2|0|336
01:00:5e:00:00:16|0|0|0|1|0|88
06:82:8f:8b:ee:6f|0|2|0|0|0|0
44:07:0b:70:9e:93|4|0|0|0|0|0
3c:58:c2:60:84:e8|0|3|0|0|0|0
00:08:10:80:dc:7a|0|1|0|0|0|0
88:3d:24:10:7e:ce|0|2|0|0|0|0
ee:92:51:02:0b:7d|0|1|0|0|0|0
2a:c2:6e:bd:0a:8d|0|3|0|0|0|0
33:33:00:00:00:01|0|0|0|1|0|120
e4:5f:01:78:c0:dc|0|2|0|0|0|0
c0:87:eb:8e:48:ef|0|1|0|0|0|0
c0:3c:59:93:37:44|1|0|0|0|0|0
12:d5:e1:86:59:05|0|2|0|0|0|0
46:00:02:a7:c9:68|1|0|0|0|0|0
54:60:09:e2:ee:aa|0|6|0|0|0|0
a6:0a:6f:48:3b:a2|0|6|0|0|0|0
b2:8f:56:76:9b:bc|2|0|0|0|0|0
f0:f6:c1:d5:cb:42|0|3|0|0|0|0
f4:f5:d8:8d:f2:58|0|1|0|0|0|0
08:9e:08:bc:6c:2b|0|3|0|0|0|0
f6:3b:df:4c:7b:b7|0|1|0|0|0|0
f0:ef:86:21:66:5f|0|3|0|0|0|0
00:08:07:76:35:b7|0|3|0|0|0|0
32:0e:83:df:d4:40|1|3|0|0|0|0
f0:ef:86:06:76:35|0|1|0|0|0|0
86:6e:d2:2c:51:07|0|2|0|0|0|0
30:07:4d:83:4d:ce|0|3|0|0|0|0
