22
b4:e6:2d:f6:b6:a5
68:02:b8:1e:7f:1f|1285|0|597|0|115366|0
ff:ff:ff:ff:ff:ff|0|2345|0|339|0|62082
6a:02:98:1e:7f:1f|1282|0|0|0|0|0
b4:e6:2d:f6:b6:a5|0|2|0|3|0|390
ba:9f:31:f7:09:ae|0|6|0|0|0|0
54:2a:a2:48:a3:f0|0|18|0|0|0|0
01:00:5e:7f:ff:fa|0|0|0|60|0|30806
1a:87:40:96:57:46|0|18|0|0|0|0
10:1c:0c:1a:10:10|0|12|0|0|0|0
a4:3e:a0:a4:2a:46|0|47|0|0|0|0
70:ee:50:73:4e:36|0|0|2|0|52|0
44:fe:3b:a8:69:27|0|0|0|2|0|52
f8:77:b8:53:10:e8|0|90|0|0|0|0
01:00:5e:00:00:fb|0|0|0|64|0|6656
33:33:00:00:00:fb|0|0|0|64|0|7936
33:33:00:01:00:03|0|0|0|32|0|3776
01:00:5e:00:00:fc|0|0|0|32|0|3136
fe:df:c6:75:5e:a4|0|6|0|0|0|0
33:33:00:00:00:01|0|0|0|3|0|584
9c:5d:12:d7:43:d4|0|6|0|0|0|0
c8:66:5d:1f:4f:54|0|6|0|0|0|0
64:b3:10:aa:e3:3c|1|12|0|0|0|0
