27
b4:e6:2d:f6:b6:a5
68:02:b8:1e:7f:1f|1255|0|485|16|110971|468
ff:ff:ff:ff:ff:ff|0|3599|0|350|0|62869
6a:02:98:1e:7f:1f|1253|0|0|0|0|0
d8:b6:b7:7a:3a:61|1247|0|14|70|1636|1855
01:00:5e:7f:ff:fa|0|0|0|111|0|44680
a4:3e:a0:a4:2a:46|0|122|0|0|0|0
70:2c:1f:8a:7c:d7|91|0|0|0|0|0
80:1f:02:b4:07:ae|1|12|16|10|468|1144
bc:54:51:02:a4:f0|0|0|26|2|791|52
96:2e:e9:27:b5:1f|0|1|0|0|0|0
34:7e:5c:38:ae:a0|0|7|0|0|0|0
e6:35:23:4e:ab:99|0|0|8|2|200|52
70:ee:50:73:4e:36|0|0|21|0|546|0
b0:95:75:4b:b9:26|0|0|0|21|0|546
3a:60:03:7e:1d:2b|2|14|0|0|0|0
26:17:dc:59:74:f7|0|0|20|1|480|26
c8:66:5d:1f:4f:54|0|18|0|0|0|0
b4:e6:2d:f6:b6:a5|0|2|0|5|0|574
01:00:5e:00:00:fb|0|0|0|7|0|1403
33:33:00:00:00:fb|0|0|0|7|0|1543
0e:26:0a:2f:38:6b|0|2|16|2|384|52
f8:77:b8:53:10:e8|6|53|0|0|0|0
04:4e:af:fb:fd:77|2|0|0|0|0|0
01:00:5e:00:00:16|0|0|0|1|0|92
33:33:ff:6c:1d:13|0|0|0|1|0|120
64:b3:10:aa:e3:3c|0|17|0|0|0|0
1a:87:40:ee:90:af|0|10|0|0|0|0
