35
b4:e6:2d:f6:c8:79
90:9a:4a:80:71:9a|1297|9|286|229|49901|28105
ff:ff:ff:ff:ff:ff|0|2671|0|31|0|4514
90:9a:4a:80:85:9e|812|2|229|17|227209|408
20:aa:4b:5b:e6:4b|525|0|32|0|4628|0
68:ff:7b:c5:ca:c9|275|0|0|0|0|0
b4:e6:2d:f6:c8:79|0|5|0|13|0|1636
28:6d:cd:09:2a:ea|0|0|31|29|6904|3738
54:2a:a2:73:c6:e9|5|45|0|0|0|0
9e:ab:89:2d:82:91|2|102|17|211|408|218983
22:48:f8:26:26:64|4|26|0|0|0|0
f6:b9:da:f2:4d:cf|0|3|0|0|0|0
01:00:5e:7f:ff:fa|0|0|0|17|0|8142
56:68:61:2c:82:5b|5|11|0|0|0|0
e0:dc:ff:db:25:97|0|1|0|0|0|0
c0:06:c3:8f:c7:99|0|0|5|22|309|2229
c0:06:c3:8f:c0:7b|6|12|10|17|1084|2048
44:07:0b:70:9e:93|4|0|0|0|0|0
a4:50:46:4c:af:3b|3|6|183|205|19808|40250
00:08:07:76:35:b7|0|4|0|0|0|0
44:07:0b:2f:49:8b|6|0|0|0|0|0
da:a2:6b:87:63:65|1|6|0|0|0|0
f4:f5:d8:8d:f2:58|2|7|0|0|0|0
f0:ef:86:06:76:35|0|6|0|0|0|0
5a:15:14:0f:8a:08|1|0|0|0|0|0
7c:2e:bd:f4:94:ee|8|0|0|0|0|0
50:e0:85:84:55:94|3|11|0|0|0|0
01:00:5e:00:00:fa|0|0|0|1|0|114
b8:27:eb:81:9a:d6|0|1|0|0|0|0
01:00:5e:00:00:01|0|0|0|1|0|84
ac:d1:b8:8d:4b:a1|0|4|0|0|0|0
44:46:87:a9:e4:4b|0|2|0|0|0|0
88:46:04:50:5c:49|0|6|0|0|0|0
3e:9e:c1:ec:69:65|0|9|0|0|0|0
7e:3c:6a:92:b2:05|0|4|0|0|0|0
a8:6d:aa:73:88:1d|0|6|0|0|0|0
