30
b4:e6:2d:f6:c8:79
90:9a:4a:80:85:9e|1128|0|4745|8|4104987|192
ff:ff:ff:ff:ff:ff|0|2449|0|3|0|246
90:9a:4a:80:71:9a|1238|9|16|40|1552|6249
20:aa:4b:5b:e6:4b|124|0|2|0|152|0
b4:e6:2d:f6:c8:79|0|1|0|5|0|549
02:00:00:00:00:00|0|4|0|0|0|0
9e:ab:89:2d:82:91|0|0|8|4744|192|4104903
7c:2e:bd:f4:94:ee|5|0|0|0|0|0
01:00:5e:00:00:01|0|0|0|1|0|84
50:e0:85:84:55:94|2|14|0|0|0|0
28:6d:cd:09:2a:ea|0|0|22|2|4814|156
c0:06:c3:8f:c7:99|4|8|8|2|567|156
c0:06:c3:8f:c0:7b|5|9|10|7|868|691
f4:f5:d8:8d:f2:58|2|0|0|0|0|0
44:07:0b:2f:49:8b|7|0|0|0|0|0
7e:02:f7:d9:30:e9|1|0|3|0|72|0
f4:cf:e2:ea:1e:e2|0|0|0|3|0|72
22:48:f8:26:26:64|0|3|0|0|0|0
4a:a2:72:ea:4c:99|1|11|0|0|0|0
68:ff:7b:c5:ca:c9|9|0|0|0|0|0
0a:20:aa:90:41:bd|1|9|0|0|0|0
72:de:f6:5c:39:9c|1|0|0|0|0|0
be:83:26:c9:a1:a1|0|1|0|0|0|0
c6:1f:7b:81:46:76|0|3|0|0|0|0
fe:b8:ee:3d:fe:be|0|6|0|0|0|0
12:7c:71:1a:3f:45|2|7|0|0|0|0
44:07:0b:89:e4:ab|10|0|0|0|0|0
32:05:f3:d1:c0:55|0|1|0|0|0|0
6a:a7:b9:89:64:11|0|0|1|0|94|0
0a:ea:d5:9b:cd:60|0|5|0|0|0|0
