27
b4:e6:2d:f6:b6:a5
68:02:b8:1e:7f:1f|1231|0|12|0|2080|0
ff:ff:ff:ff:ff:ff|0|2374|0|0|0|0
6a:02:98:1e:7f:1f|1190|0|0|0|0|0
02:aa:3f:a7:c9:b1|61|0|0|0|0|0
10:1c:0c:1a:10:10|2|12|0|0|0|0
c8:66:5d:1f:4f:54|0|12|0|0|0|0
02:aa:3f:a7:c9:b2|49|0|3|0|1350|0
a4:3e:a0:a4:2a:46|0|95|0|0|0|0
01:00:5e:00:00:fb|0|0|0|3|0|645
33:33:00:00:00:fb|0|0|0|3|0|705
33:33:00:00:00:16|0|0|0|2|0|248
a2:91:2e:d8:75:4c|0|2|0|0|0|0
5c:f8:21:84:a4:31|0|7|0|0|0|0
58:b1:0f:56:36:08|0|12|0|0|0|0
b4:e6:2d:f6:b6:a5|0|2|0|4|0|482
33:33:00:00:00:0c|0|0|0|2|0|1118
4c:fc:aa:04:03:83|0|2|0|0|0|0
dc:bd:7a:1e:22:bd|2|0|0|0|0|0
7c:16:89:dc:01:46|0|2|0|0|0|0
4e:2a:8a:1c:08:ef|0|1|0|0|0|0
e6:65:03:c1:8d:bc|0|6|0|0|0|0
33:33:00:00:00:01|0|0|0|1|0|232
e2:1a:10:39:69:24|1|0|0|0|0|0
ce:c4:42:e9:ea:70|0|1|0|0|0|0
