41
b4:e6:2d:f6:b6:a5
68:02:b8:1e:7f:1f|1312|0|4981|1621|5422956|42510
ff:ff:ff:ff:ff:ff|0|2280|0|150|0|13744
6a:02:98:1e:7f:1f|1309|0|0|0|0|0
44:fe:3b:06:5c:71|60|0|0|0|0|0
a4:3e:a0:a4:2a:46|0|92|0|0|0|0
be:40:2c:0f:51:ed|2|12|0|0|0|0
4e:9b:05:55:9f:ce|0|0|1621|4774|42510|5399153
b4:e6:2d:f6:b6:a5|0|2|0|4|0|482
01:00:5e:7f:ff:fa|0|0|0|35|0|7035
70:ee:50:73:4e:36|0|0|30|0|780|0
b0:95:75:4b:b9:26|0|0|0|30|0|780
33:33:00:00:00:01|0|0|0|4|0|816
33:33:00:00:00:02|0|0|0|1|0|96
33:33:ff:1e:b6:60|0|0|0|1|0|112
f0:5c:77:1a:f1:64|0|2|0|0|0|0
54:2a:a2:48:a3:f0|0|112|0|0|0|0
01:00:5e:00:00:fb|0|0|0|6|0|822
00:1c:bf:52:98:29|0|2|0|0|0|0
9c:5d:12:d7:43:d4|0|12|0|0|0|0
10:1c:0c:1a:10:10|3|15|0|0|0|0
5c:f5:da:55:8b:f6|0|4|0|0|0|0
dc:41:a9:b1:30:a0|0|9|0|6|0|696
5e:87:7a:1d:f4:3b|0|1|0|0|0|0
8a:9c:e6:01:5c:ed|2|0|0|0|0|0
64:b3:10:aa:e3:3c|0|16|0|0|0|0
c8:66:5d:1f:4f:54|0|6|0|0|0|0
e2:52:a4:f8:6f:25|0|6|0|0|0|0
5e:29:1a:e8:ae:c5|0|2|0|0|0|0
f0:72:ea:da:42:c6|0|6|0|0|0|0
1a:87:40:63:f3:64|0|25|0|0|0|0
00:0c:e7:09:a3:64|0|24|0|0|0|0
ba:9f:31:f7:09:ae|0|13|0|0|0|0
de:4a:0f:b9:09:b0|0|1|0|0|0|0
fa:a6:2a:60:03:5f|0|6|0|0|0|0
2c:db:07:46:b4:19|0|1|0|0|0|0
32:2b:bb:b4:7c:45|0|12|0|0|0|0
c6:ba:82:2d:75:3a|0|6|0|0|0|0
36:13:59:42:ed:19|0|2|0|0|0|0
fa:45:83:9e:87:3d|0|6|0|0|0|0
3e:45:0e:38:30:cb|0|7|0|0|0|0
20:79:18:e7:01:8a|0|6|0|0|0|0
