32
b4:e6:2d:f6:b6:a5
68:02:b8:1e:7f:1f|1329|0|378|0|74365|0
33:33:00:00:00:0c|0|0|0|2|0|2562
ff:ff:ff:ff:ff:ff|0|2358|0|168|0|46056
6a:02:98:1e:7f:1f|1328|0|0|0|0|0
01:00:5e:7f:ff:fa|0|0|0|5|0|2957
b4:e6:2d:f6:b6:a5|0|1|0|3|0|390
01:00:5e:00:00:fb|0|0|0|64|0|6656
33:33:00:00:00:fb|0|0|0|64|0|7936
70:ee:50:73:4e:36|0|0|36|0|936|0
b0:95:75:4b:b9:26|0|0|0|36|0|936
33:33:00:01:00:03|0|0|0|36|0|4264
01:00:5e:00:00:fc|0|0|0|36|0|3544
44:fe:3b:06:5c:71|12|0|0|0|0|0
a4:3e:a0:a4:2a:46|0|92|0|0|0|0
da:a1:19:c5:cc:34|2|6|0|0|0|0
64:b3:10:aa:e3:3c|0|13|0|0|0|0
00:0c:e7:bb:a1:ef|0|12|0|0|0|0
92:22:d2:18:66:7c|0|10|0|0|0|0
f0:5c:77:1a:f1:64|0|3|0|0|0|0
82:df:b1:82:49:10|0|12|0|0|0|0
10:1c:0c:1a:10:10|2|30|0|0|0|0
da:a1:19:1e:32:36|1|6|0|0|0|0
00:0c:e7:2b:f4:4d|0|37|0|0|0|0
02:df:a3:2b:ac:63|1|0|0|0|0|0
9a:74:e8:9d:d6:d2|0|12|0|0|0|0
16:da:5c:90:4b:26|4|0|0|0|0|0
da:a1:19:29:2b:45|2|6|0|0|0|0
00:0c:e7:34:66:36|0|24|0|0|0|0
00:0c:e7:70:8e:1e|0|37|0|0|0|0
c8:66:5d:1f:4f:54|0|6|0|0|0|0
da:a1:19:e1:4b:10|2|0|0|0|0|0
00:0c:e7:00:4c:1f|0|18|0|0|0|0
