53
b4:e6:2d:f6:b6:a5
d8:b6:b7:7a:3a:61|1410|0|13|32|1312|998
ff:ff:ff:ff:ff:ff|0|3534|0|260|0|53840
68:02:b8:1e:7f:1f|1265|0|281|0|57105|0
6a:02:98:1e:7f:1f|1262|0|0|0|0|0
b4:e6:2d:f6:b6:a5|0|1|0|6|0|669
a6:d1:d8:e6:cf:cf|9|32|0|0|0|0
e6:35:23:4e:ab:99|0|0|8|2|200|52
a4:3e:a0:a4:2a:46|0|120|0|0|0|0
f6:80:91:de:a0:d1|0|7|0|0|0|0
01:00:5e:7f:ff:fa|0|0|0|4|0|1016
0e:26:0a:2f:38:6b|0|0|0|2|0|52
26:17:dc:59:74:f7|0|0|6|2|144|52
bc:54:51:02:a4:f0|0|0|18|2|654|52
7c:50:79:01:45:e1|1|0|4|0|104|0
9a:e9:da:49:9f:16|0|0|0|4|0|104
1c:e1:92:7e:3a:1a|0|18|0|0|0|0
d6:06:c7:b0:4e:6f|0|5|0|0|0|0
33:33:00:00:00:16|0|0|0|2|0|248
46:c3:99:76:14:9a|0|9|0|0|0|0
01:00:5e:00:00:fb|0|0|0|4|0|752
33:33:00:00:00:fb|0|0|0|4|0|832
ce:81:e8:1e:4e:80|5|18|0|0|0|0
01:00:5e:00:00:16|0|0|0|2|0|180
7a:c2:ca:a6:8c:86|0|7|0|0|0|0
0a:12:d5:be:7d:ad|0|7|0|0|0|0
f0:5c:77:1a:f1:64|0|7|0|0|0|0
aa:83:6d:ca:4c:4f|3|0|0|0|0|0
3a:26:4c:aa:cc:90|0|2|0|0|0|0
aa:42:42:da:36:71|0|3|0|0|0|0
02:00:00:00:00:00|0|28|0|0|0|0
c8:66:5d:1f:4f:54|0|6|0|0|0|0
56:4d:97:10:cc:26|0|7|0|0|0|0
0c:54:15:5d:f1:f6|0|7|0|0|0|0
e6:38:d4:db:25:25|0|11|0|0|0|0
f2:c1:2c:13:10:38|0|17|0|0|0|0
8e:ce:84:5f:9c:42|3|20|0|0|0|0
5a:82:07:d9:47:6e|0|8|0|0|0|0
d2:90:bd:22:5b:2f|0|6|0|0|0|0
33:33:00:00:00:01|0|0|0|3|0|584
78:9f:70:2b:86:c6|1|0|0|0|0|0
2a:8e:ec:7d:7a:fe|0|3|0|0|0|0
01:00:5e:00:00:01|0|0|0|1|0|88
a6:3c:3a:cf:dd:18|0|1|0|0|0|0
f0:72:ea:da:42:c6|0|7|0|0|0|0
f6:9e:09:24:8d:7f|1|0|0|0|0|0
8e:84:3d:3e:15:c7|2|19|0|0|0|0
12:5b:07:e1:ce:e8|0|7|0|0|0|0
e2:02:13:80:c0:2f|0|7|0|0|0|0
9e:0e:62:aa:b5:15|0|11|0|0|0|0
d8:8c:79:90:f4:9b|0|7|0|0|0|0
0e:93:6b:07:51:ba|2|16|0|0|0|0
06:e3:0d:c3:64:90|0|5|0|0|0|0
64:b3:10:aa:e3:3c|0|1|0|0|0|0
