26
b4:e6:2d:f6:b6:a5
68:02:b8:1e:7f:1f|1443|0|190|0|24404|0
ff:ff:ff:ff:ff:ff|0|2336|0|125|0|11660
6a:02:98:1e:7f:1f|1304|0|0|0|0|0
44:fe:3b:06:5c:71|40|0|0|0|0|0
a4:3e:a0:a4:2a:46|0|78|0|0|0|0
b4:e6:2d:f6:b6:a5|0|2|0|4|0|482
01:00:5e:7f:ff:fa|0|0|0|36|0|7236
f0:5c:77:1a:f1:64|0|1|0|0|0|0
01:00:5e:00:00:fb|0|0|0|12|0|2358
70:ee:50:73:4e:36|0|0|20|0|520|0
b0:95:75:4b:b9:26|0|0|0|20|0|520
54:2a:a2:48:a3:f0|0|147|0|0|0|0
dc:41:a9:b1:30:a0|0|134|0|0|0|0
10:1c:0c:1a:10:10|3|38|0|0|0|0
32:20:57:fe:5f:38|0|1|0|0|0|0
2c:db:07:46:b4:19|0|7|0|0|0|0
33:33:00:00:00:fb|0|0|0|6|0|1656
33:33:00:00:00:16|0|0|0|2|0|248
01:00:5e:00:00:16|0|0|0|2|0|180
33:33:00:00:00:01|0|0|0|3|0|584
0e:fe:45:bc:8e:79|0|1|0|0|0|0
9c:5d:12:d7:43:d4|0|12|0|0|0|0
66:4f:83:8b:1f:15|2|12|0|0|0|0
84:16:f9:07:68:71|0|6|0|0|0|0
4e:9b:05:55:9f:ce|2|23|0|0|0|0
26:94:9b:c4:cd:39|4|0|0|0|0|0
