79
b4:e6:2d:f6:c8:79
90:9a:4a:80:85:9e|1352|0|12|0|1114|0
ff:ff:ff:ff:ff:ff|0|3154|0|43|0|7494
20:aa:4b:5b:e6:4b|774|0|47|54|7918|1296
90:9a:4a:80:71:9a|1345|3|22|38|3020|6563
b0:a7:b9:89:64:1f|7|0|0|0|0|0
c2:a1:ed:69:c7:e4|0|1|0|0|0|0
12:13:97:9a:84:20|0|3|0|0|0|0
b4:e6:2d:f6:c8:79|0|1|0|3|0|376
9e:ab:89:2d:82:91|0|23|0|11|0|1030
68:ff:7b:c5:ca:c9|12|0|0|0|0|0
b2:37:cf:0b:0e:aa|0|3|0|0|0|0
80:91:33:25:67:05|0|95|0|0|0|0
56:ee:dd:11:b7:c3|0|8|0|0|0|0
cc:50:e3:f0:6b:20|0|0|54|0|1296|0
f4:f5:d8:8d:f2:58|7|7|0|0|0|0
28:6d:cd:09:2a:ea|0|0|30|15|6062|2251
be:c7:ab:88:40:69|0|3|0|0|0|0
be:69:17:a2:c3:65|0|1|0|0|0|0
04:ea:56:43:69:3f|2|7|0|0|0|0
44:07:0b:6c:b6:e3|2|0|0|0|0|0
f0:ef:86:05:a3:fa|0|14|0|0|0|0
16:3c:c9:b5:19:6c|0|5|0|0|0|0
00:08:07:76:35:b7|0|1|0|0|0|0
f4:f5:d8:84:58:92|0|2|0|0|0|0
e2:c6:eb:45:9f:d7|2|5|0|0|0|0
33:33:00:00:00:01|0|0|0|1|0|120
fe:2a:7b:ac:13:04|0|3|0|0|0|0
0a:6e:8e:0a:7b:b4|0|6|0|0|0|0
46:ee:20:97:de:90|0|6|0|0|0|0
44:07:0b:60:bf:75|1|0|0|0|0|0
b8:27:eb:81:9a:d6|1|3|0|0|0|0
44:07:0b:70:9e:93|55|31|0|0|0|0
76:c6:ce:2e:cd:c5|0|2|0|0|0|0
c0:06:c3:8f:c7:99|3|8|5|4|429|393
94:9f:3e:84:df:5a|0|26|0|0|0|0
3c:8d:20:4f:d8:e9|1|0|0|0|0|0
3a:62:80:61:91:4e|2|6|0|0|0|0
fa:55:f4:58:d7:77|1|3|0|0|0|0
01:00:5e:00:00:01|0|0|0|2|0|160
01:00:5e:00:00:fa|0|0|0|2|0|228
aa:4c:bd:46:8f:6d|0|5|0|0|0|0
20:1f:3b:3a:bb:3d|3|0|0|0|0|0
48:d6:d5:7c:5a:40|2|0|0|0|0|0
fe:19:4d:7d:51:42|2|0|0|0|0|0
5a:7b:18:c4:f6:c1|0|3|0|0|0|0
c0:06:c3:8f:c0:7b|0|0|3|0|72|0
08:9e:08:bc:6c:2b|0|2|0|0|0|0
52:b2:d3:45:34:69|0|6|0|0|0|0
c2:fc:da:c6:2c:ef|0|6|0|0|0|0
da:45:96:7c:65:91|0|6|0|0|0|0
1c:bf:ce:e3:fb:45|0|8|0|0|0|0
6a:a7:b9:89:64:11|1|0|0|0|0|0
be:19:47:9f:07:84|0|9|0|0|0|0
66:06:74:39:9a:ec|0|3|0|0|0|0
f0:ef:86:06:76:35|0|2|0|0|0|0
be:8b:5e:a5:1c:e6|0|14|0|0|0|0
0a:75:4b:eb:f9:4b|0|4|0|0|0|0
7c:2e:bd:f4:94:ee|10|0|0|0|0|0
12:eb:eb:18:7f:aa|1|6|0|0|0|0
de:28:84:b2:32:f1|1|3|0|0|0|0
42:cc:ec:3d:fe:da|0|13|0|0|0|0
e6:c3:29:c5:7f:a1|1|2|0|0|0|0
aa:21:41:ce:19:14|0|2|0|0|0|0
b6:35:10:d7:e3:21|1|0|0|0|0|0
94:e2:3c:2c:75:7c|0|1|0|0|0|0
d6:bc:c9:16:18:71|0|3|0|0|0|0
0e:42:d9:77:30:d6|3|10|0|0|0|0
a4:77:33:63:f5:7e|0|6|0|0|0|0
62:bc:2a:53:45:25|1|6|0|0|0|0
da:a1:19:89:89:89|2|9|0|0|0|0
1a:86:e8:87:b1:22|1|3|0|0|0|0
d6:c3:8e:03:56:38|0|3|0|0|0|0
7e:c8:ab:53:c9:d4|0|3|0|0|0|0
84:d8:1b:29:48:82|1|0|0|0|0|0
ca:e9:49:90:db:4d|2|1|0|0|0|0
d2:33:60:0a:a9:7c|0|3|0|0|0|0
a2:2d:46:51:77:11|0|4|0|0|0|0
02:00:00:00:00:00|2|22|0|0|0|0
22:4b:cf:f7:12:b8|0|3|0|0|0|0
