26
b4:e6:2d:f6:c8:79
90:9a:4a:80:85:9e|1175|0|3|0|240|0
ff:ff:ff:ff:ff:ff|0|2822|0|3|0|416
90:9a:4a:80:71:9a|1277|7|17|37|1804|2483
68:ff:7b:c5:ca:c9|414|0|0|0|0|0
20:1f:3b:3a:bb:3d|0|71|0|0|0|0
20:aa:4b:5b:e6:4b|105|0|3|0|416|0
c0:06:c3:8f:c7:99|0|0|12|3|1119|234
28:6d:cd:09:2a:ea|1|3|3|0|78|0
ac:67:84:52:fe:0b|1|0|0|0|0|0
a4:50:46:4c:af:3b|1|3|16|1|833|78
44:07:0b:2f:49:8b|8|0|0|0|0|0
f4:f5:d8:8d:f2:58|7|1|0|0|0|0
9e:ab:89:2d:82:91|0|33|0|2|0|156
c0:06:c3:8f:c0:7b|5|10|6|2|453|156
44:07:0b:6c:b6:e3|3|0|0|0|0|0
b4:e6:2d:f6:c8:79|0|2|0|11|0|1336
90:0c:c8:ff:c0:3c|0|3|0|0|0|0
ec:5c:68:84:b1:4b|3|20|0|0|0|0
50:e0:85:84:55:94|4|15|0|0|0|0
da:a1:19:b5:5f:a0|0|2|0|0|0|0
9c:5a:81:3c:9b:3b|0|6|0|0|0|0
44:07:0b:70:9e:93|3|0|0|0|0|0
01:00:5e:00:00:01|0|0|0|1|0|84
