76
b4:e6:2d:f6:c8:79
68:ff:7b:c5:ca:c9|622|0|0|0|0|0
ff:ff:ff:ff:ff:ff|0|3082|0|40|0|6366
90:9a:4a:80:85:9e|1228|0|3|0|234|0
90:9a:4a:80:71:9a|1293|10|11|53|1000|2902
20:aa:4b:5b:e6:4b|226|0|42|0|6556|0
54:60:09:e2:ee:aa|0|9|0|0|0|0
88:3d:24:10:7e:ce|0|1|0|0|0|0
20:df:b9:8e:c2:c7|1|0|0|0|0|0
92:45:34:c0:49:b7|0|1|0|0|0|0
b4:e6:2d:f6:c8:79|0|2|0|4|0|454
42:b3:cd:b3:45:a4|0|9|0|0|0|0
20:1f:3b:3a:bb:3d|12|95|0|0|0|0
b8:27:eb:81:9a:d6|0|3|0|0|0|0
c0:06:c3:8f:c7:99|0|0|9|2|726|156
da:b2:d2:0b:8b:fc|0|6|0|0|0|0
44:07:0b:2f:49:8b|13|0|0|0|0|0
f4:f5:d8:8d:f2:58|7|4|0|0|0|0
b2:01:bc:a5:cd:b9|0|4|0|0|0|0
76:dd:85:0e:75:4a|0|5|0|0|0|0
f4:f2:6d:90:44:3c|4|0|0|0|0|0
a4:50:46:4c:af:3b|5|10|31|3|1014|234
7a:24:cf:ae:d2:fc|0|7|0|0|0|0
26:2a:69:ac:11:d3|1|3|0|0|0|0
28:6d:cd:09:2a:ea|1|2|3|0|78|0
b4:75:0e:da:6c:72|2|0|0|0|0|0
b4:75:0e:da:6c:73|1|0|0|0|0|0
52:64:92:1b:60:74|0|1|0|0|0|0
02:97:b8:07:27:b7|0|2|0|0|0|0
e4:5f:01:5c:9d:89|0|5|0|0|0|0
da:a1:19:b5:5f:a0|0|3|0|0|0|0
c0:06:c3:8f:c0:7b|4|9|10|2|1084|156
3a:5c:0a:d2:24:74|1|6|0|0|0|0
44:07:0b:70:9e:93|7|0|0|0|0|0
82:ad:98:16:49:70|0|8|0|0|0|0
36:64:eb:45:b1:b0|0|4|0|0|0|0
9e:ab:89:2d:82:91|0|0|0|3|0|234
01:00:5e:00:00:01|0|0|0|1|0|76
5a:6d:9f:62:7f:64|0|5|0|0|0|0
1c:bf:ce:e3:fb:45|0|10|0|0|0|0
b6:62:76:d8:cc:4c|0|2|0|0|0|0
00:08:07:76:35:b7|0|2|0|0|0|0
2a:80:b5:a6:b3:5b|1|4|0|0|0|0
8a:03:b0:9a:14:65|1|0|0|0|0|0
c2:a3:f2:61:75:c7|0|15|0|0|0|0
f0:ef:86:06:76:35|0|4|0|0|0|0
9e:b8:88:6b:5d:34|0|7|0|0|0|0
50:e0:85:84:55:94|3|21|0|0|0|0
e2:40:a4:7f:1c:44|0|5|0|0|0|0
e4:5f:01:78:c0:dc|0|1|0|0|0|0
44:07:0b:6c:b6:e3|4|0|0|0|0|0
3c:8d:20:4f:d8:e9|2|0|0|0|0|0
f6:66:af:3a:31:d7|0|3|0|0|0|0
01:00:5e:00:00:fa|0|0|0|1|0|114
08:9e:08:bc:6c:2b|0|1|0|0|0|0
8e:39:9b:86:c9:83|0|11|0|0|0|0
1a:a0:84:75:87:50|0|1|0|0|0|0
a4:77:33:63:f5:7e|0|3|0|0|0|0
22:5f:2a:dc:97:66|0|6|0|0|0|0
6a:d2:9b:63:7d:c7|0|1|0|0|0|0
32:35:66:d2:18:5d|0|6|0|0|0|0
a2:83:a9:d8:40:46|0|1|0|0|0|0
5e:13:eb:16:46:0e|0|5|0|0|0|0
52:2e:c7:54:2a:ca|0|2|0|0|0|0
a2:b4:ea:5a:a9:68|0|1|0|0|0|0
62:68:2a:e9:ec:c6|0|2|0|0|0|0
b8:27:eb:3b:22:38|0|1|0|0|0|0
e6:0f:22:bd:9e:b5|0|3|0|0|0|0
66:96:58:f1:93:b6|0|1|0|0|0|0
ea:bb:53:8f:3d:7e|0|3|0|0|0|0
da:b2:cc:26:96:42|0|3|0|0|0|0
e2:88:97:67:2d:ab|0|6|0|0|0|0
d2:27:64:4f:11:af|0|2|0|0|0|0
ea:b7:2a:35:ce:3b|0|1|0|0|0|0
92:3b:6b:2d:64:e5|0|3|0|0|0|0
94:65:2d:d6:9c:46|0|2|0|0|0|0
46:7e:e0:d2:28:e6|0|4|0|0|0|0
