21
b4:e6:2d:f6:b6:a5
68:02:b8:1e:7f:1f|1260|0|8|0|1161|0
ff:ff:ff:ff:ff:ff|0|2356|0|2|0|152
6a:02:98:1e:7f:1f|1258|0|0|0|0|0
b4:e6:2d:f6:b6:a5|0|1|0|5|0|577
44:fe:3b:06:5c:71|69|0|2|0|152|0
a4:3e:a0:a4:2a:46|0|115|0|0|0|0
10:1c:0c:1a:10:10|3|7|0|0|0|0
30:35:ad:7a:2f:04|0|1|0|0|0|0
70:ee:50:73:4e:36|0|0|26|0|672|0
b0:95:75:4b:b9:26|0|0|0|26|0|672
2c:db:07:46:b4:19|0|10|0|0|0|0
58:b1:0f:56:36:08|0|35|0|0|0|0
64:b3:10:aa:e3:3c|0|5|0|0|0|0
72:fe:3b:06:5c:73|2|0|0|0|0|0
9c:5d:12:d7:43:d4|0|6|0|0|0|0
dc:dc:e2:b9:25:18|0|2|0|0|0|0
5e:a7:70:22:10:da|0|1|0|0|0|0
c8:66:5d:1f:4f:54|0|12|0|0|0|0
33:33:00:00:00:01|0|0|0|3|0|584
f0:5c:77:1a:f1:64|0|6|0|0|0|0
1a:87:40:64:64:25|0|35|0|0|0|0
