27
b4:e6:2d:f6:b6:a5
68:02:b8:1e:7f:1f|1276|0|167|0|55517|0
ff:ff:ff:ff:ff:ff|0|2351|0|10|0|1671
6a:02:98:1e:7f:1f|1262|0|0|0|0|0
b4:e6:2d:f6:b6:a5|0|2|0|3|0|390
70:ee:50:73:4e:36|0|0|110|0|2844|0
b0:95:75:4b:b9:26|0|0|0|110|0|2844
a4:3e:a0:a4:2a:46|0|84|0|0|0|0
01:00:5e:7f:ff:fa|0|0|0|60|0|30806
54:2a:a2:48:a3:f0|0|42|0|0|0|0
10:1c:0c:1a:10:10|4|24|0|0|0|0
26:2f:d7:2f:2b:4c|1|0|0|0|0|0
f2:02:d5:f8:eb:86|2|12|0|0|0|0
33:33:00:00:00:01|0|0|0|3|0|584
c8:66:5d:1f:4f:54|0|6|0|0|0|0
33:33:ff:a5:4e:19|0|0|0|2|0|240
33:33:00:00:00:02|0|0|0|2|0|192
33:33:ff:47:43:51|0|0|0|2|0|240
33:33:ff:01:89:07|0|0|0|4|0|480
01:00:5e:00:00:fb|0|0|0|34|0|9243
33:33:00:00:00:fb|0|0|0|30|0|9483
33:33:00:00:00:16|0|0|0|6|0|1024
01:00:5e:00:00:02|0|0|0|4|0|360
33:33:00:01:00:02|0|0|0|2|0|264
33:33:ff:7f:80:dc|0|0|0|3|0|360
6c:ff:ce:e3:57:f6|0|6|0|0|0|0
64:b3:10:aa:e3:3c|0|18|0|0|0|0
01:00:5e:00:00:16|0|0|0|2|0|180
