28
b4:e6:2d:f6:b6:a5
68:02:b8:1e:7f:1f|1237|0|20|0|2227|0
ff:ff:ff:ff:ff:ff|0|2836|0|8|0|612
6a:02:98:1e:7f:1f|1236|0|0|0|0|0
70:2e:22:8d:72:74|136|0|2|0|1043|0
d8:b6:b7:7a:3a:61|463|0|8|30|262|836
a4:3e:a0:a4:2a:46|0|145|0|0|0|0
e6:35:23:4e:ab:99|0|0|11|2|270|52
5c:f8:21:84:a4:31|0|15|0|0|0|0
b4:e6:2d:f6:b6:a5|0|2|0|5|0|574
f0:72:ea:da:42:c6|0|6|0|0|0|0
0c:cb:85:7f:7a:93|0|7|0|0|0|0
0e:26:0a:2f:38:6b|0|0|14|1|336|26
bc:54:51:02:a4:f0|0|0|5|2|230|52
26:17:dc:59:74:f7|0|0|0|2|0|52
4c:fc:aa:04:03:83|0|18|0|0|0|0
4e:55:ce:30:38:33|0|4|0|0|0|0
01:00:5e:7f:ff:fa|0|0|0|2|0|1043
62:62:9e:1a:69:13|0|1|0|0|0|0
c8:66:5d:1f:4f:54|0|6|0|0|0|0
c2:af:45:73:dd:b1|0|12|0|0|0|0
80:58:f8:93:88:29|0|0|0|3|0|329
78:9f:70:2b:86:c6|1|0|0|0|0|0
33:33:00:00:00:01|0|0|0|3|0|584
