46
b4:e6:2d:f6:b6:a5
68:02:b8:1e:7f:1f|1251|0|165|0|15793|0
ff:ff:ff:ff:ff:ff|0|3507|0|153|0|14160
6a:02:98:1e:7f:1f|1252|0|0|0|0|0
d8:b6:b7:7a:3a:61|1374|0|13|99|1444|2710
ca:7b:7c:45:ff:ee|0|1|0|0|0|0
b4:e6:2d:f6:b6:a5|0|1|0|3|0|390
bc:54:51:02:a4:f0|0|0|52|1|1468|26
70:ee:50:73:4e:36|0|0|38|0|986|0
b0:95:75:4b:b9:26|0|0|0|38|0|986
80:58:f8:93:88:29|0|0|0|4|0|451
a4:3e:a0:a4:2a:46|0|112|0|0|0|0
26:17:dc:59:74:f7|0|0|20|2|480|52
0e:26:0a:2f:38:6b|0|0|6|2|144|52
01:00:5e:00:00:01|0|0|0|1|0|88
e6:35:23:4e:ab:99|0|0|21|1|618|26
06:e5:2c:b5:e8:72|1|0|12|0|577|0
18:35:d1:10:b0:79|0|1|0|12|0|577
30:35:ad:7a:2f:04|0|6|0|0|0|0
64:b3:10:aa:e3:3c|0|21|0|0|0|0
01:00:5e:00:00:fb|0|0|0|3|0|570
33:33:00:00:00:fb|0|0|0|3|0|630
56:f0:88:70:a7:a4|0|3|0|0|0|0
b0:fc:36:76:73:59|0|71|0|0|0|0
72:47:9e:37:de:85|1|0|0|0|0|0
72:3a:e5:ac:d0:06|0|7|0|0|0|0
33:33:00:00:00:01|0|0|0|3|0|584
33:33:00:00:00:02|0|0|0|1|0|96
33:33:ff:1e:b6:60|0|0|0|1|0|112
9e:af:90:72:eb:7d|2|7|0|0|0|0
00:1c:bf:52:98:29|0|14|0|0|0|0
4e:9b:05:55:9f:ce|2|27|0|0|0|0
32:29:70:8d:b3:2c|0|7|0|0|0|0
f4:0e:01:31:94:65|3|3|0|0|0|0
84:16:f9:07:68:71|0|14|0|0|0|0
58:91:cf:92:d9:66|0|1|0|0|0|0
7e:20:8b:6a:0a:c3|0|7|0|0|0|0
f0:72:ea:da:42:c6|0|7|0|0|0|0
fe:a7:75:82:18:f3|1|0|0|0|0|0
36:41:a7:84:6c:5a|1|1|0|0|0|0
22:25:c0:ac:b5:2a|0|18|0|0|0|0
d8:8c:79:90:f4:9b|0|6|0|0|0|0
26:41:bc:db:e1:f6|0|7|0|0|0|0
76:2f:07:02:ce:b3|0|7|0|0|0|0
3e:5c:cb:60:4c:fa|2|19|0|0|0|0
ea:fa:48:6b:c3:43|1|7|0|0|0|0
3e:89:3a:76:79:2b|2|11|0|0|0|0
