39
b4:e6:2d:f6:c8:79
90:9a:4a:80:85:9e|1178|2|133|27|30716|648
ff:ff:ff:ff:ff:ff|0|3625|0|6|0|832
68:ff:7b:c5:ca:c9|642|0|0|0|0|0
20:aa:4b:5b:e6:4b|735|0|6|0|832|0
90:9a:4a:80:71:9a|1299|5|8|30|783|2437
b4:e6:2d:f6:c8:79|0|1|0|4|0|471
20:1f:3b:3a:bb:3d|1|101|0|0|0|0
9e:ab:89:2d:82:91|2|57|27|131|648|30548
d8:47:32:54:de:63|0|10|0|0|0|0
1c:bf:ce:e3:fb:45|0|5|0|0|0|0
28:6d:cd:09:2a:ea|1|3|3|0|78|0
c0:06:c3:8f:c0:7b|4|8|10|2|1084|156
a4:50:46:4c:af:3b|0|0|9|0|573|0
f4:f5:d8:8d:f2:58|5|3|0|0|0|0
c0:06:c3:8f:c7:99|0|0|8|2|702|156
54:60:09:e2:ee:aa|0|6|0|0|0|0
b8:27:eb:81:9a:d6|0|5|0|0|0|0
92:13:88:9e:bb:08|0|2|0|0|0|0
94:ee:9f:9f:fe:89|0|1|0|0|0|0
44:07:0b:70:9e:93|5|0|0|0|0|0
20:df:b9:ac:28:3b|1|0|0|0|0|0
a6:23:9c:e5:b4:cb|4|16|0|0|0|0
e4:5f:01:5c:9d:89|0|2|0|0|0|0
44:07:0b:2f:49:8b|4|0|0|0|0|0
f0:ef:86:06:76:35|0|3|0|0|0|0
0a:e9:47:47:3e:ca|1|3|0|0|0|0
6e:62:05:fb:21:1e|0|1|0|0|0|0
22:c0:3d:a7:3c:63|1|0|0|0|0|0
be:1e:b4:1c:98:bd|0|4|0|0|0|0
b6:fa:bd:52:e0:74|1|0|0|0|0|0
08:9e:08:bc:6c:2b|0|5|0|0|0|0
46:3b:78:62:ec:7e|0|2|20|0|480|0
c4:12:f5:d1:17:6c|0|0|0|20|0|480
01:00:5e:00:00:01|0|0|0|2|0|168
00:08:07:76:35:b7|0|4|0|0|0|0
a0:2c:36:28:1e:19|0|9|0|0|0|0
6c:fd:b9:4d:63:18|0|3|0|0|0|0
44:07:0b:6c:b6:e3|1|0|0|0|0|0
da:a1:19:18:18:18|1|0|0|0|0|0
