25
b4:e6:2d:f6:b6:a5
68:02:b8:1e:7f:1f|1337|0|265|0|82165|0
ff:ff:ff:ff:ff:ff|0|2128|0|156|0|45083
6a:02:98:1e:7f:1f|1129|0|0|0|0|0
b4:e6:2d:f6:b6:a5|0|2|0|4|0|482
5c:f8:21:84:a4:31|0|6|0|0|0|0
0a:de:87:63:0e:45|1|6|0|0|0|0
a4:3e:a0:a4:2a:46|0|136|0|0|0|0
01:00:5e:7f:ff:fa|0|0|0|59|0|30329
7c:1c:4e:74:5f:32|0|12|0|0|0|0
54:2a:a2:48:a3:f0|0|58|0|0|0|0
92:22:d2:18:66:7c|0|6|0|0|0|0
2e:2e:01:8c:9c:d5|0|12|0|0|0|0
10:1c:0c:1a:10:10|3|47|0|0|0|0
01:00:5e:00:00:16|0|0|0|6|0|540
01:00:5e:00:00:fb|0|0|0|15|0|2103
4e:9b:05:55:9f:ce|1|18|0|0|0|0
33:33:00:00:00:01|0|0|0|3|0|584
33:33:00:00:00:fb|0|0|0|12|0|1932
33:33:00:01:00:03|0|0|0|4|0|472
01:00:5e:00:00:fc|0|0|0|4|0|392
72:05:6a:cc:37:0b|0|6|0|0|0|0
04:4e:af:fb:fd:77|1|0|0|0|0|0
33:33:00:00:00:16|0|0|0|2|0|248
