36
b4:e6:2d:f6:c8:79
20:aa:4b:5b:e6:4b|495|0|29|17|4453|650
ff:ff:ff:ff:ff:ff|0|2328|0|25|0|4029
90:9a:4a:80:71:9a|1272|7|15|68|1522|9259
90:9a:4a:80:85:9e|691|0|5|5|396|120
b4:e6:2d:f6:c8:79|0|2|0|3|0|376
a4:50:46:4c:af:3b|0|0|22|1|1444|78
68:ff:7b:c5:ca:c9|23|0|0|0|0|0
80:91:33:25:67:05|0|82|0|0|0|0
54:60:09:e2:ee:aa|0|5|0|0|0|0
b8:27:eb:81:9a:d6|0|2|0|0|0|0
f4:f5:d8:8d:f2:58|7|6|0|0|0|0
28:6d:cd:09:2a:ea|0|0|28|4|5982|474
33:33:00:00:00:01|0|0|0|1|0|120
c0:06:c3:8f:c0:7b|5|10|12|6|1434|516
e4:5f:01:5c:9d:89|0|1|0|0|0|0
44:07:0b:70:9e:93|13|41|0|0|0|0
3c:8d:20:4f:d8:e9|3|0|0|0|0|0
44:07:0b:6c:b6:e3|1|0|0|0|0|0
9e:ab:89:2d:82:91|0|0|5|4|120|312
c0:06:c3:8f:c7:99|2|4|6|1|399|78
f0:ef:86:06:76:35|0|18|0|0|0|0
44:07:0b:2f:49:8b|5|0|0|0|0|0
22:48:f8:26:26:64|4|9|0|0|0|0
9c:5a:81:3c:9b:3b|0|3|0|0|0|0
ac:67:84:5b:07:e3|3|0|0|0|0|0
20:1f:3b:3a:bb:3d|6|0|0|0|0|0
e6:1d:78:73:e4:e3|0|0|17|0|650|0
01:00:5e:00:00:fa|0|0|0|2|0|228
e2:fd:04:b5:55:76|0|1|0|0|0|0
42:88:a5:a8:99:11|0|8|0|0|0|0
08:9e:08:bc:6c:2b|0|2|0|0|0|0
01:00:5e:00:00:01|0|0|0|2|0|160
c0:87:eb:8e:48:ef|0|1|0|0|0|0
54:60:09:01:a1:78|2|0|0|0|0|0
38:f9:d3:b3:0c:da|1|0|0|0|0|0
00:08:07:76:35:b7|0|3|0|0|0|0
