41
b4:e6:2d:f6:c8:79
90:9a:4a:80:71:9a|1245|6|154|61|16730|9388
ff:ff:ff:ff:ff:ff|0|2710|0|43|0|7147
90:9a:4a:80:85:9e|1064|0|0|0|0|0
20:aa:4b:5b:e6:4b|125|0|46|0|7457|0
68:ff:7b:c5:ca:c9|364|0|7|0|684|0
c0:06:c3:8f:c0:7b|6|12|10|18|949|1969
c0:06:c3:8f:c7:99|0|0|8|66|636|5790
c6:dc:b5:72:b8:2f|0|4|0|0|0|0
b4:e6:2d:f6:c8:79|0|2|0|14|0|1714
28:6d:cd:09:2a:ea|0|0|33|46|7335|5997
44:07:0b:70:9e:93|6|0|0|0|0|0
f4:f5:d8:8d:f2:58|4|1|0|0|0|0
1a:a5:c3:61:4f:b6|0|1|0|4|0|312
a4:50:46:4c:af:3b|0|0|10|10|468|1260
b8:27:eb:81:9a:d6|0|3|0|0|0|0
33:33:00:00:00:01|0|0|0|1|0|120
48:5a:b6:22:0c:7e|0|27|0|0|0|0
46:17:6f:b5:a5:8c|0|8|0|0|0|0
44:07:0b:2f:49:8b|8|0|0|0|0|0
00:08:07:76:35:b7|0|1|0|0|0|0
f0:ef:86:05:a3:fa|0|5|0|0|0|0
01:00:5e:00:00:01|0|0|0|2|0|160
01:00:5e:00:00:16|0|0|0|1|0|88
