25
b4:e6:2d:f6:b6:a5
68:02:b8:1e:7f:1f|1335|0|22|9|2579|390
ff:ff:ff:ff:ff:ff|0|2365|0|9|0|720
6a:02:98:1e:7f:1f|1318|0|0|0|0|0
02:aa:3f:a7:c9:b2|9|0|9|0|4288|0
33:33:00:00:00:0c|0|0|0|5|0|3009
01:00:5e:7f:ff:fa|0|0|0|2|0|1091
02:aa:3f:a7:c9:b1|32|0|0|0|0|0
b4:e6:2d:f6:b6:a5|0|2|0|7|0|829
a4:3e:a0:a4:2a:46|0|162|0|0|0|0
6a:02:98:2e:8d:67|1|0|0|0|0|0
6e:01:9b:70:7e:41|2|12|0|0|0|0
ce:4e:83:82:76:1d|0|1|0|0|0|0
10:1c:0c:1a:10:10|2|42|0|0|0|0
c8:66:5d:1f:4f:54|0|12|0|0|0|0
1a:87:40:b8:b6:b6|0|36|0|0|0|0
5c:f8:21:84:a4:31|0|4|0|0|0|0
26:94:9b:c4:cd:39|0|0|9|2|390|194
33:33:00:00:00:01|0|0|0|4|0|816
33:33:00:00:00:02|0|0|0|1|0|96
33:33:ff:1e:b6:60|0|0|0|1|0|112
64:b3:10:aa:e3:3c|0|30|0|0|0|0
00:f6:20:d0:d0:1d|0|1|0|0|0|0
8a:7f:03:d5:e3:d4|0|1|0|0|0|0
