46
b4:e6:2d:f6:c8:79
20:aa:4b:5b:e6:4b|843|0|64|95|13079|2522
20:1f:3b:3a:bb:3d|40|135|0|0|0|0
90:9a:4a:80:85:9e|1272|0|95|58|39538|1392
ff:ff:ff:ff:ff:ff|0|3289|0|53|0|10087
90:9a:4a:80:71:9a|1333|9|37|51|4162|7563
01:00:5e:7f:ff:fa|0|0|0|60|0|23972
84:e3:42:4b:9d:4f|29|0|0|0|0|0
a8:6d:aa:a8:0e:c6|2|0|0|0|0|0
68:ff:7b:c5:ca:c9|72|0|0|0|0|0
1c:bf:ce:e3:fb:45|0|19|0|0|0|0
28:6d:cd:09:2a:ea|0|0|26|3|5917|315
94:9f:3e:84:df:5a|7|6|0|0|0|0
92:c0:4f:eb:94:49|1|6|0|0|0|0
50:e0:85:84:55:94|10|60|0|0|0|0
9e:ab:89:2d:82:91|0|34|58|34|1392|15482
82:98:5c:8a:a8:60|0|13|95|0|2522|0
c0:06:c3:8f:c7:99|4|11|8|6|555|654
c0:06:c3:8f:c0:7b|4|8|9|9|491|1041
44:07:0b:6c:b6:e3|6|0|0|0|0|0
3c:8d:20:4f:d8:e9|3|0|0|0|0|0
01:00:5e:00:00:fb|0|0|0|9|0|2758
30:07:4d:83:4d:ce|0|2|0|0|0|0
f4:f5:d8:8d:f2:58|9|4|0|0|0|0
a4:50:46:4c:af:3b|1|1|8|15|600|1698
b4:e6:2d:f6:c8:79|0|1|0|4|0|454
b8:27:eb:81:9a:d6|0|3|0|0|0|0
33:33:00:00:00:01|0|0|0|1|0|120
44:07:0b:2f:49:8b|14|0|0|0|0|0
44:07:0b:60:bf:75|2|0|0|0|0|0
3c:f0:11:c4:ac:66|1|0|0|0|0|0
24:77:03:d4:12:38|3|12|0|0|0|0
d2:94:ff:b5:2d:78|0|1|0|0|0|0
01:00:5e:00:00:fa|0|0|0|1|0|114
94:e2:3c:28:1e:af|0|2|0|0|0|0
44:07:0b:70:9e:93|4|0|0|0|0|0
01:00:5e:00:00:01|0|0|0|1|0|84
54:60:09:e2:ee:aa|0|7|0|0|0|0
38:8b:59:29:24:78|2|0|0|0|0|0
1e:a3:45:b7:62:5f|0|3|0|0|0|0
b6:8e:b3:71:8c:7f|0|3|0|0|0|0
a6:23:9c:e5:b4:cb|2|20|0|0|0|0
f0:f6:c1:d5:cb:42|0|4|0|0|0|0
a0:2c:36:28:1e:19|0|3|0|0|0|0
da:a1:19:67:67:67|1|6|0|0|0|0
e4:5f:01:78:c0:dc|0|1|0|0|0|0
00:08:07:76:35:b7|0|2|0|0|0|0
