40
b4:e6:2d:f6:c8:79
90:9a:4a:80:85:9e|1242|0|4|0|318|0
ff:ff:ff:ff:ff:ff|0|3328|0|85|0|13528
20:aa:4b:5b:e6:4b|1023|0|94|0|14672|0
90:9a:4a:80:71:9a|1229|7|17|38|1930|6271
80:91:33:25:67:05|26|113|0|0|0|0
68:ff:7b:c5:ca:c9|70|0|0|0|0|0
38:00:25:e8:2f:88|0|47|0|0|0|0
b4:e6:2d:f6:c8:79|0|2|0|5|0|549
28:6d:cd:09:2a:ea|0|0|22|3|4905|315
c0:06:c3:8f:c7:99|5|10|9|5|792|633
f0:ef:86:06:76:35|0|16|0|0|0|0
ac:d1:b8:8d:4b:a1|0|8|0|0|0|0
76:78:27:bc:20:c6|0|6|0|0|0|0
e4:5f:01:5c:9d:89|0|5|0|0|0|0
b8:27:eb:81:9a:d6|0|9|0|0|0|0
9e:ab:89:2d:82:91|0|0|0|3|0|234
01:00:5e:00:00:01|0|0|0|2|0|160
7a:8a:93:8f:bd:6e|0|3|0|0|0|0
30:07:4d:83:4d:ce|0|2|0|0|0|0
a0:c9:a0:c1:eb:b8|0|6|0|0|0|0
c0:06:c3:8f:c0:7b|2|4|7|4|574|433
04:ea:56:43:69:3f|2|0|0|0|0|0
33:33:00:00:00:01|0|0|0|1|0|120
