25
b4:e6:2d:f6:b6:a5
68:02:b8:1e:7f:1f|1282|0|10|8|922|356
ff:ff:ff:ff:ff:ff|0|2373|0|10|0|814
6a:02:98:1e:7f:1f|1258|0|0|0|0|0
02:aa:3f:a7:c9:b2|50|0|8|0|2707|0
b4:e6:2d:f6:b6:a5|0|3|0|3|0|390
a4:3e:a0:a4:2a:46|0|119|0|0|0|0
5c:f8:21:84:a4:31|0|9|0|0|0|0
92:57:f4:d9:ca:4d|0|1|0|0|0|0
02:99:28:2e:b4:2c|0|6|0|0|0|0
c8:66:5d:1f:4f:54|0|12|0|0|0|0
1a:87:40:eb:ab:d9|0|30|0|0|0|0
64:b3:10:aa:e3:3c|0|24|0|0|0|0
26:94:9b:c4:cd:39|0|0|8|0|356|0
02:aa:3f:a7:c9:b1|17|0|0|0|0|0
01:00:5e:7f:ff:fa|0|0|0|2|0|1091
d8:8c:79:90:f4:9b|0|6|0|0|0|0
6a:02:98:2e:8d:67|2|0|0|0|0|0
96:66:14:a5:54:cb|0|4|0|0|0|0
10:1c:0c:1a:10:10|0|18|0|0|0|0
de:a1:de:16:f9:ff|0|1|0|0|0|0
06:39:18:e6:ce:32|0|1|0|0|0|0
16:56:7d:e5:9d:39|0|1|0|0|0|0
33:33:ff:92:e9:b1|0|0|0|1|0|120
33:33:00:00:00:0c|0|0|0|2|0|1214
