35
b4:e6:2d:f6:b6:a5
68:02:b8:1e:7f:1f|1271|0|472|15|81536|480
ff:ff:ff:ff:ff:ff|0|3541|0|392|0|67760
6a:02:98:1e:7f:1f|1268|0|0|0|0|0
d8:b6:b7:7a:3a:61|1294|0|18|93|1711|2459
bc:54:51:02:a4:f0|0|0|65|1|1779|26
01:00:5e:00:00:fb|0|0|0|21|0|3507
b4:e6:2d:f6:b6:a5|0|2|0|5|0|654
70:2e:22:8d:72:74|28|0|1|0|525|0
01:00:5e:7f:ff:fa|0|0|0|31|0|6427
5c:f8:21:84:a4:31|0|7|0|0|0|0
80:1f:02:b4:07:ae|0|0|11|0|286|0
0e:26:0a:2f:38:6b|0|0|14|1|336|26
a4:3e:a0:a4:2a:46|0|138|0|0|0|0
33:33:00:00:00:fb|0|0|0|14|0|2688
33:33:00:00:00:16|0|0|0|2|0|248
01:00:5e:00:00:16|0|0|0|6|0|548
33:33:00:01:00:03|0|0|0|4|0|492
01:00:5e:00:00:fc|0|0|0|4|0|412
4c:fc:aa:04:03:83|0|16|0|0|0|0
e6:35:23:4e:ab:99|0|0|8|2|200|52
26:17:dc:59:74:f7|0|0|6|2|144|52
c8:66:5d:1f:4f:54|0|6|0|0|0|0
f8:77:b8:53:10:e8|12|116|0|0|0|0
2c:0e:3d:ac:4c:05|0|0|4|0|194|0
01:00:5e:00:00:01|0|0|0|1|0|88
33:33:00:00:00:01|0|0|0|3|0|584
33:33:00:00:00:02|0|0|0|1|0|96
33:33:ff:1e:b6:60|0|0|0|1|0|112
f0:5c:77:1a:f1:64|0|7|0|0|0|0
f0:72:ea:da:42:c6|0|7|0|0|0|0
26:46:c8:a9:b5:f4|0|7|0|0|0|0
0c:54:15:5d:f1:f6|0|3|0|0|0|0
9e:8e:d0:3c:3f:53|1|0|0|0|0|0
d8:8c:79:90:f4:9b|0|7|0|0|0|0
1a:87:40:1e:1e:5c|2|19|0|0|0|0
