31
b4:e6:2d:f6:b6:a5
68:02:b8:1e:7f:1f|1275|0|407|0|101523|0
ff:ff:ff:ff:ff:ff|0|2356|0|269|0|55231
6a:02:98:1e:7f:1f|1268|0|0|0|0|0
70:ee:50:73:4e:36|0|0|4|0|104|0
44:fe:3b:a8:69:27|0|0|0|4|0|104
7e:88:04:54:6b:72|0|6|0|0|0|0
04:4e:af:fb:fd:77|3|0|0|0|0|0
b4:e6:2d:f6:b6:a5|0|1|0|4|0|482
26:94:9b:c4:cd:39|0|36|0|0|0|0
33:33:00:01:00:03|0|0|0|6|0|752
01:00:5e:00:00:fc|0|0|0|6|0|632
01:00:5e:00:00:fb|0|0|0|25|0|5650
33:33:00:00:00:fb|0|0|0|23|0|5930
f0:5c:77:1a:f1:64|0|12|0|0|0|0
a4:3e:a0:a4:2a:46|0|48|0|0|0|0
3e:f7:1e:77:ef:b5|2|0|0|0|0|0
01:00:5e:7f:ff:fa|0|0|0|60|0|30806
1a:87:40:3f:6e:be|0|24|0|0|0|0
10:1c:0c:1a:10:10|3|18|0|0|0|0
8e:ce:84:5f:9c:42|3|18|0|0|0|0
64:b3:10:aa:e3:3c|1|18|0|0|0|0
33:33:00:00:00:01|0|0|0|3|0|584
c8:66:5d:1f:4f:54|0|12|0|0|0|0
33:33:ff:a5:4e:19|0|0|0|1|0|120
33:33:00:00:00:02|0|0|0|1|0|96
33:33:ff:47:43:51|0|0|0|1|0|120
33:33:ff:51:7f:d7|0|0|0|3|0|360
33:33:00:00:00:16|0|0|0|2|0|448
33:33:00:01:00:02|0|0|0|1|0|132
01:00:5e:00:00:02|0|0|0|2|0|180
9c:5d:12:d7:43:d4|0|6|0|0|0|0
