27
b4:e6:2d:f6:b6:a5
68:02:b8:1e:7f:1f|1211|0|31|0|4664|0
ff:ff:ff:ff:ff:ff|0|3513|0|7|0|532
6a:02:98:1e:7f:1f|1211|0|0|0|0|0
d8:b6:b7:7a:3a:61|1251|0|9|48|296|1384
e6:35:23:4e:ab:99|0|0|8|2|200|52
b4:e6:2d:f6:b6:a5|0|1|0|6|0|669
33:33:00:00:00:16|0|0|0|1|0|124
01:00:5e:00:00:16|0|0|0|1|0|90
01:00:5e:00:00:fb|0|0|0|4|0|1024
33:33:00:00:00:fb|0|0|0|4|0|1104
f0:72:ea:da:42:c6|0|14|0|0|0|0
bc:54:51:02:a4:f0|0|0|20|2|704|52
0e:26:0a:2f:38:6b|0|0|4|2|96|52
26:17:dc:59:74:f7|0|0|16|2|384|52
a4:3e:a0:a4:2a:46|0|95|0|0|0|0
01:00:5e:00:00:01|0|0|0|1|0|88
64:b3:10:aa:e3:3c|0|8|0|0|0|0
33:33:00:00:00:01|0|0|0|3|0|584
33:33:00:00:00:02|0|0|0|1|0|96
33:33:ff:1e:b6:60|0|0|0|1|0|112
e2:49:37:3c:01:06|0|7|0|0|0|0
16:5b:62:62:02:75|0|13|0|0|0|0
80:58:f8:93:88:29|0|0|0|3|0|329
86:c2:01:4d:92:2e|0|7|0|0|0|0
c8:66:5d:1f:4f:54|0|6|0|0|0|0
d8:8c:79:90:f4:9b|0|7|0|0|0|0
5a:f3:30:64:c1:92|0|2|0|0|0|0
