46
b4:e6:2d:f6:b6:a5
68:02:b8:1e:7f:1f|1338|0|155|0|45636|0
ff:ff:ff:ff:ff:ff|0|2365|0|141|0|42618
6a:02:98:1e:7f:1f|1337|0|0|0|0|0
72:fe:3b:06:5c:73|7|0|0|0|0|0
f8:77:b8:53:10:e8|6|103|0|0|0|0
44:fe:3b:06:5c:71|157|0|3|0|246|0
e2:f0:42:d0:e4:bd|0|4|0|0|0|0
70:ee:50:73:4e:36|0|0|26|0|676|0
b0:95:75:4b:b9:26|0|0|0|26|0|676
c8:66:5d:1f:4f:54|0|12|0|0|0|0
2a:ed:ed:07:0b:46|0|4|0|0|0|0
5c:f5:da:55:8b:f6|0|3|0|0|0|0
ae:e0:16:47:ee:48|0|8|0|0|0|0
9c:5d:12:d7:43:d4|0|6|0|0|0|0
10:1c:0c:1a:10:10|4|38|0|0|0|0
a4:3e:a0:a4:2a:46|0|109|0|0|0|0
00:1c:bf:52:98:29|0|25|0|0|0|0
1a:a8:1e:86:28:9b|0|5|0|0|0|0
f0:5c:77:1a:f1:64|0|10|0|0|0|0
96:0c:75:49:88:37|0|3|0|0|0|0
fa:40:9d:f8:d2:1d|0|1|0|0|0|0
12:72:32:f7:71:bb|0|6|0|0|0|0
06:57:d4:e1:21:dd|0|12|0|0|0|0
92:cd:75:2a:3e:ea|0|2|0|0|0|0
4a:14:cb:be:5e:71|1|7|0|0|0|0
b4:e6:2d:f6:b6:a5|0|1|0|3|0|356
82:00:e8:7f:7f:61|0|4|0|0|0|0
6a:7c:d9:13:52:99|0|2|0|0|0|0
ca:bf:60:3e:9c:ce|0|10|0|0|0|0
7a:1a:44:c8:08:a2|0|5|0|0|0|0
2c:db:07:46:b4:19|0|4|0|0|0|0
72:2f:f7:0f:48:30|0|4|0|0|0|0
94:e2:3c:3e:11:65|0|51|0|0|0|0
01:00:5e:00:00:fb|0|0|0|4|0|1024
33:33:00:00:00:fb|0|0|0|4|0|1104
33:33:00:00:00:16|0|0|0|2|0|248
01:00:5e:00:00:16|0|0|0|2|0|180
62:ac:f8:7c:1c:fb|0|6|0|0|0|0
c6:ef:00:cb:ae:25|0|5|0|0|0|0
9a:8d:ff:0a:40:a0|0|4|0|0|0|0
f0:72:ea:da:42:c6|0|6|0|0|0|0
0c:cb:85:ac:77:55|0|2|0|0|0|0
42:52:ba:83:72:10|0|5|0|0|0|0
a0:cb:fd:f1:d7:be|0|14|0|0|0|0
e6:6e:1f:64:18:cc|0|4|0|0|0|0
33:33:00:00:00:01|0|0|0|2|0|352
