31
b4:e6:2d:f6:b6:a5
68:02:b8:1e:7f:1f|1228|0|297|0|60192|0
ff:ff:ff:ff:ff:ff|0|3504|0|276|0|56593
6a:02:98:1e:7f:1f|1225|0|0|0|0|0
d8:b6:b7:7a:3a:61|1271|0|25|35|3905|1121
01:00:5e:00:00:fb|0|0|0|10|0|2090
33:33:00:00:00:fb|0|0|0|10|0|2290
33:33:00:00:00:16|0|0|0|4|0|504
b4:e6:2d:f6:b6:a5|0|2|0|4|0|482
01:00:5e:00:00:16|0|0|0|4|0|364
bc:54:51:02:a4:f0|0|0|20|4|757|472
a4:3e:a0:a4:2a:46|0|94|0|0|0|0
e6:35:23:4e:ab:99|0|0|14|2|340|52
f0:5c:77:1a:f1:64|0|2|0|0|0|0
cc:88:26:36:b9:a7|14|3|0|0|0|0
26:17:dc:59:74:f7|0|0|0|2|0|52
c8:66:5d:1f:4f:54|0|19|0|0|0|0
64:b3:10:aa:e3:3c|0|15|0|0|0|0
f0:72:ea:da:42:c6|0|11|0|0|0|0
00:1c:bf:52:98:29|0|15|0|0|0|0
88:9f:6f:ab:69:ae|0|9|0|0|0|0
01:00:5e:7f:ff:fa|0|0|0|4|0|1016
26:6f:1d:c2:e2:46|0|6|0|0|0|0
84:16:f9:07:68:71|0|14|0|0|0|0
01:80:c2:00:00:0e|0|0|0|1|0|94
5c:f5:da:b6:d8:02|0|7|0|0|0|0
0c:54:15:5d:f1:f6|0|13|0|0|0|0
d2:20:51:0d:1d:a5|2|17|0|0|0|0
01:00:5e:00:00:01|0|0|0|1|0|88
d8:8c:79:90:f4:9b|0|4|0|0|0|0
cc:4b:73:b0:02:dc|0|5|0|0|0|0
0e:26:0a:2f:38:6b|0|0|1|0|24|0
