59
b4:e6:2d:f6:c8:79
6a:a7:b9:89:64:11|49|0|1|0|542|0
ff:ff:ff:ff:ff:ff|0|3640|0|14|0|2401
90:9a:4a:80:71:9a|1342|11|55|136|20088|24579
20:aa:4b:5b:e6:4b|406|0|15|0|2514|0
90:9a:4a:80:85:9e|1250|0|15|0|3374|0
68:ff:7b:c5:ca:c9|900|0|0|0|0|0
b4:e6:2d:f6:c8:79|0|2|0|4|0|454
c0:06:c3:8f:c7:99|5|10|9|6|780|642
b0:a7:b9:89:64:1f|44|0|5|0|1053|0
28:6d:cd:09:2a:ea|0|0|22|3|4654|315
f0:ef:86:21:66:5f|0|6|0|0|0|0
7e:67:9c:d9:1f:84|0|2|0|0|0|0
a8:6d:aa:73:88:1d|3|57|0|0|0|0
80:91:33:25:67:05|28|76|0|0|0|0
a4:50:46:4c:af:3b|3|5|94|36|17971|18076
7c:d9:5c:62:1d:99|1|0|0|0|0|0
1e:64:3e:f6:e0:5a|0|6|0|0|0|0
20:1f:3b:3a:bb:3d|25|133|0|0|0|0
f0:ef:86:06:76:35|0|17|0|0|0|0
46:d0:a3:ca:5a:f9|0|6|0|0|0|0
44:07:0b:70:9e:93|7|0|0|0|0|0
01:00:5e:00:00:fb|0|0|0|4|0|605
f0:f6:c1:d5:cb:42|0|5|0|0|0|0
a2:05:79:04:ee:22|0|5|0|0|0|0
38:8b:59:29:24:78|6|0|0|0|0|0
a4:77:33:63:f5:7e|0|2|0|0|0|0
c0:06:c3:8f:c0:7b|3|8|11|6|1174|601
44:07:0b:2f:49:8b|7|0|0|0|0|0
08:9e:08:bc:6c:2b|0|1|0|0|0|0
50:e0:85:84:55:94|3|13|0|0|0|0
5e:c6:50:ed:2f:d9|0|3|0|0|0|0
9a:bb:b6:58:a4:9a|1|9|0|0|0|0
54:60:09:e2:ee:aa|0|15|0|0|0|0
fe:22:0f:83:77:36|0|2|0|0|0|0
3c:8d:20:4f:d8:e9|5|0|0|0|0|0
94:9f:3e:84:df:5a|0|17|0|0|0|0
b8:27:eb:81:9a:d6|0|2|0|0|0|0
9a:d1:d0:c3:0d:8e|0|1|0|0|0|0
9e:ab:89:2d:82:91|0|2|0|4|0|312
e4:5f:01:5c:9d:89|0|1|0|0|0|0
01:00:5e:7f:ff:fa|0|0|0|12|0|3539
5e:db:34:01:b1:c2|0|3|0|0|0|0
f4:f5:d8:8d:f2:58|8|4|0|0|0|0
7e:fa:20:c1:be:63|5|1|0|0|0|0
e4:5f:01:78:c0:dc|0|2|0|0|0|0
14:f6:d8:d4:ba:48|0|1|0|0|0|0
62:6e:f9:63:95:9e|0|6|0|0|0|0
