65
b4:e6:2d:f6:c8:79
90:9a:4a:80:71:9a|1217|8|19|47|2061|5756
ff:ff:ff:ff:ff:ff|0|1848|0|20|0|2496
90:9a:4a:80:85:9e|303|0|0|0|0|0
68:ff:7b:c5:ca:c9|192|0|2|0|156|0
20:aa:4b:5b:e6:4b|220|0|33|0|3960|0
b4:e6:2d:f6:c8:79|0|2|0|3|0|376
f0:ef:86:06:76:35|0|1|0|0|0|0
01:00:5e:00:00:fb|0|0|0|2|0|257
33:33:00:00:00:fb|0|0|0|3|0|389
30:07:4d:83:4d:ce|0|3|0|0|0|0
28:6d:cd:09:2a:ea|0|0|18|4|3654|474
ca:f6:11:16:a6:b6|1|0|0|0|0|0
b4:75:0e:da:6c:72|3|0|0|0|0|0
01:00:5e:00:00:fa|0|0|0|1|0|114
44:07:0b:2f:49:8b|3|0|0|0|0|0
a4:50:46:4c:af:3b|0|0|14|4|772|454
5e:1e:09:e1:70:96|2|7|0|0|0|0
c0:06:c3:8f:c7:99|4|8|7|2|612|156
96:20:d5:4a:19:f1|0|1|0|0|0|0
a0:78:17:a1:19:64|0|0|0|2|0|156
33:33:00:01:00:03|0|0|0|2|0|236
01:00:5e:00:00:fc|0|0|0|2|0|174
c6:c7:72:c5:3d:bb|0|1|0|0|0|0
c0:06:c3:8f:c0:7b|4|8|8|6|718|601
01:00:5e:00:00:01|0|0|0|1|0|76
b2:a8:5d:c3:8e:04|0|2|0|0|0|0
1c:bf:ce:e3:fb:45|0|1|0|0|0|0
9e:06:32:6d:70:b9|0|1|0|0|0|0
f2:c2:37:48:f6:18|0|1|0|0|0|0
26:5f:98:8a:10:11|0|1|0|0|0|0
2e:69:d8:4d:a1:04|0|2|0|0|0|0
ac:67:84:5b:07:e3|1|0|0|0|0|0
44:07:0b:70:9e:93|2|0|0|0|0|0
da:14:91:a5:85:13|0|2|0|0|0|0
6e:c1:c5:5f:c9:93|0|1|0|0|0|0
e4:5f:01:5c:9d:89|0|1|0|0|0|0
f4:f5:d8:8d:f2:58|3|5|0|0|0|0
01:00:5e:00:00:02|0|0|0|1|0|94
33:33:00:00:00:16|0|0|0|1|0|124
18:e8:29:e4:16:89|1|0|0|0|0|0
a2:d2:e0:24:f9:30|0|3|0|0|0|0
c2:50:92:14:48:85|0|1|0|0|0|0
00:08:07:76:35:b7|0|2|0|0|0|0
3e:b4:a7:d6:80:00|0|1|0|0|0|0
a2:dd:ce:2f:25:18|0|3|0|0|0|0
ce:cb:49:20:c0:a5|0|1|0|0|0|0
c2:6f:15:91:b1:3d|0|10|0|0|0|0
d2:ba:39:63:a8:de|0|2|0|0|0|0
46:6e:4e:7d:77:5d|1|0|0|0|0|0
58:ef:68:2a:26:ec|1|0|0|0|0|0
8e:01:c9:9a:89:51|0|4|0|0|0|0
44:46:87:a9:e4:4b|0|1|0|0|0|0
96:50:87:a2:97:cd|0|2|0|0|0|0
a2:bb:63:26:52:b9|0|1|0|0|0|0
f2:08:19:21:83:6c|0|1|0|0|0|0
54:60:09:e2:ee:aa|0|6|0|0|0|0
c2:a5:e0:4f:77:e4|0|1|0|0|0|0
0e:1a:0d:62:ff:3c|0|1|0|0|0|0
a0:2c:36:28:1e:19|0|3|0|0|0|0
b8:27:eb:81:9a:d6|0|2|0|0|0|0
ae:bd:2b:db:a2:1a|1|6|0|0|0|0
3a:e8:be:5d:8d:99|0|1|0|0|0|0
32:6b:3c:0c:7b:76|0|1|0|0|0|0
76:dc:e6:ea:28:ff|0|1|0|0|0|0
26:62:14:df:d9:0c|0|1|0|0|0|0
