51
b4:e6:2d:f6:b6:a5
68:02:b8:1e:7f:1f|1321|0|370|0|88661|0
ff:ff:ff:ff:ff:ff|0|2665|0|293|0|55044
6a:02:98:1e:7f:1f|1310|0|0|0|0|0
9c:32:ce:15:f6:3e|0|0|33|0|858|0
68:02:b8:2e:8d:67|0|0|0|33|0|858
02:aa:3f:a7:c9:b2|191|0|14|0|5712|0
54:2a:a2:48:a3:f0|0|66|0|0|0|0
02:aa:3f:a7:c9:b1|168|0|0|0|0|0
b4:e6:2d:f6:b6:a5|0|2|0|3|0|390
a4:3e:a0:a4:2a:46|0|149|0|0|0|0
01:00:5e:7f:ff:fa|0|0|0|67|0|32110
f2:6e:7f:da:24:20|0|1|0|0|0|0
33:33:00:00:00:01|0|0|0|2|0|464
e0:9d:31:02:83:40|0|12|0|0|0|0
26:94:9b:c4:cd:39|4|24|0|0|0|0
00:10:20:ce:20:91|0|3|0|0|0|0
5c:f8:21:84:a4:31|0|10|0|0|0|0
33:33:00:00:00:0c|0|0|0|6|0|3486
01:00:5e:00:00:fb|0|0|0|6|0|1438
be:04:c2:85:3c:c6|1|6|0|0|0|0
0e:a7:46:3d:36:ad|0|1|0|0|0|0
4e:7c:22:7c:53:b1|2|3|0|0|0|0
04:4e:af:fb:fd:77|0|0|1|0|24|0
ac:22:05:89:53:64|0|0|0|1|0|24
86:4f:b0:25:b4:8e|0|1|0|0|0|0
d0:c6:37:81:ea:b1|0|12|0|0|0|0
06:9c:2f:b8:fd:94|1|0|0|0|0|0
33:33:00:00:00:fb|0|0|0|5|0|1257
01:00:5e:00:00:16|0|0|0|1|0|90
06:bc:1f:90:23:99|2|1|0|0|0|0
76:a7:f0:12:9c:cc|0|1|0|0|0|0
1a:e8:48:86:49:56|0|1|0|0|0|0
ce:71:ff:ea:9f:a8|0|1|0|0|0|0
da:a1:19:14:b6:58|0|2|0|0|0|0
32:17:0d:70:06:5c|1|1|0|0|0|0
01:80:c2:00:00:0e|0|0|0|1|0|94
c8:66:5d:1f:4f:54|0|6|0|0|0|0
da:0a:3d:e8:d9:87|0|6|0|0|0|0
a6:ab:61:94:22:fa|1|0|0|0|0|0
10:1c:0c:1a:10:10|2|0|0|0|0|0
ea:09:10:58:35:0c|0|1|0|0|0|0
5a:1c:f0:8d:5d:3b|0|1|0|0|0|0
64:b3:10:aa:e3:3c|0|6|0|0|0|0
4a:ba:a4:dc:6a:f2|0|1|0|0|0|0
2a:8e:1f:8f:05:a9|0|3|0|0|0|0
a2:0d:da:b8:f8:6e|0|4|0|0|0|0
4e:5a:21:42:c2:8c|0|5|0|0|0|0
0a:ea:f7:1c:47:88|0|3|0|0|0|0
