40
b4:e6:2d:f6:b6:a5
70:2e:22:8d:72:74|842|0|51|0|19785|0
ff:ff:ff:ff:ff:ff|0|3800|0|253|0|54496
68:02:b8:1e:7f:1f|970|4|294|92|67510|3721
6a:02:98:1e:7f:1f|874|0|0|0|0|0
5c:f8:21:84:a4:31|0|92|0|0|0|0
b0:c2:87:78:a6:a2|387|0|72|0|21000|0
b2:c2:87:78:a6:a3|366|0|0|0|0|0
b4:e6:2d:f6:b6:a5|0|1|0|4|0|492
0c:54:a5:02:31:6d|332|0|19|0|5790|0
0e:54:a5:02:31:6e|261|0|0|0|0|0
01:00:5e:00:00:fb|0|0|0|22|0|4422
33:33:00:00:00:fb|0|0|0|29|0|7216
dc:f7:56:40:0f:c6|0|1|0|0|0|0
92:5c:14:cf:f6:c9|38|0|0|0|0|0
00:0c:43:18:8e:7b|0|36|0|0|0|0
01:00:5e:7f:ff:fa|0|0|0|68|0|30088
68:02:b8:76:3c:e4|7|0|0|0|0|0
01:00:5e:00:00:01|0|0|0|1|0|80
01:00:5e:00:00:fc|0|0|0|6|0|616
2a:a0:22:42:f3:e3|0|3|0|0|0|0
a4:3e:a0:a4:2a:46|4|49|0|0|0|0
84:16:f9:07:68:71|2|15|0|0|0|0
f0:72:ea:da:42:c6|0|7|0|0|0|0
