32
b4:e6:2d:f6:b6:a5
68:02:b8:1e:7f:1f|1316|0|155|2|44273|156
ff:ff:ff:ff:ff:ff|0|2366|0|145|0|42904
6a:02:98:1e:7f:1f|1312|0|0|0|0|0
b4:e6:2d:f6:b6:a5|0|1|0|5|0|577
70:ee:50:73:4e:36|0|0|52|0|1350|0
b0:95:75:4b:b9:26|0|0|0|52|0|1350
00:0c:e7:5b:18:42|0|18|0|0|0|0
a4:3e:a0:a4:2a:46|0|96|0|0|0|0
3e:bd:c3:6f:82:c5|2|0|0|0|0|0
92:22:d2:18:66:7c|0|6|0|0|0|0
00:0c:e7:2c:f8:5b|0|17|0|0|0|0
52:76:40:93:01:0c|3|8|0|0|0|0
10:1c:0c:1a:10:10|2|0|0|0|0|0
00:0c:e7:32:b6:82|0|30|0|0|0|0
16:3f:18:f6:b4:49|1|0|0|0|0|0
aa:94:96:af:69:7f|2|6|0|0|0|0
4e:9b:05:55:9f:ce|0|0|2|0|156|0
64:b3:10:aa:e3:3c|0|18|0|0|0|0
f0:72:ea:da:42:c6|0|6|0|0|0|0
00:0c:e7:5d:35:80|2|0|0|0|0|0
d8:8c:79:90:f4:9b|0|6|0|0|0|0
46:a0:3d:f3:8f:7d|2|6|0|0|0|0
00:0c:e7:2b:3e:b6|0|24|0|0|0|0
82:48:56:30:ea:83|0|6|0|0|0|0
e2:e0:2e:e9:76:35|3|12|0|0|0|0
da:17:56:60:fb:b2|3|0|0|0|0|0
00:0c:e7:c9:1b:d4|0|24|0|0|0|0
33:33:00:00:00:01|0|0|0|3|0|584
33:33:00:00:00:02|0|0|0|1|0|96
33:33:ff:1e:b6:60|0|0|0|1|0|112
f2:31:f4:ef:6a:8b|1|0|0|0|0|0
1e:fe:0d:69:80:dc|1|0|0|0|0|0
