50
b4:e6:2d:f6:c8:79
90:9a:4a:80:85:9e|957|24|66|96|20205|4214
ff:ff:ff:ff:ff:ff|0|2831|0|41|0|6954
90:9a:4a:80:71:9a|1261|4|40|84|4929|10191
b4:e6:2d:f6:c8:79|0|1|0|5|0|549
68:ff:7b:c5:ca:c9|264|0|0|0|0|0
20:aa:4b:5b:e6:4b|518|0|52|1|10469|26
9e:ab:89:2d:82:91|1|4|90|5|2160|390
36:6f:12:39:8a:41|1|0|0|0|0|0
28:6d:cd:09:2a:ea|0|0|26|12|5826|1746
f0:ef:86:05:a3:fa|0|8|0|0|0|0
20:1f:3b:3a:bb:3d|4|0|0|0|0|0
c0:06:c3:8f:c7:99|0|0|9|2|726|156
2a:86:c5:ea:5a:3b|1|3|0|0|0|0
04:6c:59:1b:72:04|23|47|7|8|2486|3819
c0:06:c3:8f:c0:7b|4|8|10|8|1018|866
a4:50:46:4c:af:3b|0|0|39|13|2621|1612
4a:cc:5a:ca:d2:b7|0|4|0|0|0|0
01:00:5e:7f:ff:fa|0|0|0|44|0|15358
e6:1d:78:73:e4:e3|0|2|1|13|26|3695
50:e0:85:84:55:94|1|17|0|0|0|0
01:00:5e:00:00:fb|0|0|0|3|0|428
08:9e:08:49:f2:bd|0|3|0|0|0|0
d2:56:39:26:2f:58|0|2|0|0|0|0
ec:5c:68:84:b1:4b|1|27|0|0|0|0
54:60:09:e2:ee:aa|0|3|0|0|0|0
44:07:0b:2f:49:8b|5|0|0|0|0|0
b4:75:0e:da:6c:72|3|0|0|0|0|0
1c:bf:ce:e3:fb:45|0|5|0|0|0|0
f4:f5:d8:8d:f2:58|2|4|0|0|0|0
3c:8d:20:4f:d8:e9|1|0|0|0|0|0
74:df:bf:45:ac:65|0|1|0|0|0|0
84:4b:f5:19:a0:99|0|3|0|0|0|0
e4:5f:01:5c:9d:89|0|2|0|0|0|0
08:9e:08:bc:6c:2b|0|1|0|0|0|0
01:00:5e:00:00:fa|0|0|0|1|0|114
26:3f:6a:ff:76:37|0|2|0|0|0|0
01:00:5e:00:00:01|0|0|0|1|0|84
da:a1:19:5d:5d:5d|1|7|0|0|0|0
01:00:5e:00:00:16|0|0|0|3|0|264
34:c0:59:00:a0:8f|0|1|0|0|0|0
f2:b2:80:0a:ea:79|3|30|0|0|0|0
da:a1:19:5e:48:39|0|1|0|0|0|0
b2:1e:11:30:c6:5e|2|0|0|0|0|0
22:48:f8:26:26:64|1|3|0|0|0|0
a4:02:b9:9a:55:06|0|1|0|0|0|0
24:77:03:d4:12:38|3|7|0|0|0|0
44:07:0b:70:9e:93|2|0|0|0|0|0
ca:f6:11:16:a6:b6|1|0|0|0|0|0
94:ee:9f:9f:fe:89|0|1|0|0|0|0
ca:96:dc:5e:a2:10|0|3|0|0|0|0
