40
b4:e6:2d:f6:b6:a5
68:02:b8:1e:7f:1f|1295|0|21|0|2063|0
ff:ff:ff:ff:ff:ff|0|3851|0|8|0|626
d8:b6:b7:7a:3a:61|1322|2|9|24|664|639
a4:3e:a0:a4:2a:46|0|132|0|0|0|0
6a:02:98:1e:7f:1f|1289|0|0|0|0|0
70:2e:22:8d:72:74|423|0|26|0|9036|0
5c:f5:da:b6:d8:02|0|1|0|0|0|0
d8:8c:79:90:f4:9b|0|6|0|0|0|0
5c:f8:21:84:a4:31|0|59|0|0|0|0
b4:e6:2d:f6:b6:a5|0|2|0|6|0|669
0e:26:0a:2f:38:6b|2|1|11|2|264|52
0c:cb:85:48:0b:2c|0|7|0|0|0|0
bc:54:51:02:a4:f0|0|0|5|4|175|472
01:00:5e:00:00:01|0|0|0|2|0|168
01:00:5e:00:00:fb|0|0|0|6|0|1723
33:33:00:00:00:fb|0|0|0|3|0|1136
e6:35:23:4e:ab:99|0|0|8|2|200|52
01:00:5e:7f:ff:fa|0|0|0|12|0|5643
33:33:ff:e4:b7:31|0|0|0|1|0|120
33:33:ff:35:9c:d0|0|0|0|1|0|120
12:d1:fb:da:7f:6d|2|26|0|0|0|0
33:33:ff:ef:24:de|0|0|0|1|0|120
d8:61:62:40:7e:9b|0|1|0|0|0|0
32:b7:14:02:e7:2c|3|34|0|0|0|0
4c:fc:aa:04:03:83|0|24|0|0|0|0
f0:72:ea:da:42:c6|0|12|0|0|0|0
da:a1:19:a6:d7:cb|0|1|0|0|0|0
64:b3:10:aa:e3:3c|0|20|0|0|0|0
38:8b:59:2f:be:b9|0|2|0|0|0|0
2e:53:e5:9a:2d:22|0|2|0|0|0|0
82:c8:d5:ec:c6:f8|2|29|0|0|0|0
ea:1d:67:f7:91:c2|2|25|0|0|0|0
1a:87:40:9f:1c:ad|2|26|0|0|0|0
48:51:b7:61:69:35|0|3|0|0|0|0
2c:0e:3d:ac:4c:05|0|0|0|4|0|368
6c:ff:ce:e2:ae:86|0|3|0|0|0|0
80:58:f8:93:88:29|0|0|0|4|0|494
de:48:e3:6f:f5:b0|2|60|0|0|0|0
c8:66:5d:1f:4f:54|0|6|0|0|0|0
c2:05:e6:ce:14:ab|0|9|0|0|0|0
