46
b4:e6:2d:f6:c8:79
90:9a:4a:80:71:9a|1279|21|2724|833|2664462|121793
ff:ff:ff:ff:ff:ff|0|2446|0|20|0|3389
90:9a:4a:80:85:9e|1072|15|251|170|188051|6499
04:6c:59:1b:72:04|7|16|29|106|3392|147599
a4:50:46:4c:af:3b|15|45|815|2701|120095|2661267
68:ff:7b:c5:ca:c9|83|0|0|0|0|0
20:aa:4b:5b:e6:4b|241|0|14|0|2589|0
b4:e6:2d:f6:c8:79|0|1|0|3|0|376
9e:ab:89:2d:82:91|12|70|142|86|3539|21710
fa:b2:14:b5:1d:e6|1|0|0|0|0|0
fa:bb:2b:1d:44:29|0|1|0|0|0|0
01:00:5e:7f:ff:fa|0|0|0|42|0|16585
c0:06:c3:8f:c7:99|0|0|5|5|240|714
8e:90:bc:7d:e3:5c|0|2|0|0|0|0
44:07:0b:70:9e:93|2|0|0|0|0|0
f2:00:76:05:66:f0|0|3|0|0|0|0
da:a1:19:98:d2:49|0|1|0|0|0|0
0e:38:2e:b1:42:96|1|3|0|0|0|0
7e:9a:01:7b:a5:ee|1|6|0|0|0|0
01:00:5e:00:00:fb|0|0|0|8|0|1437
c0:06:c3:8f:c0:7b|5|9|10|15|1380|2105
60:f1:89:81:c8:19|1|3|0|0|0|0
