27
b4:e6:2d:f6:b6:a5
68:02:b8:1e:7f:1f|1223|0|286|0|58427|0
ff:ff:ff:ff:ff:ff|0|2595|0|262|0|54207
6a:02:98:1e:7f:1f|1223|0|0|0|0|0
b4:e6:2d:f6:b6:a5|0|1|0|4|0|482
d8:b6:b7:7a:3a:61|270|0|5|47|594|1415
64:b3:10:aa:e3:3c|0|24|0|0|0|0
cc:4b:73:b0:02:dc|0|2|0|0|0|0
a4:3e:a0:a4:2a:46|0|86|0|0|0|0
70:ee:50:73:4e:36|0|0|62|0|1612|0
b0:95:75:4b:b9:26|0|0|0|62|0|1612
bc:54:51:02:a4:f0|0|0|21|0|783|0
e6:35:23:4e:ab:99|0|0|8|0|200|0
7a:5c:94:a1:ef:4a|0|2|0|0|0|0
00:1c:bf:52:98:29|0|3|0|0|0|0
33:33:00:00:00:01|0|0|0|3|0|584
26:17:dc:59:74:f7|0|0|18|0|432|0
01:00:5e:00:00:fb|0|0|0|7|0|1473
33:33:00:00:00:fb|0|0|0|7|0|1613
33:33:00:00:00:16|0|0|0|2|0|248
01:00:5e:00:00:16|0|0|0|2|0|180
0e:26:0a:2f:38:6b|0|0|0|2|0|52
e6:83:d2:a0:9c:fc|1|2|0|0|0|0
9e:1a:2e:88:28:7f|3|0|0|0|0|0
36:9e:ba:9e:e3:99|1|0|0|0|0|0
01:00:5e:00:00:01|0|0|0|1|0|88
01:80:c2:00:00:0e|0|0|0|1|0|94
c8:66:5d:1f:4f:54|0|6|0|0|0|0
