32
b4:e6:2d:f6:b6:a5
68:02:b8:1e:7f:1f|1282|0|240|18|54759|570
ff:ff:ff:ff:ff:ff|0|3328|0|157|0|44032
6a:02:98:1e:7f:1f|1281|0|0|0|0|0
d8:b6:b7:7a:3a:61|1093|0|10|45|1374|1200
01:00:5e:00:00:01|0|0|0|1|0|88
e6:35:23:4e:ab:99|0|0|8|2|200|52
f8:77:b8:53:10:e8|12|112|0|0|0|0
26:17:dc:59:74:f7|0|0|9|2|216|52
c8:66:5d:1f:4f:54|0|25|0|0|0|0
80:58:f8:93:88:29|8|58|16|21|520|2987
0e:26:0a:2f:38:6b|0|0|13|0|312|0
01:00:5e:7f:ff:fa|0|0|0|9|0|2040
ce:a3:97:50:a7:61|0|1|0|0|0|0
b4:e6:2d:f6:b6:a5|0|1|0|5|0|574
dc:dc:e2:b9:25:18|0|14|0|0|0|0
0c:54:15:5d:f1:f6|0|7|0|0|0|0
a4:3e:a0:a4:2a:46|0|97|0|0|0|0
bc:54:51:02:a4:f0|0|0|15|2|472|420
2c:0e:3d:ac:4c:05|0|0|2|26|50|2392
33:33:00:00:00:16|0|0|0|5|0|620
01:00:5e:00:00:16|0|0|0|5|0|470
01:00:5e:00:00:fb|0|0|0|4|0|648
33:33:00:00:00:fb|0|0|0|4|0|728
33:33:00:01:00:03|0|0|0|1|0|129
01:00:5e:00:00:fc|0|0|0|1|0|109
f0:72:ea:da:42:c6|0|7|0|0|0|0
33:33:00:00:00:01|0|0|0|3|0|584
33:33:00:00:00:02|0|0|0|1|0|96
33:33:ff:1e:b6:60|0|0|0|1|0|112
12:20:e1:61:6e:bd|0|7|0|0|0|0
3a:5d:28:ed:8d:02|2|14|0|0|0|0
00:0c:e7:76:5d:ae|0|7|0|0|0|0
