54
b4:e6:2d:f6:b6:a5
68:02:b8:1e:7f:1f|1256|5|403|25|73767|1032
ff:ff:ff:ff:ff:ff|0|3508|0|182|0|48343
6a:02:98:1e:7f:1f|1252|0|0|0|0|0
d8:b6:b7:7a:3a:61|1466|0|19|69|2152|1888
01:00:5e:00:00:fb|0|0|0|71|0|7723
33:33:00:00:00:fb|0|0|0|71|0|9143
a4:3e:a0:a4:2a:46|0|157|0|0|0|0
b4:e6:2d:f6:b6:a5|0|1|0|6|0|669
fa:67:bb:a6:af:59|0|7|0|0|0|0
70:ee:50:73:4e:36|0|0|44|0|1142|0
b0:95:75:4b:b9:26|0|0|0|44|0|1142
33:33:00:00:00:01|0|0|0|4|0|816
33:33:00:01:00:03|0|0|0|32|0|3776
01:00:5e:00:00:fc|0|0|0|32|0|3136
7e:6e:5c:ad:0b:17|0|1|0|0|0|0
e6:35:23:4e:ab:99|0|0|9|3|222|78
be:73:75:cb:af:42|0|14|0|0|0|0
0e:26:0a:2f:38:6b|0|0|8|0|192|0
bc:54:51:02:a4:f0|0|0|21|2|730|52
26:17:dc:59:74:f7|0|0|31|2|744|52
c8:66:5d:1f:4f:54|0|12|0|0|0|0
86:65:e6:ba:3b:a3|1|7|0|0|0|0
33:33:00:00:00:16|0|0|0|5|0|688
01:00:5e:00:00:16|0|0|0|2|0|184
f0:5c:77:1a:f1:64|0|7|0|0|0|0
9a:f7:e7:f5:bd:90|0|7|0|0|0|0
6a:01:19:d2:b3:36|0|7|0|0|0|0
2a:69:16:26:bc:6f|0|11|0|0|0|0
2a:8e:47:62:b4:d1|0|8|0|0|0|0
a6:4b:d5:05:48:37|0|1|0|0|0|0
3a:7a:a6:1c:b1:de|0|7|0|0|0|0
f0:72:ea:da:42:c6|0|19|0|0|0|0
fe:52:13:dc:88:99|0|13|0|0|0|0
22:71:98:87:b9:57|0|8|0|0|0|0
2e:70:47:a3:6a:10|0|20|0|0|0|0
ca:a1:cd:f4:97:4e|0|7|0|0|0|0
b8:57:d8:d2:08:6f|0|7|0|0|0|0
01:00:5e:00:00:01|0|0|0|1|0|88
64:b3:10:aa:e3:3c|0|13|0|0|0|0
7e:b9:3f:c8:7f:ef|0|7|0|0|0|0
4e:9b:05:55:9f:ce|9|50|25|9|1032|1171
6e:8f:5a:4c:e2:f1|0|6|0|0|0|0
06:2b:22:a2:a3:bd|1|7|0|0|0|0
8a:44:c3:f0:5d:67|0|6|0|0|0|0
da:94:98:df:74:01|0|5|0|0|0|0
e4:2b:34:6d:dd:0e|1|0|0|0|0|0
