22
b4:e6:2d:f6:b6:a5
68:02:b8:1e:7f:1f|1284|0|147|0|43309|0
ff:ff:ff:ff:ff:ff|0|2411|0|146|0|43072
6a:02:98:1e:7f:1f|1283|0|0|0|0|0
44:fe:3b:06:5c:71|133|0|4|0|340|0
70:ee:50:73:4e:36|0|0|39|0|1006|0
b0:95:75:4b:b9:26|0|0|0|39|0|1006
da:a0:18:e0:2e:2b|0|5|0|0|0|0
b4:e6:2d:f6:b6:a5|0|2|0|5|0|577
72:fe:3b:06:5c:73|18|0|0|0|0|0
a4:3e:a0:a4:2a:46|0|131|0|0|0|0
9c:5d:12:d7:43:d4|0|18|0|0|0|0
10:1c:0c:1a:10:10|3|13|0|0|0|0
f0:5c:77:1a:f1:64|0|7|0|0|0|0
0c:cb:85:ac:77:55|0|15|0|0|0|0
f8:77:b8:53:10:e8|1|66|0|0|0|0
00:1c:bf:52:98:29|0|15|0|0|0|0
d6:b4:e8:e9:62:ff|0|6|0|0|0|0
2c:db:07:46:b4:19|0|5|0|0|0|0
c6:f0:63:69:ef:70|0|12|0|0|0|0
8e:ce:84:5f:9c:42|2|0|0|0|0|0
64:b3:10:aa:e3:3c|0|15|0|0|0|0
ea:c0:3a:43:d7:a2|0|3|0|0|0|0
