47
b4:e6:2d:f6:c8:79
90:9a:4a:80:71:9a|1218|10|34|61|3767|8662
ff:ff:ff:ff:ff:ff|0|3461|0|62|0|11155
90:9a:4a:80:85:9e|1192|0|0|0|0|0
68:ff:7b:c5:ca:c9|368|0|0|0|0|0
20:aa:4b:5b:e6:4b|771|0|65|50|11493|1440
28:6d:cd:09:2a:ea|0|0|25|4|5404|474
b4:e6:2d:f6:c8:79|0|3|0|5|0|549
cc:50:e3:f0:6b:20|0|0|50|0|1440|0
06:7a:6e:9e:bd:0b|1|0|0|0|0|0
a4:50:46:4c:af:3b|0|0|16|6|1085|588
08:9e:08:bc:6c:2b|0|4|0|0|0|0
c0:06:c3:8f:c7:99|6|10|7|5|612|495
c0:06:c3:8f:c0:7b|4|8|13|14|1561|1661
4a:d4:d8:9f:aa:56|0|2|0|0|0|0
01:00:5e:00:00:fb|0|0|0|1|0|121
33:33:00:00:00:fb|0|0|0|1|0|141
48:d6:d5:7c:5a:40|1|0|0|0|0|0
b8:27:eb:81:9a:d6|2|1|0|0|0|0
94:9f:3e:84:df:5a|22|7|0|0|0|0
3e:9e:c1:ec:69:65|1|10|0|0|0|0
f0:ef:86:05:a3:fa|0|4|0|0|0|0
50:e0:85:84:55:94|3|17|0|0|0|0
00:10:20:ce:7e:8f|0|6|0|0|0|0
f4:f5:d8:8d:f2:58|2|14|0|0|0|0
50:eb:71:d0:6d:35|0|2|0|0|0|0
9a:7e:5e:a4:68:26|0|1|0|0|0|0
f0:ef:86:06:76:35|0|3|0|0|0|0
74:df:bf:45:ac:65|0|5|0|0|0|0
00:08:07:76:35:b7|0|5|0|0|0|0
3c:8d:20:4f:d8:e9|2|0|0|0|0|0
8e:53:2c:cd:00:ea|0|2|0|0|0|0
44:07:0b:70:9e:93|4|0|0|0|0|0
44:07:0b:6c:b6:e3|3|0|0|0|0|0
48:5a:b6:22:0c:7e|0|1|0|0|0|0
44:07:0b:60:bf:75|3|0|0|0|0|0
38:8b:59:29:24:78|1|0|0|0|0|0
9a:d5:f2:19:65:87|0|5|0|0|0|0
b4:75:0e:da:6c:73|2|0|0|0|0|0
b4:75:0e:da:6c:72|1|0|0|0|0|0
be:d7:99:a7:25:00|0|3|0|0|0|0
4e:83:e4:97:e9:4f|0|1|0|0|0|0
0a:1a:2b:a3:be:78|0|2|0|0|0|0
ca:f5:5a:4f:aa:2e|0|1|0|0|0|0
ce:fb:4b:bb:f8:75|0|4|0|0|0|0
fa:2a:94:c8:ce:a8|1|6|0|0|0|0
01:00:5e:00:00:01|0|0|0|1|0|76
54:60:09:e2:ee:aa|0|10|0|0|0|0
