41
b4:e6:2d:f6:c8:79
90:9a:4a:80:85:9e|1080|0|5|7|396|168
ff:ff:ff:ff:ff:ff|0|3043|0|61|0|11555
20:aa:4b:5b:e6:4b|828|0|65|0|11979|0
90:9a:4a:80:71:9a|1218|6|140|308|59634|58995
b4:e6:2d:f6:c8:79|0|1|0|7|0|799
f0:ef:86:06:76:35|0|10|0|0|0|0
68:ff:7b:c5:ca:c9|11|0|1|0|84|0
e4:5f:01:5c:9d:89|0|3|0|0|0|0
c0:06:c3:8f:c7:99|0|0|10|6|939|711
a4:50:46:4c:af:3b|6|12|259|122|49920|57024
c0:06:c3:8f:c0:7b|0|0|4|0|96|0
28:6d:cd:09:2a:ea|0|0|35|5|8040|1100
44:07:0b:2f:49:8b|14|0|0|0|0|0
10:fe:ed:dd:08:06|3|0|0|0|0|0
f0:ef:86:05:a3:fa|0|19|0|0|0|0
54:60:09:e2:ee:aa|0|5|0|0|0|0
00:08:07:76:35:b7|0|1|0|0|0|0
9e:ab:89:2d:82:91|0|0|7|4|168|312
a0:2c:36:28:1e:19|0|20|0|0|0|0
b8:27:eb:81:9a:d6|0|7|0|0|0|0
f4:f5:d8:8d:f2:58|0|6|0|0|0|0
12:84:8f:f6:8a:f7|0|3|0|0|0|0
3c:8d:20:4f:d8:e9|2|0|0|0|0|0
b8:27:eb:3b:22:38|0|6|0|0|0|0
f2:02:c7:9c:35:76|0|3|0|0|0|0
01:00:5e:00:00:fa|0|0|0|2|0|228
20:1f:3b:3a:bb:3d|4|0|0|0|0|0
33:33:00:00:00:01|0|0|0|1|0|120
a4:77:33:63:f5:7e|0|3|0|0|0|0
01:00:5e:00:00:01|0|0|0|3|0|244
44:07:0b:70:9e:93|3|0|0|0|0|0
08:9e:08:bc:6c:2b|0|2|0|0|0|0
e0:31:9e:08:67:f7|0|6|0|0|0|0
7c:2e:bd:f4:94:ee|12|0|0|0|0|0
6a:ed:4f:6f:84:83|0|1|0|0|0|0
2a:45:dc:4e:4d:f0|1|0|0|0|0|0
76:f5:c6:66:46:04|0|5|0|0|0|0
da:a1:19:b0:b0:b0|1|6|0|0|0|0
c0:87:eb:8e:48:ef|0|13|0|0|0|0
da:c8:c4:4c:a3:11|1|0|0|0|0|0
46:05:d6:ac:61:64|0|3|0|0|0|0
