40
b4:e6:2d:f6:c8:79
90:9a:4a:80:85:9e|886|0|0|0|0|0
ff:ff:ff:ff:ff:ff|0|3152|0|20|0|1975
90:9a:4a:80:71:9a|1314|22|125|147|15786|15455
20:aa:4b:5b:e6:4b|632|0|21|0|2089|0
68:ff:7b:c5:ca:c9|487|0|21|29|2583|696
01:00:5e:00:00:fb|0|0|0|4|0|932
ca:f6:11:16:a6:b6|29|96|6|0|144|0
a4:50:46:4c:af:3b|11|14|97|88|6905|11440
76:78:27:bc:20:c6|0|9|0|0|0|0
b4:e6:2d:f6:c8:79|0|1|0|5|0|663
a0:78:17:a1:19:64|0|0|29|17|696|1651
f4:f5:d8:8d:f2:58|4|3|0|0|0|0
c0:06:c3:8f:c0:7b|6|13|12|21|1307|2239
c2:93:63:ee:c6:ee|0|3|0|0|0|0
28:6d:cd:09:2a:ea|0|0|29|6|6392|761
44:07:0b:2f:49:8b|10|0|0|0|0|0
00:31:92:b2:52:69|1|0|0|0|0|0
b0:a7:b9:89:64:1f|3|0|0|0|0|0
be:c5:84:f6:fd:fa|1|0|0|0|0|0
e4:5f:01:5c:9d:89|0|2|0|0|0|0
54:60:09:e2:ee:aa|0|7|0|0|0|0
6a:a7:b9:89:64:11|2|0|0|0|0|0
01:00:5e:00:00:fa|0|0|0|1|0|114
c0:06:c3:8f:c7:99|5|10|9|5|851|683
64:d1:a3:3c:1d:a0|0|0|0|6|0|144
12:ae:75:1f:ef:f2|0|3|0|0|0|0
38:f9:d3:b3:0c:da|2|0|0|0|0|0
84:d8:1b:29:48:82|1|0|0|0|0|0
74:df:bf:45:ac:65|0|4|0|0|0|0
b8:27:eb:81:9a:d6|0|4|0|0|0|0
ee:40:9b:d5:7c:f3|0|6|0|0|0|0
54:3a:d6:77:88:6e|2|7|0|0|0|0
7c:d9:5c:44:9c:80|0|2|0|0|0|0
f0:ef:86:06:76:35|0|3|0|0|0|0
00:24:d6:f5:65:ef|0|1|0|0|0|0
1c:bf:c0:b1:0f:d9|0|1|0|0|0|0
fa:ed:ef:5f:a0:23|1|16|0|0|0|0
00:08:07:76:35:b7|0|8|0|0|0|0
08:9e:08:bc:6c:2b|0|1|0|0|0|0
42:04:cb:e2:92:48|3|12|0|0|0|0
