66
b4:e6:2d:f6:b6:a5
6a:02:98:1e:7f:1f|1213|0|0|0|0|0
ff:ff:ff:ff:ff:ff|0|3268|0|130|0|12076
d8:b6:b7:7a:3a:61|967|0|23|53|2998|1910
68:02:b8:1e:7f:1f|1214|0|199|24|21960|780
80:58:f8:93:88:29|0|0|24|38|780|4545
22:ac:8c:34:d9:99|2|0|0|0|0|0
b4:e6:2d:f6:b6:a5|0|1|0|9|0|1025
00:0c:e7:53:f4:eb|2|0|0|0|0|0
01:80:c2:00:00:0e|0|0|0|1|0|94
00:0c:e7:b8:a4:6b|0|5|0|0|0|0
9a:de:5d:48:35:80|0|7|0|0|0|0
04:4e:af:fb:74:d1|4|8|0|0|0|0
70:ee:50:73:4e:36|0|0|82|0|2120|0
b0:95:75:4b:b9:26|0|0|0|82|0|2120
00:0c:e7:a7:81:5f|2|0|0|0|0|0
a4:3e:a0:a4:2a:46|0|80|0|0|0|0
00:0c:e7:77:47:0f|2|0|0|0|0|0
04:4e:af:fb:fd:77|5|0|0|0|0|0
bc:54:51:02:a4:f0|0|0|33|2|1066|52
e6:35:23:4e:ab:99|0|0|20|2|844|52
00:0c:e7:76:c5:36|1|0|0|0|0|0
00:0c:e7:08:7d:a8|0|2|0|0|0|0
00:0c:e7:89:98:2a|2|0|0|0|0|0
fa:0c:e5:36:30:2e|2|0|0|0|0|0
00:0c:e7:1b:09:4e|1|0|0|0|0|0
00:0c:e7:55:35:ee|2|0|0|0|0|0
dc:dc:e2:3f:f8:5a|0|8|0|0|0|0
00:0c:e7:6d:39:b8|0|1|0|0|0|0
00:0c:e7:74:d5:8a|2|0|0|0|0|0
0e:26:0a:2f:38:6b|0|0|0|2|0|52
ee:d2:13:f8:4b:70|0|7|0|0|0|0
00:0c:e7:52:fd:34|2|0|0|0|0|0
f0:5c:77:1a:f1:64|0|7|0|0|0|0
f0:72:ea:da:42:c6|0|3|0|0|0|0
00:0c:e7:13:48:81|2|0|0|0|0|0
64:b3:10:aa:e3:3c|0|12|0|0|0|0
00:0c:e7:af:fb:53|0|7|0|0|0|0
2c:db:07:46:b4:19|0|5|0|0|0|0
00:0c:e7:44:e8:06|1|0|0|0|0|0
4a:d1:a9:bf:14:f2|1|0|0|0|0|0
26:6f:1d:c2:e2:46|0|11|0|0|0|0
33:33:00:00:00:01|0|0|0|3|0|584
33:33:00:00:00:02|0|0|0|1|0|96
33:33:ff:1e:b6:60|0|0|0|1|0|112
00:0c:e7:90:d3:5f|2|0|0|0|0|0
00:0c:e7:19:1b:91|2|0|0|0|0|0
00:0c:e7:7f:8d:52|2|0|0|0|0|0
1a:87:40:51:72:c1|2|0|0|0|0|0
