42
b4:e6:2d:f6:b6:a5
68:02:b8:1e:7f:1f|1210|0|293|0|59632|0
ff:ff:ff:ff:ff:ff|0|2855|0|278|0|56767
6a:02:98:1e:7f:1f|1208|0|0|0|0|0
d8:b6:b7:7a:3a:61|686|0|17|38|1790|1196
b4:e6:2d:f6:b6:a5|0|2|0|3|0|390
f0:72:ea:da:42:c6|0|10|0|0|0|0
5c:f5:da:b6:d8:02|0|7|0|0|0|0
01:00:5e:00:00:fb|0|0|0|4|0|1024
33:33:00:00:00:fb|0|0|0|4|0|1104
33:33:00:00:00:16|0|0|0|2|0|248
01:00:5e:00:00:16|0|0|0|2|0|180
a4:3e:a0:a4:2a:46|0|89|0|0|0|0
bc:54:51:02:a4:f0|0|0|30|10|996|1021
5e:e2:0b:a7:33:1f|0|5|0|0|0|0
e6:35:23:4e:ab:99|0|0|8|1|200|26
f0:5c:77:1a:f1:64|0|11|0|0|0|0
26:17:dc:59:74:f7|0|0|0|2|0|52
52:91:78:c5:ee:c1|1|0|0|0|0|0
00:1c:bf:52:98:29|0|6|0|0|0|0
30:35:ad:7a:2f:04|0|1|0|0|0|0
4c:dd:31:1a:15:c8|0|3|0|0|0|0
f2:00:5b:44:33:2a|0|3|0|0|0|0
84:16:f9:07:68:71|0|7|0|0|0|0
