62
b4:e6:2d:f6:b6:a5
d8:b6:b7:7a:3a:61|1395|0|65|56|8367|1578
ff:ff:ff:ff:ff:ff|0|3529|0|149|0|43780
68:02:b8:1e:7f:1f|1277|0|144|0|43445|0
6a:02:98:1e:7f:1f|1273|0|0|0|0|0
58:91:cf:92:d9:66|0|19|0|0|0|0
a4:3e:a0:a4:2a:46|0|157|0|0|0|0
b4:e6:2d:f6:b6:a5|0|2|0|3|0|390
01:00:5e:00:00:fb|0|0|0|11|0|1372
33:33:00:00:00:fb|0|0|0|11|0|1592
70:ee:50:73:4e:36|0|0|31|0|790|0
b0:95:75:4b:b9:26|0|0|0|31|0|790
7e:04:9d:35:9b:32|1|0|0|0|0|0
22:97:d1:e3:45:d2|2|6|0|0|0|0
c0:ee:fb:43:db:fb|0|6|0|0|0|0
0e:26:0a:2f:38:6b|0|0|14|1|336|26
f0:72:ea:da:42:c6|0|14|0|0|0|0
e6:f4:2c:fd:8b:a3|1|11|0|0|0|0
e6:35:23:4e:ab:99|0|0|8|2|200|52
52:90:71:b3:bd:fe|2|0|0|0|0|0
01:00:5e:00:00:01|0|0|0|1|0|88
bc:54:51:02:a4:f0|0|0|21|2|730|52
26:17:dc:59:74:f7|0|0|13|2|312|52
fa:37:ab:86:81:9b|2|6|0|0|0|0
f2:78:5b:74:1f:74|0|7|0|0|0|0
9a:38:bb:4f:c7:b6|1|0|0|0|0|0
76:8a:5f:d5:34:ad|0|14|0|0|0|0
3a:fd:13:da:67:f2|2|5|0|0|0|0
fa:a2:b5:0f:67:6b|0|4|0|0|0|0
72:00:96:d2:f0:07|0|1|0|0|0|0
4e:69:06:3c:f7:1f|0|6|0|0|0|0
7a:b9:6c:f0:f6:2c|2|6|0|0|0|0
d6:ce:b5:b5:5e:77|0|2|0|0|0|0
36:a7:ea:31:ef:7c|1|8|0|0|0|0
00:3d:e8:b9:39:bd|0|14|0|0|0|0
3e:b0:ba:5d:c6:50|0|3|0|0|0|0
b0:47:bf:2f:72:3e|2|4|0|0|0|0
a2:51:37:28:cc:62|0|6|0|0|0|0
ce:76:96:b6:85:eb|0|3|0|0|0|0
2a:1a:ed:9d:95:c7|1|0|0|0|0|0
4a:bd:e7:7b:48:92|0|7|0|0|0|0
33:33:00:00:00:01|0|0|0|3|0|584
b6:4f:26:fc:ef:cd|2|0|0|0|0|0
00:1c:bf:52:98:29|0|7|0|0|0|0
52:42:57:95:ce:66|0|12|0|0|0|0
01:00:5e:7f:ff:fa|0|0|0|8|0|2032
72:e0:81:f4:c7:a4|1|5|0|0|0|0
0e:1e:3a:99:57:b7|1|7|0|0|0|0
ae:ac:48:cb:8c:af|2|12|0|0|0|0
2e:5b:5b:81:ee:e6|0|7|0|0|0|0
a6:07:3f:57:ac:ef|2|8|0|0|0|0
da:b3:c9:02:d9:54|2|13|0|0|0|0
c8:66:5d:1f:4f:54|0|6|0|0|0|0
26:9d:2d:02:1d:a8|2|2|0|0|0|0
64:b3:10:aa:e3:3c|1|20|0|0|0|0
ae:4b:e4:66:b9:70|0|5|0|0|0|0
22:a6:40:3f:0b:a9|2|6|0|0|0|0
33:33:00:01:00:03|0|0|0|8|0|976
01:00:5e:00:00:fc|0|0|0|8|0|816
88:51:7a:aa:bb:6a|0|7|0|0|0|0
fa:29:00:93:f0:62|0|14|0|0|0|0
9e:4e:02:d4:4a:79|0|7|0|0|0|0
ea:5a:f7:53:39:c7|1|0|0|0|0|0
