16
b4:e6:2d:f6:b6:a5
68:02:b8:1e:7f:1f|1277|1|10|0|1620|0
ff:ff:ff:ff:ff:ff|0|2349|0|0|0|0
6a:02:98:1e:7f:1f|1271|0|0|0|0|0
70:ee:50:73:4e:36|0|0|91|0|2358|0
b0:95:75:4b:b9:26|0|0|0|91|0|2358
16:d2:70:42:b0:7d|1|6|0|0|0|0
c8:66:5d:1f:4f:54|0|12|0|0|0|0
a4:3e:a0:a4:2a:46|0|53|0|0|0|0
10:1c:0c:1a:10:10|5|54|0|2|0|322
b4:e6:2d:f6:b6:a5|0|1|0|4|0|482
33:33:00:00:00:01|0|0|0|4|0|816
58:b1:0f:56:36:08|0|12|0|0|0|0
1a:87:40:34:e1:82|0|24|0|0|0|0
3e:fc:c1:4d:c9:5a|0|6|0|0|0|0
00:0c:e7:01:14:65|0|24|0|0|0|0
64:b3:10:aa:e3:3c|0|12|0|0|0|0
