44
b4:e6:2d:f6:b6:a5
68:02:b8:1e:7f:1f|1295|0|336|0|67461|0
ff:ff:ff:ff:ff:ff|0|2347|0|295|0|56911
6a:02:98:1e:7f:1f|1299|0|0|0|0|0
72:fe:3b:06:5c:73|11|0|0|0|0|0
02:32:ce:db:6f:54|1|0|0|0|0|0
b4:e6:2d:f6:b6:a5|0|1|0|4|0|482
44:fe:3b:06:5c:71|99|0|2|0|170|0
2c:db:07:46:b4:19|0|5|0|0|0|0
dc:41:a9:b1:30:a0|0|9|0|19|0|6579
a4:3e:a0:a4:2a:46|0|112|0|0|0|0
01:00:5e:00:00:fb|0|0|0|4|0|860
33:33:00:00:00:fb|0|0|0|4|0|940
33:33:00:00:00:16|0|0|0|2|0|248
01:00:5e:00:00:16|0|0|0|2|0|180
4e:85:d2:af:47:54|0|1|0|0|0|0
33:33:00:00:00:01|0|0|0|3|0|584
33:33:00:00:00:02|0|0|0|1|0|96
33:33:ff:1e:b6:60|0|0|0|1|0|112
10:1c:0c:1a:10:10|3|7|0|0|0|0
9e:e3:ff:1a:f8:d1|0|2|0|0|0|0
da:a1:19:30:df:e9|0|9|0|0|0|0
58:91:cf:92:95:e6|0|6|0|0|0|0
70:ee:50:73:4e:36|0|0|11|0|286|0
