39
b4:e6:2d:f6:c8:79
90:9a:4a:80:71:9a|1214|6|171|276|44279|35647
ff:ff:ff:ff:ff:ff|0|2912|0|34|0|3977
20:aa:4b:5b:e6:4b|618|0|21|0|1971|0
68:ff:7b:c5:ca:c9|374|0|0|0|0|0
90:9a:4a:80:85:9e|831|1|4|20|318|480
b4:e6:2d:f6:c8:79|0|2|0|4|0|471
a4:50:46:4c:af:3b|6|10|227|136|27360|39599
c0:06:c3:8f:c7:99|0|0|11|9|1029|1107
28:6d:cd:09:2a:ea|0|0|34|6|7162|792
b8:27:eb:81:9a:d6|0|1|0|0|0|0
9e:ab:89:2d:82:91|1|16|20|3|480|234
e4:5f:01:5c:9d:89|0|3|0|0|0|0
02:31:17:a2:3f:73|0|6|0|0|0|0
f4:f5:d8:8d:f2:58|4|6|0|0|0|0
da:c7:14:94:b5:d2|0|8|0|0|0|0
20:1f:3b:3a:bb:3d|5|0|0|0|0|0
c0:06:c3:8f:c0:7b|0|0|4|0|96|0
c0:87:eb:8e:48:ef|0|6|0|0|0|0
54:60:09:e2:ee:aa|0|1|0|0|0|0
da:a1:19:1e:1e:1e|0|3|0|0|0|0
50:e0:85:84:55:94|2|10|0|0|0|0
1c:bf:ce:e3:fb:45|0|3|0|0|0|0
44:07:0b:2f:49:8b|5|0|0|0|0|0
