37
b4:e6:2d:f6:c8:79
90:9a:4a:80:85:9e|1140|0|5|16|414|384
ff:ff:ff:ff:ff:ff|0|2402|0|4|0|492
90:9a:4a:80:71:9a|1167|6|25|43|3100|2960
76:78:27:bc:20:c6|0|8|0|0|0|0
20:aa:4b:5b:e6:4b|269|0|4|10|492|260
68:ff:7b:c5:ca:c9|43|0|0|0|0|0
74:df:bf:45:ac:65|0|1|0|0|0|0
c0:06:c3:8f:c7:99|0|0|10|4|929|415
28:6d:cd:09:2a:ea|0|0|3|1|78|181
54:2a:a2:73:c6:e9|17|111|0|0|0|0
94:65:2d:d6:9c:46|0|5|0|0|0|0
c0:06:c3:8f:c0:7b|5|9|9|7|883|806
b4:e6:2d:f6:c8:79|0|2|0|12|0|1517
a4:50:46:4c:af:3b|1|2|21|1|1070|181
48:5a:b6:22:0c:7e|0|22|0|0|0|0
e6:1d:78:73:e4:e3|0|0|10|0|260|0
9e:ab:89:2d:82:91|0|2|16|5|384|414
f0:ef:86:06:76:35|0|4|0|0|0|0
54:3a:d6:77:88:6e|2|6|0|0|0|0
1c:bf:ce:e3:fb:45|0|6|0|0|0|0
b8:27:eb:81:9a:d6|0|2|0|0|0|0
f4:f2:6d:90:44:3c|2|0|0|0|0|0
ec:5c:68:84:b1:4b|3|24|0|0|0|0
44:07:0b:2f:49:8b|9|0|0|0|0|0
44:46:87:a9:e4:4b|0|2|0|0|0|0
50:e0:85:84:55:94|2|16|0|0|0|0
02:00:00:00:00:00|0|3|0|0|0|0
34:f6:4b:e3:9c:e8|0|9|0|0|0|0
46:3b:78:62:ec:7e|1|20|0|0|0|0
32:d3:b1:91:0e:9a|0|1|0|0|0|0
44:07:0b:89:e4:ab|9|0|0|0|0|0
e4:5f:01:5c:9d:89|0|1|0|0|0|0
14:c1:4e:07:26:d2|2|0|0|0|0|0
ee:46:31:97:05:b4|0|3|0|0|0|0
20:1f:3b:3a:bb:3d|1|0|0|0|0|0
a0:2c:36:28:1e:19|0|4|0|0|0|0
f4:f5:d8:8d:f2:58|5|7|0|0|0|0
