28
b4:e6:2d:f6:b6:a5
68:02:b8:1e:7f:1f|1218|0|26|0|3780|0
ff:ff:ff:ff:ff:ff|0|3488|0|7|0|532
d8:b6:b7:7a:3a:61|1223|0|9|45|664|1310
6a:02:98:1e:7f:1f|1216|0|0|0|0|0
b4:e6:2d:f6:b6:a5|0|2|0|3|0|390
a4:3e:a0:a4:2a:46|0|104|0|0|0|0
bc:54:51:02:a4:f0|0|0|19|4|678|472
80:58:f8:93:88:29|0|0|0|5|0|470
e6:35:23:4e:ab:99|0|0|8|2|200|52
0e:26:0a:2f:38:6b|0|0|3|0|72|0
e6:99:80:0a:e0:98|0|7|0|0|0|0
26:17:dc:59:74:f7|0|0|15|2|360|52
10:8e:e0:22:17:e8|0|14|0|0|0|0
70:ee:50:73:4e:36|0|0|13|0|334|0
b0:95:75:4b:b9:26|0|0|0|13|0|334
c8:66:5d:1f:4f:54|0|18|0|0|0|0
78:9f:70:2b:86:c6|1|0|0|0|0|0
1a:b4:91:2c:76:9d|0|6|0|0|0|0
fe:fc:10:0c:ab:76|1|7|0|0|0|0
56:e4:19:53:ec:f5|0|7|0|0|0|0
33:33:00:00:00:01|0|0|0|3|0|584
33:33:00:00:00:02|0|0|0|1|0|96
33:33:ff:1e:b6:60|0|0|0|1|0|112
01:00:5e:00:00:fb|0|0|0|3|0|768
33:33:00:00:00:fb|0|0|0|3|0|828
64:b3:10:aa:e3:3c|0|1|0|0|0|0
01:00:5e:00:00:01|0|0|0|1|0|88
5c:f5:da:55:8b:f6|0|5|0|0|0|0
