24
b4:e6:2d:f6:b6:a5
68:02:b8:1e:7f:1f|1349|0|302|12|53621|312
ff:ff:ff:ff:ff:ff|0|2282|0|206|0|19929
6a:02:98:1e:7f:1f|1251|0|0|0|0|0
80:1f:02:b4:07:ae|0|0|12|0|312|0
b4:e6:2d:f6:b6:a5|0|2|0|5|0|654
01:00:5e:7f:ff:fa|0|0|0|76|0|30970
a4:3e:a0:a4:2a:46|0|126|0|0|0|0
01:00:5e:00:00:16|0|0|0|2|0|180
01:00:5e:00:00:fb|0|0|0|8|0|1096
26:94:9b:c4:cd:39|8|0|0|0|0|0
8e:ce:84:5f:9c:42|12|125|0|0|0|0
c8:66:5d:1f:4f:54|0|18|0|0|0|0
33:33:00:00:00:01|0|0|0|3|0|584
33:33:00:00:00:02|0|0|0|1|0|96
33:33:ff:1e:b6:60|0|0|0|1|0|112
04:4e:af:fb:fd:77|13|6|0|0|0|0
68:02:b8:2e:8d:67|6|0|0|0|0|0
10:1c:0c:1a:10:10|2|35|0|0|0|0
86:4d:0d:63:46:a0|2|0|0|0|0|0
6a:02:98:2e:8d:67|4|0|0|0|0|0
92:24:7f:1f:cf:25|2|11|0|0|0|0
20:79:18:e7:01:8a|0|5|0|0|0|0
64:b3:10:aa:e3:3c|0|12|0|0|0|0
