34
b4:e6:2d:f6:c8:79
90:9a:4a:80:71:9a|1201|5|17|26|2999|2222
ff:ff:ff:ff:ff:ff|0|2520|0|9|0|1179
90:9a:4a:80:85:9e|1072|0|0|0|0|0
b4:e6:2d:f6:c8:79|0|6|0|8|0|2083
20:aa:4b:5b:e6:4b|388|0|11|0|1413|0
c0:06:c3:8f:c7:99|0|0|11|3|1029|315
01:00:5e:00:00:fa|0|0|0|1|0|114
f0:ef:86:05:a3:fa|0|3|0|0|0|0
54:2a:a2:73:c6:e9|2|67|0|0|0|0
a4:50:46:4c:af:3b|0|0|4|0|312|0
44:07:0b:70:9e:93|1|0|0|0|0|0
48:5a:b6:22:0c:7e|0|16|0|0|0|0
c0:06:c3:8f:c0:7b|4|7|8|6|803|601
33:33:00:00:00:01|0|0|0|1|0|120
d2:0d:f7:9b:8d:e5|0|1|0|0|0|0
54:60:09:e2:ee:aa|0|1|0|0|0|0
28:6d:cd:09:2a:ea|1|3|3|0|78|0
00:08:07:76:35:b7|0|5|0|0|0|0
d6:68:81:85:17:18|0|2|0|0|0|0
3c:8d:20:4f:d8:e9|7|0|0|0|0|0
64:5d:86:d7:5d:f2|1|0|0|0|0|0
54:3a:d6:77:88:6e|2|7|0|0|0|0
50:e0:85:84:55:94|3|15|0|0|0|0
