31
b4:e6:2d:f6:c8:79
90:9a:4a:80:71:9a|1193|0|26|85|3220|11277
ff:ff:ff:ff:ff:ff|0|2935|0|22|0|3414
28:6d:cd:09:2a:ea|0|0|34|4|7826|474
20:aa:4b:5b:e6:4b|723|0|22|0|3414|0
90:9a:4a:80:85:9e|1056|0|4|5|318|120
b4:e6:2d:f6:c8:79|0|2|0|5|0|549
f0:ef:86:05:a3:fa|0|8|0|0|0|0
9e:ab:89:2d:82:91|0|0|5|3|120|234
e4:5f:01:5c:9d:89|0|4|0|0|0|0
44:07:0b:6c:b6:e3|3|0|0|0|0|0
c0:06:c3:8f:c0:7b|0|0|4|0|96|0
c0:06:c3:8f:c7:99|0|0|9|5|861|633
0e:46:e8:05:ee:fe|0|3|0|0|0|0
02:ff:bc:c8:1e:a7|0|3|0|0|0|0
d6:9f:35:98:82:09|0|3|0|0|0|0
54:60:09:e2:ee:aa|0|7|0|0|0|0
a4:50:46:4c:af:3b|0|0|38|12|2494|1564
b8:27:eb:81:9a:d6|0|2|0|0|0|0
01:00:5e:00:00:01|0|0|0|1|0|84
92:08:cf:4e:5c:43|1|0|0|0|0|0
20:1f:3b:3a:bb:3d|6|0|0|0|0|0
44:07:0b:2f:49:8b|7|0|0|0|0|0
b8:27:eb:3b:22:38|0|4|0|0|0|0
ca:c4:bd:14:fd:74|0|1|0|0|0|0
a4:77:33:63:f5:7e|0|5|0|0|0|0
10:fe:ed:dd:08:06|1|0|0|0|0|0
a6:23:9c:e5:b4:cb|1|0|0|0|0|0
f0:ef:86:21:66:5f|0|3|0|0|0|0
f4:f5:d8:8d:f2:58|0|2|0|0|0|0
5e:6b:8f:c1:18:0a|0|3|0|0|0|0
da:a1:19:7b:7b:7b|2|8|0|0|0|0
