22
b4:e6:2d:f6:b6:a5
68:02:b8:1e:7f:1f|1234|0|7|0|1066|0
ff:ff:ff:ff:ff:ff|0|2365|0|4|0|322
6a:02:98:1e:7f:1f|1232|0|0|0|0|0
44:fe:3b:06:5c:71|59|0|4|0|322|0
2c:db:07:46:b4:19|0|2|0|0|0|0
b4:e6:2d:f6:b6:a5|0|2|0|4|0|482
72:fe:3b:06:5c:73|11|0|0|0|0|0
f0:5c:77:1a:f1:64|0|6|0|0|0|0
a4:3e:a0:a4:2a:46|0|102|0|0|0|0
20:79:18:e7:01:8a|0|16|0|0|0|0
0a:64:10:c8:bc:dd|0|2|0|0|0|0
70:ee:50:73:4e:36|0|0|26|0|676|0
b0:95:75:4b:b9:26|0|0|0|26|0|676
c8:66:5d:1f:4f:54|0|12|0|0|0|0
10:1c:0c:1a:10:10|2|1|0|0|0|0
4e:c3:65:d7:ea:a4|0|6|0|0|0|0
64:b3:10:aa:e3:3c|0|7|0|0|0|0
66:86:4f:a2:6f:9d|0|6|0|0|0|0
3a:86:10:eb:9b:4e|0|1|0|0|0|0
33:33:00:00:00:01|0|0|0|3|0|584
08:97:98:16:c1:6f|0|5|0|0|0|0
9e:cb:e8:c0:22:01|0|5|0|0|0|0
