38
b4:e6:2d:f6:c8:79
90:9a:4a:80:85:9e|1239|0|7|7|552|168
ff:ff:ff:ff:ff:ff|0|3538|0|95|0|18296
90:9a:4a:80:71:9a|1232|5|51|37|8951|6362
20:aa:4b:5b:e6:4b|970|0|67|0|12116|0
b4:e6:2d:f6:c8:79|0|4|0|5|0|643
68:ff:7b:c5:ca:c9|271|0|0|0|0|0
c0:06:c3:8f:c7:99|5|10|7|6|600|630
e4:5f:01:5c:9d:89|0|3|0|0|0|0
28:6d:cd:09:2a:ea|0|0|26|8|5666|1110
4e:8b:7c:5c:f1:70|0|1|0|0|0|0
01:00:5e:00:00:01|0|0|0|3|0|244
44:07:0b:2f:49:8b|15|0|0|0|0|0
3c:22:fb:60:87:53|2|0|0|0|0|0
38:00:25:e8:2f:88|0|56|0|0|0|0
c0:06:c3:8f:c0:7b|0|0|4|0|96|0
9e:ab:89:2d:82:91|0|0|7|6|168|468
00:08:07:76:35:b7|0|4|0|0|0|0
92:f3:cd:8b:45:ec|0|6|0|0|0|0
76:78:27:bc:20:c6|0|3|0|0|0|0
f4:f5:d8:84:58:92|0|1|0|0|0|0
66:d6:66:2c:b6:72|0|8|0|0|0|0
d6:68:81:85:17:18|0|29|0|0|0|0
7a:f4:a9:5a:17:f8|0|3|0|0|0|0
01:00:5e:00:00:fa|0|0|0|2|0|228
08:9e:08:bc:6c:2b|0|2|0|0|0|0
ac:67:84:5b:07:e3|3|0|0|0|0|0
6a:a7:b9:89:64:11|1|0|0|0|0|0
44:07:0b:6c:b6:e3|1|0|0|0|0|0
de:eb:14:2e:a8:11|0|5|0|0|0|0
de:b2:32:21:04:ec|0|13|0|0|0|0
f4:f5:d8:8d:f2:58|0|10|0|0|0|0
da:a1:19:bd:bd:bd|0|3|0|0|0|0
54:60:09:e2:ee:aa|0|2|0|0|0|0
5e:36:c8:44:d3:83|2|5|0|0|0|0
0e:d2:63:11:2d:70|0|1|0|0|0|0
3c:8d:20:4f:d8:e9|2|0|0|0|0|0
22:48:f8:26:26:64|0|14|0|0|0|0
92:da:76:f9:af:b6|3|20|0|0|0|0
