40
b4:e6:2d:f6:c8:79
20:aa:4b:5b:e6:4b|481|0|30|0|4409|0
ff:ff:ff:ff:ff:ff|0|2706|0|34|0|5080
68:ff:7b:c5:ca:c9|190|0|0|0|0|0
90:9a:4a:80:85:9e|864|0|0|0|0|0
90:9a:4a:80:71:9a|1244|11|18|23|1938|2226
c0:06:c3:8f:c7:99|2|4|5|2|309|237
b4:e6:2d:f6:c8:79|0|2|0|4|0|454
6a:a7:b9:89:64:11|1|0|2|0|220|0
54:2a:a2:73:c6:e9|5|30|0|0|0|0
f0:72:ea:ef:27:ca|0|1|0|0|0|0
c0:06:c3:8f:c0:7b|9|11|9|9|962|932
b0:a7:b9:89:64:1f|2|0|3|0|527|0
46:3b:78:62:ec:7e|2|23|0|0|0|0
28:6d:cd:09:2a:ea|0|0|2|3|409|315
50:e0:85:84:55:94|1|9|0|0|0|0
44:07:0b:70:9e:93|6|0|0|0|0|0
a4:50:46:4c:af:3b|0|0|7|0|546|0
f0:ef:86:06:76:35|0|3|0|0|0|0
00:08:07:76:35:b7|0|4|0|0|0|0
44:07:0b:2f:49:8b|14|0|0|0|0|0
54:3a:d6:77:88:6e|2|6|0|0|0|0
20:df:b9:ac:28:3b|5|0|0|0|0|0
06:d2:1d:4f:76:4d|0|1|0|0|0|0
