47
b4:e6:2d:f6:b6:a5
d8:b6:b7:7a:3a:61|1412|0|19|39|2125|1054
ff:ff:ff:ff:ff:ff|0|4506|0|209|0|20135
68:02:b8:1e:7f:1f|1292|0|305|11|55286|286
6a:02:98:1e:7f:1f|1289|0|0|0|0|0
70:2c:1f:8a:7c:d7|1131|0|0|0|0|0
aa:66:4e:12:0b:8f|1|17|0|0|0|0
a4:3e:a0:a4:2a:46|0|136|0|0|0|0
e6:35:23:4e:ab:99|0|0|8|2|200|52
54:2a:a2:48:a3:f0|0|126|0|0|0|0
bc:54:51:02:a4:f0|0|0|19|1|566|26
b4:e6:2d:f6:b6:a5|0|2|0|4|0|482
01:00:5e:7f:ff:fa|0|0|0|84|0|34122
80:1f:02:b4:07:ae|0|0|11|0|286|0
10:08:c1:a3:71:6e|0|2|0|0|0|0
70:2e:22:8d:72:74|30|0|0|0|0|0
f0:72:ea:da:42:c6|0|14|0|0|0|0
0c:54:15:5d:f1:f6|0|21|0|0|0|0
4a:38:3e:6b:7f:f0|0|3|0|0|0|0
34:7e:5c:38:ae:a0|0|100|0|0|0|0
e6:1e:01:82:79:50|2|17|0|0|0|0
7a:11:f8:97:67:f7|2|0|0|0|0|0
26:17:dc:59:74:f7|0|0|10|2|240|52
4c:fc:aa:04:03:83|0|19|0|0|0|0
ae:44:b3:ca:f4:c1|0|13|0|0|0|0
2a:23:6b:cc:25:0e|0|14|0|0|0|0
01:00:5e:00:00:16|0|0|0|8|0|728
01:00:5e:00:00:fb|0|0|0|6|0|882
0e:26:0a:2f:38:6b|0|0|2|2|48|52
80:be:05:5f:13:d9|0|7|0|0|0|0
c8:66:5d:1f:4f:54|0|6|0|0|0|0
00:10:20:ce:20:91|0|5|0|0|0|0
5c:f8:21:84:a4:31|0|2|0|0|0|0
00:0c:43:18:8e:7b|0|1|0|0|0|0
f0:5c:77:1a:f1:64|0|2|0|0|0|0
26:94:9b:c4:cd:39|16|118|0|0|0|0
d8:8c:79:90:f4:9b|0|7|0|0|0|0
04:4e:af:fb:fd:77|2|0|0|0|0|0
42:7d:8e:3d:9a:6d|0|7|0|0|0|0
33:33:00:00:00:01|0|0|0|3|0|584
33:33:00:00:00:02|0|0|0|1|0|96
33:33:ff:1e:b6:60|0|0|0|1|0|112
01:00:5e:00:00:01|0|0|0|1|0|88
58:91:cf:92:95:e6|0|7|0|0|0|0
64:b3:10:aa:e3:3c|0|14|0|0|0|0
da:a1:19:54:2f:68|0|2|0|0|0|0
b6:15:08:cc:a0:2a|0|7|0|0|0|0
ec:2e:98:f0:f5:27|0|2|0|0|0|0
