37
b4:e6:2d:f6:c8:79
68:ff:7b:c5:ca:c9|275|0|0|0|0|0
ff:ff:ff:ff:ff:ff|0|2477|0|23|0|3678
90:9a:4a:80:85:9e|1039|2|6|17|474|408
90:9a:4a:80:71:9a|1230|8|28|73|3357|10305
20:aa:4b:5b:e6:4b|126|0|29|34|5150|936
01:00:5e:00:00:fb|0|0|0|4|0|1238
b4:e6:2d:f6:c8:79|0|4|0|3|0|376
28:6d:cd:09:2a:ea|0|0|31|3|6744|315
80:91:33:25:67:05|0|111|0|0|0|0
3c:8d:20:4f:d8:e9|2|0|0|0|0|0
00:08:07:76:35:b7|0|1|0|0|0|0
f0:ef:86:06:76:35|0|19|0|0|0|0
c0:06:c3:8f:c0:7b|5|9|14|8|1683|866
01:00:5e:00:00:01|0|0|0|1|0|84
38:f9:d3:b3:0c:da|3|0|0|0|0|0
c0:06:c3:8f:c7:99|3|7|8|3|702|315
9e:ab:89:2d:82:91|2|18|17|5|408|390
6e:46:ae:e1:38:a9|0|4|0|0|0|0
18:e8:29:e4:16:89|3|0|0|0|0|0
a4:50:46:4c:af:3b|0|0|20|11|1176|1485
e4:5f:01:5c:9d:89|0|2|0|0|0|0
f4:f5:d8:8d:f2:58|9|3|0|0|0|0
44:07:0b:2f:49:8b|11|0|0|0|0|0
01:00:5e:00:00:fa|0|0|0|1|0|114
1c:bf:ce:e3:fb:45|0|3|0|0|0|0
54:60:09:e2:ee:aa|0|12|0|0|0|0
33:33:00:00:00:01|0|0|0|1|0|120
22:48:f8:26:26:64|4|27|0|0|0|0
9c:5a:81:3c:9b:3b|0|3|0|0|0|0
44:07:0b:70:9e:93|3|0|0|0|0|0
de:1e:c1:30:1b:d1|0|3|0|0|0|0
e6:1d:78:73:e4:e3|0|0|34|0|936|0
b2:48:c8:e0:26:52|0|1|0|0|0|0
aa:c3:59:bb:f8:f5|0|3|0|0|0|0
20:1f:3b:3a:bb:3d|2|0|0|0|0|0
1e:e8:29:e4:16:89|1|0|0|0|0|0
00:24:d6:f5:65:ef|0|1|0|0|0|0
