42
b4:e6:2d:f6:c8:79
90:9a:4a:80:85:9e|1187|0|4|0|312|0
ff:ff:ff:ff:ff:ff|0|3264|0|21|0|3497
90:9a:4a:80:71:9a|1327|6|8|29|766|2587
20:aa:4b:5b:e6:4b|425|0|22|0|3611|0
3c:8d:20:4f:d8:e9|2|0|0|0|0|0
c0:06:c3:8f:c0:7b|6|12|11|3|1297|234
6c:fd:b9:4d:63:18|0|3|0|0|0|0
20:1f:3b:3a:bb:3d|3|80|0|0|0|0
68:ff:7b:c5:ca:c9|517|0|0|0|0|0
b4:e6:2d:f6:c8:79|0|1|0|3|0|376
ac:67:84:52:fe:0b|2|0|0|0|0|0
c0:06:c3:8f:c7:99|0|0|9|2|726|156
9e:ab:89:2d:82:91|0|0|0|4|0|312
44:07:0b:70:9e:93|6|0|0|0|0|0
7a:8b:33:a4:31:6e|0|3|0|0|0|0
44:07:0b:2f:49:8b|7|0|0|0|0|0
90:0c:c8:ff:c0:3c|1|3|0|0|0|0
76:d2:e5:61:fa:4d|1|0|0|0|0|0
a4:50:46:4c:af:3b|0|0|7|0|512|0
b8:27:eb:81:9a:d6|0|5|0|0|0|0
28:6d:cd:09:2a:ea|0|0|2|0|52|0
44:07:0b:6c:b6:e3|4|0|0|0|0|0
f4:f5:d8:8d:f2:58|6|2|0|0|0|0
00:08:07:76:35:b7|0|2|0|0|0|0
1c:bf:ce:e3:fb:45|0|3|0|0|0|0
4a:7c:e3:27:a9:6b|2|0|0|0|0|0
ec:5c:68:84:b1:4b|2|33|0|0|0|0
50:e0:85:84:55:94|4|15|0|0|0|0
e4:5f:01:5c:9d:89|0|1|0|0|0|0
01:00:5e:00:00:fa|0|0|0|1|0|114
ce:39:cd:da:98:b3|1|8|0|0|0|0
26:2a:69:ac:11:d3|2|24|0|0|0|0
a4:77:33:63:f5:7e|0|3|0|0|0|0
54:60:09:e2:ee:aa|0|12|0|0|0|0
74:4c:a1:c2:7b:65|1|7|0|0|0|0
f0:ef:86:06:76:35|0|1|0|0|0|0
12:34:71:ab:51:28|1|8|0|0|0|0
a0:2c:36:28:1e:19|0|6|0|0|0|0
12:e8:29:91:3d:5e|1|0|0|0|0|0
34:08:bc:51:4b:42|1|0|0|0|0|0
02:ec:77:d1:98:cb|1|9|0|0|0|0
f4:f2:6d:90:44:3c|1|0|0|0|0|0
