18
b4:e6:2d:f6:b6:a5
68:02:b8:1e:7f:1f|1300|0|388|0|92973|0
ff:ff:ff:ff:ff:ff|0|2346|0|314|0|60345
6a:02:98:1e:7f:1f|1297|0|0|0|0|0
70:ee:50:73:4e:36|0|0|10|0|260|0
44:fe:3b:a8:69:27|0|0|0|10|0|260
b4:e6:2d:f6:b6:a5|0|2|0|3|0|390
01:00:5e:7f:ff:fa|0|0|0|60|0|30806
a4:3e:a0:a4:2a:46|0|59|0|0|0|0
54:2a:a2:48:a3:f0|0|24|0|0|0|0
64:b3:10:aa:e3:3c|0|12|0|0|0|0
ba:9f:31:f7:09:ae|0|24|0|0|0|0
10:1c:0c:1a:10:10|0|30|0|0|0|0
33:33:00:00:00:01|0|0|0|2|0|352
33:33:ff:f8:bc:5d|0|0|0|9|0|1080
f6:94:25:dd:26:55|2|12|0|0|0|0
f8:77:b8:53:10:e8|0|60|0|0|0|0
6e:d4:df:5c:e0:b3|0|6|0|0|0|0
1a:87:40:22:1f:e0|0|24|0|0|0|0
