30
b4:e6:2d:f6:b6:a5
68:02:b8:1e:7f:1f|1287|0|10924|1|16296852|26
ff:ff:ff:ff:ff:ff|0|2353|0|5|0|736
6a:02:98:1e:7f:1f|1255|0|0|0|0|0
70:ee:50:73:4e:36|0|0|81|0|2070|0
b0:95:75:4b:b9:26|0|0|0|81|0|2070
ba:f8:05:6c:5d:e4|1|5|0|0|0|0
b4:e6:2d:f6:b6:a5|0|2|0|5|0|574
01:00:5e:00:00:fb|0|0|0|34|0|7371
01:00:5e:7f:ff:fa|0|0|0|36|0|7236
33:33:00:00:00:01|0|0|0|3|0|584
a4:3e:a0:a4:2a:46|0|72|0|0|0|0
4e:16:64:70:97:b2|1|0|0|0|0|0
62:50:47:72:1a:2e|1|0|0|0|0|0
10:1c:0c:1a:10:10|4|33|0|0|0|0
72:af:84:1d:42:21|2|12|0|0|0|0
52:fc:c0:22:c3:68|1|0|0|0|0|0
8e:99:87:2d:df:20|0|6|0|0|0|0
0e:7b:31:50:88:7c|0|6|0|0|0|0
64:b3:10:aa:e3:3c|0|12|0|0|0|0
1a:87:40:c8:f7:07|0|12|0|0|0|0
4e:9b:05:55:9f:ce|1|34|1|10807|26|16272997
33:33:ff:a5:4e:19|0|0|0|1|0|120
33:33:00:00:00:02|0|0|0|1|0|96
33:33:ff:47:43:51|0|0|0|1|0|120
33:33:ff:ee:dc:5e|0|0|0|6|0|720
33:33:00:00:00:fb|0|0|0|15|0|4938
33:33:00:00:00:16|0|0|0|7|0|1048
01:00:5e:00:00:02|0|0|0|2|0|180
33:33:00:01:00:02|0|0|0|1|0|132
c8:66:5d:1f:4f:54|0|6|0|0|0|0
