48
b4:e6:2d:f6:c8:79
90:9a:4a:80:85:9e|1289|60|85|534|23612|15807
ff:ff:ff:ff:ff:ff|0|2504|0|27|0|3736
90:9a:4a:80:71:9a|1289|9|145|180|66956|27648
04:6c:59:1b:72:04|55|112|0|6|0|468
b4:e6:2d:f6:c8:79|0|2|0|3|0|376
44:46:87:a9:e4:4b|0|6|0|0|0|0
20:aa:4b:5b:e6:4b|77|0|43|52|5723|1787
68:ff:7b:c5:ca:c9|112|0|0|0|0|0
b8:27:eb:81:9a:d6|0|2|0|0|0|0
28:6d:cd:09:2a:ea|0|0|31|9|6823|1269
c0:06:c3:8f:c0:7b|5|10|15|15|1736|1581
e6:1d:78:73:e4:e3|0|0|50|0|1352|0
01:00:5e:7f:ff:fa|0|0|0|46|0|19076
de:78:34:86:1e:f2|3|0|0|0|0|0
01:00:5e:00:00:fb|0|0|0|24|0|3334
33:33:00:00:00:fb|0|0|0|6|0|780
01:00:5e:00:00:fc|0|0|0|2|0|208
9e:ab:89:2d:82:91|5|15|534|5|15807|390
44:07:0b:2f:49:8b|12|0|0|0|0|0
01:00:5e:00:00:16|0|0|0|5|0|440
a4:50:46:4c:af:3b|9|22|126|111|18387|63022
c0:06:c3:8f:c7:99|0|0|8|7|702|708
50:e0:85:84:55:94|3|15|0|0|0|0
9a:be:08:af:45:6d|0|3|0|0|0|0
4a:a2:72:ea:4c:99|6|34|0|0|0|0
1c:bf:ce:e3:fb:45|0|3|0|0|0|0
ec:5c:68:84:b1:4b|3|15|0|0|0|0
34:02:86:11:c3:80|0|0|2|1|435|213
8e:92:93:d8:fd:b5|2|14|0|0|0|0
84:4b:f5:19:a0:99|0|3|0|0|0|0
01:00:5e:00:00:01|0|0|0|1|0|84
33:33:00:00:00:01|0|0|0|1|0|120
a6:23:9c:e5:b4:cb|2|0|0|0|0|0
01:00:5e:00:00:fa|0|0|0|1|0|114
00:25:42:04:39:48|1|7|0|0|0|0
56:68:61:2c:82:5b|1|0|0|0|0|0
08:9e:08:49:f2:bd|0|10|0|0|0|0
86:59:bd:e6:64:77|0|0|5|0|120|0
00:5f:67:7e:ea:32|0|0|0|5|0|120
42:48:9a:fd:25:04|0|2|0|0|0|0
ca:60:d3:ca:e9:e3|0|1|0|0|0|0
33:33:00:01:00:03|0|0|0|3|0|372
54:60:09:e2:ee:aa|0|4|0|0|0|0
24:77:03:d4:12:38|1|15|0|0|0|0
5a:f2:a8:43:a7:48|0|1|0|0|0|0
da:7b:ad:37:5d:b7|0|3|0|0|0|0
72:68:6d:23:58:9c|0|1|0|0|0|0
f4:f5:d8:8d:f2:58|0|2|0|0|0|0
