24
b4:e6:2d:f6:b6:a5
68:02:b8:1e:7f:1f|1224|0|14|0|2410|0
ff:ff:ff:ff:ff:ff|0|3512|0|0|0|0
6a:02:98:1e:7f:1f|1223|0|0|0|0|0
d8:b6:b7:7a:3a:61|1351|0|8|21|270|514
b4:e6:2d:f6:b6:a5|0|1|0|3|0|390
f0:72:ea:da:42:c6|0|49|0|0|0|0
e6:35:23:4e:ab:99|0|0|8|2|200|52
a4:3e:a0:a4:2a:46|0|177|0|0|0|0
0e:26:0a:2f:38:6b|0|0|11|2|264|52
26:17:dc:59:74:f7|0|0|0|2|0|52
bc:54:51:02:a4:f0|0|0|2|1|50|26
33:33:00:00:00:01|0|0|0|3|0|584
1a:87:40:2b:2d:2c|0|6|0|0|0|0
c8:66:5d:1f:4f:54|0|6|0|0|0|0
26:46:c8:a4:28:09|0|7|0|0|0|0
a6:56:c5:94:06:9d|0|7|0|0|0|0
12:a6:c1:1a:fc:71|0|7|0|0|0|0
01:00:5e:00:00:01|0|0|0|1|0|88
78:9f:70:2b:86:c6|0|6|0|0|0|0
33:33:00:00:00:16|0|0|0|2|0|248
01:00:5e:00:00:fb|0|0|0|3|0|564
33:33:00:00:00:fb|0|0|0|3|0|624
5c:f5:da:b6:d8:02|0|7|0|0|0|0
f0:5c:77:1a:f1:64|0|13|0|0|0|0
