33
b4:e6:2d:f6:b6:a5
68:02:b8:1e:7f:1f|1240|0|303|7|106671|286
ff:ff:ff:ff:ff:ff|0|2706|0|7|0|532
6a:02:98:1e:7f:1f|1237|0|0|0|0|0
d8:b6:b7:7a:3a:61|414|0|4|68|166|1862
c8:66:5d:1f:4f:54|0|12|0|0|0|0
b4:e6:2d:f6:b6:a5|0|2|0|3|0|390
80:58:f8:93:88:29|0|0|7|278|286|103341
a4:3e:a0:a4:2a:46|0|87|0|0|0|0
e6:35:23:4e:ab:99|0|0|22|1|532|26
26:17:dc:59:74:f7|0|0|14|2|336|52
bc:54:51:02:a4:f0|0|0|20|0|706|0
0e:26:0a:2f:38:6b|0|0|12|0|288|0
42:5d:58:1f:05:a0|0|2|0|0|0|0
70:ee:50:73:4e:36|0|0|14|0|364|0
b0:95:75:4b:b9:26|0|0|0|14|0|364
f0:72:ea:da:42:c6|0|7|0|0|0|0
b6:2a:e9:ad:ee:72|2|12|0|0|0|0
00:0c:e7:e6:40:d4|0|21|0|0|0|0
5a:59:3c:8a:d4:c7|0|6|0|0|0|0
8c:c5:b4:3b:6e:56|0|4|0|0|0|0
01:00:5e:00:00:01|0|0|0|1|0|88
06:9d:8e:ab:cc:0f|0|7|0|0|0|0
f0:5c:77:1a:f1:64|0|3|0|0|0|0
9c:5d:12:d7:43:d4|0|12|0|0|0|0
64:b3:10:aa:e3:3c|0|9|0|0|0|0
33:33:00:00:00:01|0|0|0|3|0|584
33:33:00:00:00:02|0|0|0|1|0|96
33:33:ff:1e:b6:60|0|0|0|1|0|112
96:bc:60:36:c4:1a|0|3|0|0|0|0
01:00:5e:00:00:fb|0|0|0|3|0|564
33:33:00:00:00:fb|0|0|0|3|0|624
33:33:00:00:00:16|0|0|0|2|0|248
01:00:5e:00:00:16|0|0|0|2|0|180
