33
b4:e6:2d:f6:b6:a5
68:02:b8:1e:7f:1f|1249|0|282|0|57353|0
ff:ff:ff:ff:ff:ff|0|3459|0|276|0|56379
d8:b6:b7:7a:3a:61|1315|0|27|99|3504|2816
6a:02:98:1e:7f:1f|1243|0|0|0|0|0
e6:35:23:4e:ab:99|0|0|41|1|1150|26
84:16:f9:07:68:71|0|6|0|0|0|0
a4:3e:a0:a4:2a:46|0|129|0|0|0|0
b4:e6:2d:f6:b6:a5|0|2|0|3|0|390
bc:54:51:02:a4:f0|0|0|24|1|850|26
54:2a:a2:48:a3:f0|0|134|0|0|0|0
0e:26:0a:2f:38:6b|0|0|22|2|528|52
ec:2e:98:f0:f5:27|0|1|0|0|0|0
70:ee:50:73:4e:36|0|0|65|0|1676|0
b0:95:75:4b:b9:26|0|0|0|65|0|1676
8e:83:94:16:0a:d0|0|6|0|0|0|0
f0:72:ea:da:42:c6|0|2|0|0|0|0
26:17:dc:59:74:f7|0|0|12|3|288|78
33:33:00:00:00:01|0|0|0|3|0|584
f0:5c:77:1a:f1:64|0|7|0|0|0|0
b6:7f:1f:c3:1c:65|0|1|0|0|0|0
c8:66:5d:1f:4f:54|0|6|0|0|0|0
36:77:b6:e1:35:82|0|2|0|0|0|0
9c:5d:12:d7:43:d4|0|6|0|0|0|0
01:00:5e:7f:ff:fa|0|0|0|10|0|2065
01:00:5e:00:00:16|0|0|0|4|0|384
01:00:5e:00:00:fb|0|0|0|5|0|785
64:b3:10:aa:e3:3c|0|20|0|0|0|0
0e:24:74:dc:03:32|0|3|0|0|0|0
fa:56:5d:e7:4e:cc|0|7|0|0|0|0
01:00:5e:00:00:01|0|0|0|1|0|88
00:1c:bf:52:98:29|0|7|0|0|0|0
da:a1:19:92:3c:ef|0|7|0|0|0|0
42:d5:5a:a9:de:2c|0|2|0|0|0|0
