32
b4:e6:2d:f6:b6:a5
68:02:b8:1e:7f:1f|1270|0|16|0|2597|0
ff:ff:ff:ff:ff:ff|0|3344|0|0|0|0
6a:02:98:1e:7f:1f|1268|0|0|0|0|0
d8:b6:b7:7a:3a:61|1093|0|15|58|2320|1624
f0:72:ea:da:42:c6|0|7|0|0|0|0
bc:54:51:02:a4:f0|0|0|25|0|824|0
b4:e6:2d:f6:b6:a5|0|2|0|5|0|577
e6:35:23:4e:ab:99|0|0|8|0|200|0
0e:26:0a:2f:38:6b|0|0|0|2|0|52
26:17:dc:59:74:f7|0|0|25|2|600|52
a4:3e:a0:a4:2a:46|0|96|0|0|0|0
70:ee:50:73:4e:36|0|0|13|0|338|0
b0:95:75:4b:b9:26|0|0|0|13|0|338
00:0c:e7:3f:1d:72|0|32|0|0|0|0
64:b3:10:aa:e3:3c|0|28|0|0|0|0
9a:c2:85:50:89:c0|0|3|0|0|0|0
fa:97:82:49:51:16|0|8|0|0|0|0
d8:8c:79:90:f4:9b|0|2|0|0|0|0
e2:10:fd:10:c1:20|0|2|0|0|0|0
00:0c:e7:a6:b9:a2|0|13|0|0|0|0
33:33:00:00:00:01|0|0|0|3|0|584
c8:66:5d:1f:4f:54|0|6|0|0|0|0
00:0c:e7:04:10:3d|0|20|0|0|0|0
