38
b4:e6:2d:f6:c8:79
90:9a:4a:80:85:9e|1166|1|14|27|2080|648
ff:ff:ff:ff:ff:ff|0|2652|0|0|0|0
90:9a:4a:80:71:9a|1272|6|10|45|939|2848
b4:e6:2d:f6:c8:79|0|1|0|4|0|471
68:ff:7b:c5:ca:c9|143|0|9|0|918|0
20:aa:4b:5b:e6:4b|194|0|1|0|76|0
f4:f5:d8:8d:f2:58|6|2|0|0|0|0
c0:06:c3:8f:c7:99|0|0|8|3|690|234
e4:5f:01:5c:9d:89|0|6|0|0|0|0
a4:50:46:4c:af:3b|1|1|24|1|996|78
1c:bf:ce:e3:fb:45|0|7|0|0|0|0
44:07:0b:6c:b6:e3|7|0|0|0|0|0
20:df:b9:ac:28:3b|3|0|0|0|0|0
9e:ab:89:2d:82:91|1|4|27|13|648|1996
44:07:0b:70:9e:93|5|0|0|0|0|0
24:77:03:d4:12:38|3|17|0|0|0|0
54:60:09:e2:ee:aa|0|5|0|0|0|0
20:1f:3b:3a:bb:3d|19|98|0|0|0|0
c0:06:c3:8f:c0:7b|4|8|10|2|1084|156
01:00:5e:00:00:01|0|0|0|2|0|160
28:6d:cd:09:2a:ea|1|3|3|0|78|0
3c:8d:20:4f:d8:e9|5|0|0|0|0|0
ce:9f:05:ca:34:2f|0|5|0|0|0|0
