39
b4:e6:2d:f6:c8:79
20:aa:4b:5b:e6:4b|753|0|33|0|4222|0
ff:ff:ff:ff:ff:ff|0|2956|0|29|0|3798
90:9a:4a:80:85:9e|1056|0|5|4|396|96
90:9a:4a:80:71:9a|1204|5|22|58|2950|9359
68:ff:7b:c5:ca:c9|99|0|1|0|78|0
b4:e6:2d:f6:c8:79|0|1|0|4|0|482
28:6d:cd:09:2a:ea|0|0|32|4|7154|421
14:f6:d8:d5:30:90|0|8|0|0|0|0
b8:27:eb:81:9a:d6|0|2|0|0|0|0
c0:06:c3:8f:c0:7b|5|10|11|9|1108|972
00:08:07:76:35:b7|0|3|0|0|0|0
44:07:0b:2f:49:8b|6|0|0|0|0|0
80:91:33:25:67:05|17|84|0|0|0|0
20:1f:3b:3a:bb:3d|5|0|0|0|0|0
72:f7:0d:d2:47:53|0|8|0|0|0|0
f0:ef:86:06:76:35|0|22|0|0|0|0
01:00:5e:00:00:fa|0|0|0|2|0|228
33:33:00:00:00:01|0|0|0|1|0|120
fe:3e:0e:0e:70:74|0|1|0|0|0|0
9e:ab:89:2d:82:91|0|0|4|4|96|312
a4:50:46:4c:af:3b|0|0|9|1|390|106
f0:f6:c1:d5:cb:42|0|9|0|0|0|0
54:60:09:e2:ee:aa|0|6|0|0|0|0
