20
b4:e6:2d:f6:b6:a5
d8:b6:b7:7a:3a:61|1274|1|13|22|562|668
ff:ff:ff:ff:ff:ff|0|3498|0|3|0|240
68:02:b8:1e:7f:1f|1217|0|14|0|2410|0
6a:02:98:1e:7f:1f|1216|0|0|0|0|0
b4:e6:2d:f6:b6:a5|0|1|0|3|0|390
0e:26:0a:2f:38:6b|1|2|8|2|192|52
e6:35:23:4e:ab:99|0|0|14|2|476|52
a4:3e:a0:a4:2a:46|0|129|0|0|0|0
f0:72:ea:da:42:c6|0|21|0|0|0|0
c8:66:5d:1f:4f:54|0|12|0|0|0|0
ce:9d:ed:69:c7:0b|0|20|0|0|0|0
bc:54:51:02:a4:f0|0|0|0|2|0|52
26:17:dc:59:74:f7|0|0|0|3|0|78
01:00:5e:00:00:fb|0|0|0|3|0|564
33:33:00:00:00:fb|0|0|0|3|0|624
33:33:00:00:00:16|0|0|0|2|0|248
33:33:00:00:00:01|0|0|0|3|0|584
01:00:5e:00:00:01|0|0|0|1|0|88
64:b3:10:aa:e3:3c|0|10|0|0|0|0
58:b1:0f:56:36:08|0|14|0|0|0|0
