18
b4:e6:2d:f6:b6:a5
68:02:b8:1e:7f:1f|1274|0|398|0|91181|0
ff:ff:ff:ff:ff:ff|0|2337|0|317|0|58479
6a:02:98:1e:7f:1f|1269|0|0|0|0|0
7e:ed:86:c3:4c:e5|0|18|0|0|0|0
01:00:5e:7f:ff:fa|0|0|0|58|0|29741
70:ee:50:73:4e:36|0|0|1|0|26|0
44:fe:3b:a8:69:27|0|0|0|1|0|26
f8:77:b8:53:10:e8|0|84|0|0|0|0
54:2a:a2:48:a3:f0|0|12|0|0|0|0
b4:e6:2d:f6:b6:a5|0|1|0|5|0|577
a4:3e:a0:a4:2a:46|0|53|0|0|0|0
33:33:00:00:00:01|0|0|0|3|0|584
82:64:0c:ac:ad:16|0|6|0|0|0|0
10:1c:0c:1a:10:10|1|10|0|0|0|0
33:33:ff:58:93:09|0|0|0|15|0|1800
c8:66:5d:1f:4f:54|0|6|0|0|0|0
d6:d6:eb:15:0e:a7|0|6|0|0|0|0
1a:87:40:ac:ab:da|0|11|0|0|0|0
