53
b4:e6:2d:f6:c8:79
90:9a:4a:80:85:9e|1098|46|67|143|20731|8696
ff:ff:ff:ff:ff:ff|0|2991|0|47|0|8822
90:9a:4a:80:71:9a|1256|5|24|33|2634|2515
20:aa:4b:5b:e6:4b|874|0|49|0|9050|0
20:df:b9:ac:28:3b|1|0|0|0|0|0
44:07:0b:70:9e:93|6|0|0|0|0|0
cc:f4:11:a1:a0:2c|2|0|0|0|0|0
b4:e6:2d:f6:c8:79|0|1|0|4|0|454
9e:ab:89:2d:82:91|0|0|47|55|1362|17253
04:6c:59:1b:72:04|49|104|96|3|7334|234
84:4b:f5:19:a0:99|0|5|0|0|0|0
d6:68:81:85:17:18|1|50|0|0|0|0
68:ff:7b:c5:ca:c9|22|0|0|0|0|0
bc:54:2f:5e:b7:f3|1|10|0|0|0|0
28:6d:cd:09:2a:ea|1|3|3|0|78|0
44:07:0b:2f:49:8b|11|0|0|0|0|0
b6:26:7b:40:82:f3|0|0|1|0|24|0
1c:6a:7a:b9:2e:6f|0|0|0|1|0|24
c0:06:c3:8f:c0:7b|4|10|7|11|644|1051
f6:d9:5f:c3:44:22|0|3|0|0|0|0
34:c0:59:00:a0:8f|2|0|0|0|0|0
01:00:5e:7f:ff:fa|0|0|0|8|0|3124
c0:06:c3:8f:c7:99|0|0|7|2|543|156
a4:50:46:4c:af:3b|0|0|16|7|1250|973
f0:ef:86:05:a3:fa|0|9|0|0|0|0
b8:27:eb:81:9a:d6|0|2|0|0|0|0
88:3d:24:10:7e:ce|0|2|0|0|0|0
c6:79:67:2c:af:d0|0|2|0|0|0|0
00:08:07:76:35:b7|0|1|0|0|0|0
86:aa:d2:ac:95:63|0|1|0|0|0|0
f0:f6:c1:d5:cb:42|0|3|0|0|0|0
01:00:5e:00:00:fa|0|0|0|2|0|228
e4:5f:01:5c:9d:89|0|6|0|0|0|0
44:07:0b:60:bf:75|2|0|0|0|0|0
a2:ca:18:44:f8:22|2|12|0|0|0|0
da:a1:19:2d:89:28|3|20|0|0|0|0
54:60:09:e2:ee:aa|0|4|0|0|0|0
f4:63:1f:8c:17:ff|0|3|0|0|0|0
00:08:10:80:dc:7a|0|1|0|0|0|0
6a:ba:40:d4:38:2f|0|2|0|0|0|0
02:00:00:00:00:00|0|4|0|0|0|0
f4:f5:d8:8d:f2:58|0|6|0|0|0|0
08:9e:08:bc:6c:2b|0|2|0|0|0|0
f6:40:22:98:86:11|0|6|0|0|0|0
da:a1:19:9e:f0:52|0|1|0|0|0|0
26:4b:f5:19:a0:99|0|1|0|0|0|0
30:74:96:94:d8:08|5|8|0|0|0|0
