38
b4:e6:2d:f6:b6:a5
d8:b6:b7:7a:3a:61|1355|0|15|79|1705|2240
ff:ff:ff:ff:ff:ff|0|3516|0|139|0|42390
68:02:b8:1e:7f:1f|1245|0|186|0|49997|0
6a:02:98:1e:7f:1f|1244|0|0|0|0|0
0e:26:0a:2f:38:6b|0|0|13|2|312|52
8e:64:90:ad:04:2f|0|2|0|0|0|0
b4:e6:2d:f6:b6:a5|0|1|0|5|0|577
8e:f4:88:a3:42:82|0|13|0|0|0|0
26:17:dc:59:74:f7|0|0|30|2|720|52
00:1c:bf:52:98:29|0|12|0|0|0|0
a4:3e:a0:a4:2a:46|0|137|0|0|0|0
70:28:8b:67:d0:86|0|14|0|0|0|0
c2:b1:88:c7:f0:d9|0|4|0|0|0|0
f0:72:ea:da:42:c6|0|21|0|0|0|0
01:00:5e:00:00:fb|0|0|0|11|0|2090
33:33:00:00:00:fb|0|0|0|12|0|2547
02:d6:c6:3d:1d:8b|0|2|0|0|0|0
e6:35:23:4e:ab:99|0|0|12|1|404|26
70:ee:50:73:4e:36|0|0|9|0|234|0
b0:95:75:4b:b9:26|0|0|0|9|0|234
bc:54:51:02:a4:f0|0|0|24|3|804|262
64:b3:10:aa:e3:3c|0|39|0|0|0|0
d8:8c:79:90:f4:9b|0|7|0|0|0|0
01:00:5e:00:00:01|0|0|0|1|0|88
c8:66:5d:1f:4f:54|0|18|0|0|0|0
5c:f5:da:b6:d8:02|0|7|0|0|0|0
8e:21:ef:0e:88:76|2|7|0|0|0|0
33:33:00:00:00:16|0|0|0|7|0|868
01:00:5e:00:00:16|0|0|0|7|0|650
33:33:00:00:00:01|0|0|0|3|0|584
88:9f:6f:ab:69:ae|0|25|0|0|0|0
2c:db:07:46:b4:19|0|7|0|0|0|0
01:00:5e:7f:ff:fa|0|0|0|6|0|1278
33:33:00:01:00:03|0|0|0|1|0|129
01:00:5e:00:00:fc|0|0|0|1|0|109
fa:e6:6d:19:e3:dc|0|7|0|0|0|0
32:9d:58:84:b0:fb|1|1|0|0|0|0
ee:92:10:44:59:dc|0|7|0|0|0|0
