29
b4:e6:2d:f6:c8:79
20:aa:4b:5b:e6:4b|658|0|86|0|10737|0
ff:ff:ff:ff:ff:ff|0|2980|0|80|0|9991
90:9a:4a:80:71:9a|1200|6|18|35|2020|5627
90:9a:4a:80:85:9e|1154|0|0|0|0|0
b4:e6:2d:f6:c8:79|0|1|0|5|0|549
28:6d:cd:09:2a:ea|0|0|21|4|4576|474
00:08:07:76:35:b7|0|8|0|0|0|0
c0:06:c3:8f:c0:7b|2|4|8|5|598|523
c0:06:c3:8f:c7:99|4|8|6|4|453|474
b4:75:0e:da:6c:72|1|0|0|0|0|0
b4:75:0e:da:6c:73|1|0|0|0|0|0
00:31:92:b2:52:69|1|0|0|0|0|0
3a:6f:ff:39:f1:7e|0|1|0|0|0|0
84:d8:1b:29:48:82|1|0|0|0|0|0
33:33:00:00:00:16|0|0|0|4|0|556
44:07:0b:2f:49:8b|12|0|0|0|0|0
3c:5c:c4:b7:94:93|0|4|0|0|0|0
76:78:27:bc:20:c6|2|3|0|0|0|0
b8:27:eb:81:9a:d6|0|1|0|0|0|0
f4:f5:d8:8d:f2:58|0|4|0|0|0|0
01:00:5e:00:00:01|0|0|0|1|0|76
7a:6a:30:46:ed:94|0|3|0|0|0|0
3e:5f:ef:9b:94:7a|0|1|0|0|0|0
a6:23:9c:e5:b4:cb|2|0|0|0|0|0
54:60:09:e2:ee:aa|0|4|0|0|0|0
01:00:5e:00:00:fa|0|0|0|1|0|114
38:00:25:a3:ab:15|0|1|0|0|0|0
d8:47:32:54:de:63|0|4|0|0|0|0
22:48:f8:26:26:64|3|8|0|0|0|0
