27
b4:e6:2d:f6:c8:79
04:ea:56:43:69:3f|2|0|0|0|0|0
ff:ff:ff:ff:ff:ff|0|2559|0|20|0|3262
90:9a:4a:80:85:9e|1196|0|5|7|390|168
90:9a:4a:80:71:9a|1210|8|22|48|2534|7567
9e:ab:89:2d:82:91|0|16|7|5|168|390
28:6d:cd:09:2a:ea|0|0|28|2|6154|156
20:aa:4b:5b:e6:4b|230|0|21|0|3376|0
00:08:10:80:dc:7a|0|3|0|0|0|0
c0:06:c3:8f:c7:99|3|6|6|1|399|78
c0:06:c3:8f:c0:7b|5|10|7|10|676|1216
b4:e6:2d:f6:c8:79|0|1|0|9|0|1084
a4:50:46:4c:af:3b|0|0|7|0|338|0
88:3d:24:10:7e:ce|0|1|0|0|0|0
b8:27:eb:81:9a:d6|0|1|0|0|0|0
f0:ef:86:06:76:35|0|7|0|0|0|0
f0:f6:c1:d5:cb:42|0|7|0|0|0|0
22:48:f8:26:26:64|4|15|0|0|0|0
f4:f5:d8:8d:f2:58|0|3|0|0|0|0
44:07:0b:2f:49:8b|5|0|0|0|0|0
da:a1:19:35:35:35|0|10|0|0|0|0
c0:87:eb:8e:48:ef|0|6|0|0|0|0
f0:ef:86:21:66:5f|0|6|0|0|0|0
7c:2e:bd:f4:94:ee|9|0|0|0|0|0
08:9e:08:bc:6c:2b|0|3|0|0|0|0
01:00:5e:00:00:fa|0|0|0|1|0|114
f4:f5:d8:84:58:92|0|1|0|0|0|0
1c:bf:ce:e3:fb:45|0|1|0|0|0|0
