24
b4:e6:2d:f6:b6:a5
68:02:b8:1e:7f:1f|1273|0|290|0|57699|0
ff:ff:ff:ff:ff:ff|0|2444|0|249|0|51860
6a:02:98:1e:7f:1f|1271|0|0|0|0|0
02:aa:3f:a7:c9:b1|60|0|0|0|0|0
02:aa:3f:a7:c9:b2|39|0|2|0|240|0
01:80:c2:00:00:0e|0|0|0|1|0|94
a4:3e:a0:a4:2a:46|0|138|0|0|0|0
16:6e:82:f6:e4:15|0|1|0|0|0|0
33:33:ff:02:17:66|0|0|0|2|0|240
b4:e6:2d:f6:b6:a5|0|2|0|4|0|482
01:00:5e:00:00:fb|0|0|0|11|0|1623
33:33:00:00:00:fb|0|0|0|12|0|1972
33:33:00:01:00:03|0|0|0|4|0|492
01:00:5e:00:00:fc|0|0|0|4|0|412
80:be:05:5f:13:d9|0|6|0|0|0|0
c8:66:5d:1f:4f:54|0|18|0|0|0|0
8c:c5:b4:3b:6e:56|0|6|0|0|0|0
10:1c:0c:1a:10:10|2|0|0|0|0|0
4e:9b:05:55:9f:ce|1|24|0|0|0|0
5c:f8:21:84:a4:31|0|2|0|0|0|0
33:33:00:00:00:01|0|0|0|3|0|584
01:00:5e:00:00:16|0|0|0|2|0|180
70:2e:22:8d:72:74|1|0|0|0|0|0
