87
b4:e6:2d:f6:c8:79
90:9a:4a:80:71:9a|1364|6|40|78|4517|4547
ff:ff:ff:ff:ff:ff|0|3628|0|56|0|10168
68:ff:7b:c5:ca:c9|463|0|0|0|0|0
04:6c:59:1b:72:04|6|11|716|768|509270|291959
90:9a:4a:80:85:9e|1177|6|840|723|314691|509030
20:aa:4b:5b:e6:4b|852|0|57|0|10232|0
6e:c6:41:52:51:19|0|1|0|0|0|0
a4:50:46:4c:af:3b|5|24|54|25|2106|2575
b4:e6:2d:f6:c8:79|0|6|0|4|0|557
44:07:0b:70:9e:93|6|0|0|0|0|0
f0:ef:86:05:a3:fa|0|14|0|0|0|0
28:6d:cd:09:2a:ea|1|3|4|1|225|181
84:4b:f5:19:a0:99|0|1|0|0|0|0
30:07:4d:83:4d:ce|0|5|0|0|0|0
7a:6e:f2:92:ab:af|0|12|0|0|0|0
f0:f6:c1:d5:cb:42|0|6|0|0|0|0
c0:06:c3:8f:c0:7b|5|12|9|7|1119|867
9e:ab:89:2d:82:91|0|0|8|22|192|5318
ca:fb:b6:eb:f3:8e|1|3|0|0|0|0
e4:5f:01:5c:9d:89|0|4|0|0|0|0
ce:d4:9c:97:42:02|2|6|0|0|0|0
33:33:00:00:00:01|0|0|0|1|0|120
c0:06:c3:8f:c7:99|0|0|11|3|1097|337
ba:68:00:07:b4:b3|0|4|0|0|0|0
bc:54:2f:5e:b7:f3|1|8|0|0|0|0
00:08:10:80:dc:7a|0|2|0|0|0|0
ae:ce:5e:0f:b9:84|1|1|0|0|0|0
b8:27:eb:81:9a:d6|0|2|0|0|0|0
aa:a1:83:79:ec:31|1|10|0|0|0|0
72:1e:c8:5b:51:f8|1|0|0|0|0|0
46:f0:a6:be:df:d0|0|4|0|0|0|0
46:17:6f:b5:a5:8c|0|10|2|0|48|0
10:fe:ed:a2:a3:dc|0|0|0|2|0|48
22:1c:76:fa:ab:b1|8|3|0|0|0|0
da:3a:af:82:a6:b2|1|6|0|0|0|0
34:c0:59:00:a0:8f|1|0|0|0|0|0
fe:10:fa:38:ad:3f|0|2|0|0|0|0
da:a1:19:12:79:17|0|2|0|0|0|0
36:81:fd:b1:c5:3d|2|2|0|0|0|0
01:00:5e:00:00:fa|0|0|0|2|0|228
52:05:1a:e8:3e:a4|1|3|0|0|0|0
44:07:0b:2f:49:8b|12|0|0|0|0|0
cc:f4:11:a1:a0:2c|3|0|0|0|0|0
a2:fa:e3:52:7b:c9|1|0|0|0|0|0
9a:bf:61:fd:c1:b7|0|3|0|0|0|0
f4:f5:d8:8d:f2:58|1|5|0|0|0|0
58:ef:68:2a:26:ec|3|0|0|0|0|0
f2:05:0b:0c:da:66|1|3|0|0|0|0
22:c0:83:b6:c0:4d|0|13|0|0|0|0
e2:ea:a9:4f:a3:12|2|12|0|0|0|0
d2:fd:3e:01:08:60|0|1|0|0|0|0
26:1e:c9:f6:13:59|5|4|0|0|0|0
1a:94:8f:f8:32:8e|0|4|0|0|0|0
b2:88:61:2b:09:78|0|3|0|0|0|0
86:24:d9:f6:0e:73|0|1|0|0|0|0
22:32:fc:6b:77:39|0|3|0|0|0|0
6e:f3:d0:a4:ec:4e|0|7|0|0|0|0
08:d2:3e:73:3b:6f|2|4|0|0|0|0
66:e7:2a:6d:f5:36|1|5|0|0|0|0
fc:62:b9:5f:8d:2c|0|2|0|0|0|0
54:60:09:e2:ee:aa|0|4|0|0|0|0
5a:e6:c7:32:1c:ca|0|1|0|0|0|0
72:6b:a8:f8:b9:bb|1|7|0|0|0|0
e6:56:e1:b6:c2:f6|0|6|0|0|0|0
7e:f4:f8:d5:0c:dc|0|6|0|0|0|0
01:00:5e:7f:ff:fa|0|0|0|37|0|15846
01:00:5e:00:00:fb|0|0|0|6|0|1196
01:00:5e:00:00:01|0|0|0|2|0|160
8e:c8:26:f9:75:31|2|6|0|0|0|0
01:00:5e:00:00:16|0|0|0|4|0|360
82:19:25:8f:63:ef|0|2|0|0|0|0
6a:1f:3a:01:f4:af|0|3|0|0|0|0
7e:7d:33:fc:dc:a1|9|3|0|0|0|0
3e:aa:e4:7d:c7:53|0|1|0|0|0|0
ca:47:94:ab:55:23|0|1|0|0|0|0
f2:62:1b:cd:c2:d7|0|1|0|0|0|0
12:aa:93:26:62:7a|0|3|0|0|0|0
86:59:89:8c:bc:d2|6|6|0|0|0|0
ea:d1:eb:ca:87:39|1|3|0|0|0|0
62:f0:f8:50:65:5b|0|2|0|0|0|0
14:d1:69:fe:ea:82|0|1|0|0|0|0
ea:17:c5:a7:ed:79|0|3|0|0|0|0
f6:ff:75:f5:06:69|9|3|0|0|0|0
82:7b:74:6f:2c:9b|0|7|0|0|0|0
a2:4d:06:9c:32:07|1|6|0|0|0|0
1a:94:05:57:cf:61|1|4|0|0|0|0
76:93:1e:95:10:1d|2|6|0|0|0|0
