30
b4:e6:2d:f6:b6:a5
d8:b6:b7:7a:3a:61|1239|0|18|57|2137|1600
ff:ff:ff:ff:ff:ff|0|3512|0|9|0|1117
68:02:b8:1e:7f:1f|1236|0|21|0|2327|0
6a:02:98:1e:7f:1f|1234|0|0|0|0|0
bc:54:51:02:a4:f0|0|0|22|2|752|52
0e:26:0a:2f:38:6b|0|0|11|2|264|52
a4:3e:a0:a4:2a:46|0|117|0|0|0|0
80:58:f8:93:88:29|0|0|0|5|0|521
70:ee:50:73:4e:36|0|0|14|0|364|0
b0:95:75:4b:b9:26|0|0|0|14|0|364
e6:35:23:4e:ab:99|0|0|8|2|200|52
26:17:dc:59:74:f7|0|0|16|2|384|52
01:00:5e:00:00:fb|0|0|0|2|0|434
33:33:00:00:00:fb|0|0|0|2|0|474
2e:7a:92:49:74:63|0|5|0|0|0|0
33:33:00:00:00:16|0|0|0|2|0|256
01:00:5e:00:00:16|0|0|0|1|0|92
b4:e6:2d:f6:b6:a5|0|1|0|4|0|482
1a:87:40:0d:2c:bc|0|20|0|0|0|0
c8:66:5d:1f:4f:54|0|19|0|0|0|0
01:00:5e:00:00:01|0|0|0|1|0|88
9c:5d:12:d7:43:d4|0|6|0|0|0|0
00:0c:e7:bb:5d:fb|0|14|0|0|0|0
33:33:00:00:00:01|0|0|0|3|0|584
33:33:00:00:00:02|0|0|0|1|0|96
33:33:ff:1e:b6:60|0|0|0|1|0|112
2e:4e:8e:f7:4d:34|0|8|0|0|0|0
78:9f:70:2b:86:c6|1|0|0|0|0|0
ba:e9:d9:2c:a9:bd|0|1|0|0|0|0
d8:8c:79:90:f4:9b|0|7|0|0|0|0
