22
b4:e6:2d:f6:b6:a5
d8:b6:b7:7a:3a:61|1274|0|11|48|824|1380
ff:ff:ff:ff:ff:ff|0|3511|0|9|0|692
68:02:b8:1e:7f:1f|1229|0|16|0|1809|0
6a:02:98:1e:7f:1f|1229|0|0|0|0|0
bc:54:51:02:a4:f0|0|0|25|4|822|472
b4:e6:2d:f6:b6:a5|0|1|0|4|0|485
e6:35:23:4e:ab:99|0|0|9|2|222|52
a4:3e:a0:a4:2a:46|0|113|0|0|0|0
26:17:dc:59:74:f7|0|0|13|2|312|52
c8:66:5d:1f:4f:54|0|18|0|0|0|0
1a:87:40:4a:9b:69|0|7|0|0|0|0
8e:ce:84:5f:9c:42|2|13|0|0|0|0
9c:5d:12:d7:43:d4|0|6|0|0|0|0
f0:72:ea:da:42:c6|0|20|0|0|0|0
64:b3:10:aa:e3:3c|0|28|0|0|0|0
33:33:00:00:00:01|0|0|0|3|0|584
33:33:00:00:00:02|0|0|0|1|0|96
33:33:ff:1e:b6:60|0|0|0|1|0|112
0e:26:0a:2f:38:6b|0|0|1|0|24|0
a2:73:10:f5:69:9d|0|7|0|0|0|0
da:c3:35:28:c0:41|0|10|0|0|0|0
01:00:5e:00:00:01|0|0|0|1|0|88
