47
b4:e6:2d:f6:c8:79
90:9a:4a:80:85:9e|1185|0|0|0|0|0
ff:ff:ff:ff:ff:ff|0|3209|0|55|0|10176
90:9a:4a:80:71:9a|1075|8|24|41|2590|7113
20:aa:4b:5b:e6:4b|823|0|59|0|10645|0
68:ff:7b:c5:ca:c9|206|0|0|0|0|0
b4:e6:2d:f6:c8:79|0|2|0|3|0|376
28:6d:cd:09:2a:ea|0|0|25|4|5576|474
f2:b2:80:0a:ea:79|1|0|0|0|0|0
38:8b:59:29:24:78|2|0|0|0|0|0
30:07:4d:83:4d:ce|0|1|0|0|0|0
7c:2e:bd:f4:94:ee|5|0|0|0|0|0
f4:f5:d8:8d:f2:58|0|4|0|0|0|0
01:00:5e:00:00:fa|0|0|0|2|0|228
94:9f:3e:84:df:5a|23|4|0|0|0|0
48:5a:b6:22:0c:7e|1|36|0|0|0|0
c0:06:c3:8f:c7:99|4|8|6|8|453|798
72:ba:93:d7:c9:e7|0|4|0|0|0|0
22:48:f8:26:26:64|2|10|0|0|0|0
f0:ef:86:06:76:35|0|1|0|0|0|0
74:df:bf:45:ac:65|0|1|0|0|0|0
38:00:25:e8:2f:88|1|0|0|0|0|0
50:e0:85:84:55:94|3|19|0|0|0|0
fe:b4:f3:b0:3b:3d|1|0|0|0|0|0
