32
b4:e6:2d:f6:c8:79
90:9a:4a:80:71:9a|1228|9|40|65|5183|9199
ff:ff:ff:ff:ff:ff|0|2463|0|32|0|5551
20:aa:4b:5b:e6:4b|568|0|39|0|6962|0
68:ff:7b:c5:ca:c9|123|0|0|0|0|0
80:91:33:25:67:05|0|96|0|0|0|0
90:9a:4a:80:85:9e|692|0|4|0|318|0
38:8b:59:29:24:78|2|0|0|0|0|0
c0:06:c3:8f:c0:7b|5|10|12|8|1321|854
b4:e6:2d:f6:c8:79|0|3|0|3|0|376
28:6d:cd:09:2a:ea|0|0|31|23|6440|3287
c0:06:c3:8f:c7:99|4|8|8|4|702|474
9e:ab:89:2d:82:91|0|16|0|3|0|234
f0:ef:86:06:76:35|0|11|0|0|0|0
00:24:d6:f5:65:ef|0|1|0|0|0|0
01:00:5e:00:00:fb|0|0|0|5|0|1177
a4:50:46:4c:af:3b|0|0|14|2|736|192
f4:f5:d8:8d:f2:58|6|8|0|0|0|0
e4:5f:01:5c:9d:89|0|3|0|0|0|0
12:e8:29:e4:16:89|1|0|0|0|0|0
44:07:0b:2f:49:8b|6|0|0|0|0|0
44:07:0b:70:9e:93|3|0|0|0|0|0
00:08:03:bf:74:c3|0|1|0|0|0|0
54:60:09:e2:ee:aa|0|3|0|0|0|0
33:33:00:00:00:01|0|0|0|1|0|120
52:f7:a5:ea:38:5f|0|2|0|0|0|0
9e:c4:d0:17:02:93|0|5|0|0|0|0
58:ef:68:2a:26:ec|3|0|0|0|0|0
d6:00:55:bf:b9:46|0|1|0|0|0|0
01:00:5e:00:00:01|0|0|0|1|0|84
00:08:07:76:35:b7|0|2|0|0|0|0
01:00:5e:00:00:fa|0|0|0|1|0|114
44:07:0b:6c:b6:e3|1|0|0|0|0|0
