19
b4:e6:2d:f6:b6:a5
68:02:b8:1e:7f:1f|1256|0|13|0|2590|0
ff:ff:ff:ff:ff:ff|0|2311|0|3|0|270
6a:02:98:1e:7f:1f|1242|0|0|0|0|0
b4:e6:2d:f6:b6:a5|0|14|0|10|0|2320
a4:3e:a0:a4:2a:46|0|61|0|0|0|0
b0:ac:d2:04:78:ff|4|0|0|0|0|0
d8:b6:b7:7a:3a:61|1|0|0|0|0|0
c8:66:5d:1f:4f:54|0|18|0|0|0|0
70:ee:50:73:4e:36|0|0|4|0|102|0
44:fe:3b:a8:69:27|0|0|0|4|0|102
fa:db:78:85:b1:4c|0|6|0|0|0|0
64:b3:10:aa:e3:3c|0|18|0|0|0|0
10:1c:0c:1a:10:10|1|12|0|0|0|0
8e:ce:84:5f:9c:42|0|6|0|0|0|0
00:0c:e7:c4:3d:8e|0|24|0|0|0|0
00:0c:e7:36:0f:c7|0|12|0|0|0|0
f0:5c:77:1a:f1:64|0|6|0|0|0|0
9c:5d:12:d7:43:d4|0|6|0|0|0|0
a2:e6:1e:fd:67:aa|2|12|0|0|0|0
