21
b4:e6:2d:f6:b6:a5
6a:02:98:1e:7f:1f|1259|0|0|0|0|0
ff:ff:ff:ff:ff:ff|0|2374|0|2|0|152
68:02:b8:1e:7f:1f|1258|0|6|0|669|0
a4:3e:a0:a4:2a:46|0|112|0|0|0|0
44:fe:3b:06:5c:71|72|0|2|0|152|0
64:b3:10:aa:e3:3c|0|1|0|0|0|0
72:fe:3b:06:5c:73|9|0|0|0|0|0
10:1c:0c:1a:10:10|3|42|0|0|0|0
70:ee:50:73:4e:36|0|0|18|0|468|0
b0:95:75:4b:b9:26|0|0|0|18|0|468
58:b1:0f:56:36:08|0|25|0|0|0|0
b4:e6:2d:f6:b6:a5|0|1|0|6|0|669
2c:db:07:46:b4:19|0|4|0|0|0|0
9c:5d:12:d7:43:d4|0|6|0|0|0|0
ee:e1:d6:10:7a:c7|0|6|0|0|0|0
16:51:61:90:d7:79|0|3|0|0|0|0
c8:66:5d:1f:4f:54|0|6|0|0|0|0
58:91:cf:92:95:e6|0|6|0|0|0|0
ba:48:25:bd:69:0b|0|2|0|0|0|0
f0:72:ea:da:42:c6|0|6|0|0|0|0
f0:5c:77:1a:f1:64|0|7|0|0|0|0
