27
b4:e6:2d:f6:b6:a5
68:02:b8:1e:7f:1f|1243|0|241|0|78325|0
ff:ff:ff:ff:ff:ff|0|3365|0|145|0|43174
6a:02:98:1e:7f:1f|1239|0|0|0|0|0
d8:b6:b7:7a:3a:61|1105|0|7|35|244|1070
a4:3e:a0:a4:2a:46|0|123|0|0|0|0
f0:72:ea:da:42:c6|0|3|0|0|0|0
01:00:5e:7f:ff:fa|0|0|0|60|0|30806
bc:54:51:02:a4:f0|0|0|19|1|678|26
0e:26:0a:2f:38:6b|0|0|8|2|192|52
e6:35:23:4e:ab:99|0|0|8|1|200|26
01:00:5e:00:00:01|0|0|0|1|0|88
b4:e6:2d:f6:b6:a5|0|2|0|4|0|482
76:87:21:87:bf:07|0|6|0|0|0|0
26:17:dc:59:74:f7|0|0|0|2|0|52
c8:66:5d:1f:4f:54|0|12|0|0|0|0
b6:4f:d4:5c:8d:bb|2|6|0|0|0|0
9c:5d:12:d7:43:d4|0|6|0|0|0|0
26:46:c8:78:5f:98|0|10|0|0|0|0
33:33:00:00:00:01|0|0|0|3|0|584
01:00:5e:00:00:fb|0|0|0|11|0|1243
33:33:00:00:00:fb|0|0|0|8|0|992
33:33:00:01:00:03|0|0|0|4|0|472
01:00:5e:00:00:fc|0|0|0|4|0|392
46:48:9d:d8:4b:68|2|20|0|0|0|0
64:b3:10:aa:e3:3c|0|20|0|0|0|0
4e:9b:05:55:9f:ce|2|20|0|0|0|0
01:00:5e:00:00:16|0|0|0|2|0|180
