35
b4:e6:2d:f6:c8:79
90:9a:4a:80:85:9e|292|1|39|151|15343|3624
ff:ff:ff:ff:ff:ff|0|1565|0|8|0|857
90:9a:4a:80:71:9a|1186|4|18|34|2397|2416
20:aa:4b:5b:e6:4b|102|0|10|1|1053|26
1a:a5:c3:61:4f:b6|1|0|17|0|408|0
68:ff:7b:c5:ca:c9|30|0|0|17|0|408
9e:ab:89:2d:82:91|1|7|151|6|3624|468
54:2a:a2:73:c6:e9|4|12|0|0|0|0
b4:e6:2d:f6:c8:79|0|2|0|10|0|1265
c0:06:c3:8f:c7:99|0|0|10|5|1076|589
ee:1c:52:13:2e:78|5|3|0|0|0|0
01:00:5e:7f:ff:fa|0|0|0|32|0|14791
50:e0:85:84:55:94|2|7|0|0|0|0
44:07:0b:2f:49:8b|4|0|0|0|0|0
7c:2e:bd:f4:94:ee|6|0|0|0|0|0
a4:50:46:4c:af:3b|0|0|16|1|894|181
22:48:f8:26:26:64|0|3|0|0|0|0
c0:06:c3:8f:c0:7b|4|5|4|1|221|181
01:00:5e:00:00:01|0|0|0|2|0|160
28:6d:cd:09:2a:ea|0|0|4|1|225|181
00:1d:c9:07:2b:f1|8|0|0|0|0|0
fa:06:52:4e:0b:c9|0|3|0|0|0|0
