17
b4:e6:2d:f6:b6:a5
6a:02:98:1e:7f:1f|1253|0|0|0|0|0
ff:ff:ff:ff:ff:ff|0|2355|0|245|0|23268
68:02:b8:1e:7f:1f|1253|0|278|12|29572|312
01:00:5e:7f:ff:fa|0|0|0|30|0|5882
70:ee:50:73:4e:36|0|0|24|0|618|0
b0:95:75:4b:b9:26|0|0|0|24|0|618
b4:e6:2d:f6:b6:a5|0|1|0|5|0|574
80:1f:02:b4:07:ae|0|0|12|0|312|0
5c:f5:da:55:8b:f6|0|7|0|0|0|0
44:fe:3b:06:5c:71|61|0|2|0|152|0
a4:3e:a0:a4:2a:46|0|124|0|0|0|0
72:fe:3b:06:5c:73|4|0|0|0|0|0
10:1c:0c:1a:10:10|2|30|0|0|0|0
2c:db:07:46:b4:19|0|7|0|0|0|0
d2:36:b8:43:9d:48|0|6|0|0|0|0
1a:87:40:c1:92:d1|0|38|0|0|0|0
f0:5c:77:1a:f1:64|0|5|0|0|0|0
