25
b4:e6:2d:f6:b6:a5
68:02:b8:1e:7f:1f|1263|0|13|0|2558|0
ff:ff:ff:ff:ff:ff|0|2423|0|4|0|376
6a:02:98:1e:7f:1f|1235|0|0|0|0|0
02:aa:3f:a7:c9:b1|52|0|0|0|0|0
58:b1:0f:56:36:08|0|12|0|0|0|0
26:a4:fd:80:ba:d6|0|12|0|0|0|0
a4:3e:a0:a4:2a:46|0|114|0|0|0|0
b4:e6:2d:f6:b6:a5|0|1|0|5|0|654
02:aa:3f:a7:c9:b2|64|0|12|0|2250|0
01:00:5e:00:00:fb|0|0|0|4|0|954
33:33:00:00:00:fb|0|0|0|2|0|552
33:33:00:00:00:0c|0|0|0|2|0|1088
33:33:ff:02:17:66|0|0|0|5|0|600
5c:f8:21:84:a4:31|0|4|0|0|0|0
10:1c:0c:1a:10:10|2|29|0|0|0|0
ea:d6:50:bd:0e:2d|0|1|0|0|0|0
dc:bd:7a:1e:22:bd|2|0|1|0|96|0
7c:16:89:dc:01:46|0|2|0|1|0|96
d2:62:f9:ae:7c:26|0|1|0|0|0|0
64:b3:10:aa:e3:3c|0|6|0|0|0|0
76:bd:dd:26:aa:e7|1|6|0|0|0|0
aa:6a:57:6f:c7:10|0|1|0|0|0|0
92:60:e1:3c:c7:91|0|1|0|0|0|0
33:33:00:00:00:01|0|0|0|3|0|584
