30
b4:e6:2d:f6:b6:a5
68:02:b8:1e:7f:1f|1353|0|306|0|59298|0
ff:ff:ff:ff:ff:ff|0|2355|0|299|0|58262
6a:02:98:1e:7f:1f|1283|0|0|0|0|0
b4:e6:2d:f6:b6:a5|0|1|0|2|0|264
70:ee:50:73:4e:36|0|0|16|0|412|0
b0:95:75:4b:b9:26|0|0|0|16|0|412
36:ca:d1:4b:d4:be|6|12|0|0|0|0
88:9f:6f:ab:69:ae|0|18|0|0|0|0
a4:3e:a0:a4:2a:46|0|106|0|0|0|0
44:fe:3b:06:5c:71|37|0|0|0|0|0
c6:b6:e5:1b:d6:5d|0|2|0|0|0|0
01:80:c2:00:00:0e|0|0|0|2|0|188
92:3e:bd:f7:2d:21|0|6|0|0|0|0
10:1c:0c:1a:10:10|3|30|0|0|0|0
ca:33:34:73:f9:a6|0|3|0|0|0|0
f6:40:ca:2e:e6:f1|0|18|0|0|0|0
9a:1b:55:42:3b:bf|0|4|0|0|0|0
0e:ab:08:19:59:e5|0|3|0|0|0|0
56:8f:65:ad:da:28|0|1|0|0|0|0
8a:5d:95:71:3b:41|0|2|0|0|0|0
02:07:d4:04:05:5e|0|13|0|0|0|0
2c:db:07:46:b4:19|0|3|0|0|0|0
dc:41:a9:b1:30:a0|0|69|0|0|0|0
26:7d:78:32:23:68|0|4|0|0|0|0
8a:d8:1b:c8:6e:bc|0|1|0|0|0|0
c8:66:5d:1f:4f:54|0|6|0|0|0|0
d8:8c:79:90:f4:9b|0|6|0|0|0|0
64:b3:10:aa:e3:3c|0|12|0|0|0|0
f0:5c:77:1a:f1:64|0|7|0|0|0|0
33:33:00:00:00:01|0|0|0|3|0|584
