45
b4:e6:2d:f6:c8:79
90:9a:4a:80:71:9a|1377|7|12|60|1106|4357
ff:ff:ff:ff:ff:ff|0|3767|0|54|0|10253
20:aa:4b:5b:e6:4b|857|0|79|87|15770|2470
90:9a:4a:80:85:9e|933|0|3|0|264|0
68:ff:7b:c5:ca:c9|849|0|1|0|78|0
20:1f:3b:3a:bb:3d|48|107|0|0|0|0
a0:2c:36:28:1e:19|0|33|0|0|0|0
ac:67:84:5b:07:e3|2|79|0|0|0|0
44:07:0b:60:bf:75|3|0|0|0|0|0
10:fe:ed:dd:08:06|1|0|0|0|0|0
33:33:00:00:00:0c|0|0|0|16|0|3360
e6:1d:78:73:e4:e3|0|0|87|0|2470|0
01:00:5e:00:00:fb|0|0|0|6|0|1809
4c:66:41:95:c1:aa|0|1|0|0|0|0
c0:06:c3:8f:c7:99|0|0|6|1|399|78
a4:50:46:4c:af:3b|2|4|41|4|2796|312
ec:5c:68:84:b1:4b|5|21|0|0|0|0
28:6d:cd:09:2a:ea|0|0|3|0|78|0
44:07:0b:2f:49:8b|8|0|0|0|0|0
c0:06:c3:8f:c0:7b|5|11|10|2|1084|156
33:33:00:00:00:01|0|0|0|1|0|120
b4:75:0e:da:6c:72|3|0|0|0|0|0
b4:75:0e:da:6c:73|2|0|0|0|0|0
b4:e6:2d:f6:c8:79|0|3|0|5|0|560
08:9e:08:bc:6c:2b|0|2|0|0|0|0
e4:5f:01:5c:9d:89|0|3|0|0|0|0
01:00:5e:00:00:01|0|0|0|1|0|84
44:07:0b:6c:b6:e3|3|0|0|0|0|0
9e:0d:52:4b:11:9b|0|3|0|0|0|0
e4:a4:71:cf:cc:bd|0|2|0|0|0|0
1c:bf:ce:e3:fb:45|0|3|0|0|0|0
01:00:5e:00:00:fa|0|0|0|2|0|228
b8:27:eb:81:9a:d6|0|2|0|0|0|0
3c:8d:20:4f:d8:e9|4|0|0|0|0|0
1a:a5:c3:61:4f:b6|0|3|0|1|0|78
34:c0:59:00:a0:8f|0|1|0|0|0|0
c6:dc:b5:72:b8:2f|0|2|0|0|0|0
34:cf:f6:83:7c:87|1|0|0|0|0|0
54:60:09:e2:ee:aa|0|17|0|0|0|0
9e:ab:89:2d:82:91|0|12|0|2|0|180
00:08:07:76:35:b7|0|1|0|0|0|0
bc:83:85:f2:36:bf|0|4|0|0|0|0
f0:ef:86:06:76:35|0|5|0|0|0|0
a4:77:33:63:f5:7e|0|4|0|0|0|0
f4:f5:d8:8d:f2:58|0|6|0|0|0|0
