60
b4:e6:2d:f6:c8:79
68:ff:7b:c5:ca:c9|68|0|12|45|2021|1080
ff:ff:ff:ff:ff:ff|0|2207|0|31|0|5418
90:9a:4a:80:71:9a|1296|6|10|29|934|1956
90:9a:4a:80:85:9e|507|0|387|6|205774|144
c0:06:c3:8f:c7:99|0|0|7|1|423|78
20:aa:4b:5b:e6:4b|483|0|43|0|7644|0
1a:a5:c3:61:4f:b6|0|0|45|1|1080|78
01:00:5e:00:00:fa|0|0|0|1|0|114
9e:ab:89:2d:82:91|0|17|6|368|144|196606
88:3d:24:10:7e:ce|0|1|0|0|0|0
f0:ef:86:06:76:35|0|1|0|0|0|0
e4:95:6e:44:bb:96|2|0|0|0|0|0
f4:f5:d8:8d:f2:58|0|1|0|0|0|0
e6:1d:78:73:e4:e3|0|9|0|0|0|0
da:a1:19:ea:ea:ea|0|1|0|0|0|0
1c:bf:ce:e3:fb:45|0|16|0|0|0|0
01:00:5e:7f:ff:fa|0|0|0|18|0|9084
fe:12:42:6a:a5:d3|2|6|0|0|0|0
33:33:00:00:00:16|0|0|0|3|0|432
d6:68:81:85:17:18|0|4|0|0|0|0
74:eb:80:1d:42:94|8|8|0|0|0|0
a4:50:46:4c:af:3b|0|0|9|2|518|156
ec:5c:68:84:b1:4b|2|14|0|0|0|0
28:6d:cd:09:2a:ea|1|3|3|0|78|0
48:5a:b6:22:0c:7e|0|16|0|0|0|0
44:07:0b:70:9e:93|4|0|0|0|0|0
b4:e6:2d:f6:c8:79|0|3|0|4|0|454
c0:06:c3:8f:c0:7b|5|8|10|3|937|246
26:43:b4:2d:3d:1d|1|8|0|0|0|0
34:f6:4b:e3:9c:e8|0|11|0|0|0|0
a6:23:9c:e5:b4:cb|2|0|0|0|0|0
e6:77:14:4c:cc:33|0|0|0|7|0|1099
8c:70:5a:60:0e:bc|5|4|0|0|0|0
92:be:6a:05:61:23|1|3|0|0|0|0
f4:f2:6d:90:44:3c|1|0|0|0|0|0
cc:f4:11:a1:a0:2c|0|1|0|0|0|0
44:46:87:a9:e4:4b|0|1|0|0|0|0
33:33:00:00:00:0c|0|0|0|8|0|1680
ba:8c:ef:9c:d2:25|2|0|0|0|0|0
10:fe:ed:dd:08:06|3|0|0|0|0|0
b2:04:9e:da:87:c7|0|1|0|0|0|0
20:1f:3b:3a:bb:3d|3|0|0|0|0|0
44:07:0b:2f:49:8b|10|0|0|0|0|0
b8:27:eb:81:9a:d6|0|2|0|0|0|0
01:00:5e:00:00:fb|0|0|0|4|0|844
96:e7:ae:27:7d:8e|0|3|0|0|0|0
ac:d6:18:05:2a:70|5|13|0|0|0|0
22:7c:7d:f0:58:44|1|9|0|0|0|0
be:b8:de:dd:3a:b0|3|12|0|0|0|0
46:3b:78:62:ec:7e|1|7|0|0|0|0
4a:52:c5:d0:f4:5a|2|6|0|0|0|0
8a:6d:f3:2e:d0:6f|1|1|0|0|0|0
01:00:5e:00:00:01|0|0|0|1|0|84
e6:09:33:6a:b6:d7|0|3|0|0|0|0
44:07:0b:60:bf:75|1|0|0|0|0|0
5e:00:9c:9a:21:4e|2|6|0|0|0|0
74:df:bf:45:ac:65|0|1|0|0|0|0
e4:5f:01:5c:9d:89|0|1|0|0|0|0
fa:e4:a0:68:69:82|2|7|0|0|0|0
54:60:09:e2:ee:aa|0|3|0|0|0|0
