33
b4:e6:2d:f6:b6:a5
68:02:b8:1e:7f:1f|1253|0|177|0|18021|0
ff:ff:ff:ff:ff:ff|0|3495|0|148|0|13912
6a:02:98:1e:7f:1f|1249|0|0|0|0|0
d8:b6:b7:7a:3a:61|1273|0|16|94|1728|2433
b4:e6:2d:f6:b6:a5|0|2|0|6|0|749
e6:35:23:4e:ab:99|0|0|9|2|224|52
26:17:dc:59:74:f7|4|11|52|2|1248|52
bc:54:51:02:a4:f0|0|0|23|5|721|468
0e:26:0a:2f:38:6b|0|0|10|2|240|52
01:00:5e:7f:ff:fa|0|0|0|8|0|2016
70:ee:50:73:4e:36|0|0|62|0|1604|0
b0:95:75:4b:b9:26|0|0|0|62|0|1604
a4:3e:a0:a4:2a:46|0|121|0|0|0|0
1a:3a:8a:0b:70:9b|0|9|0|0|0|0
8e:ce:84:5f:9c:42|1|7|0|0|0|0
86:f3:85:74:2f:c2|0|9|0|0|0|0
d8:8c:79:90:f4:9b|0|7|0|0|0|0
01:00:5e:00:00:01|0|0|0|1|0|88
c8:66:5d:1f:4f:54|0|12|0|0|0|0
6e:a7:da:c7:ce:c1|0|7|0|0|0|0
f0:5c:77:1a:f1:64|0|7|0|0|0|0
10:8e:e0:22:17:e8|0|7|0|0|0|0
f0:72:ea:da:42:c6|0|7|0|0|0|0
33:33:00:00:00:01|0|0|0|3|0|584
01:00:5e:00:00:fb|0|0|0|4|0|416
33:33:00:00:00:fb|0|0|0|4|0|496
33:33:00:01:00:03|0|0|0|4|0|472
01:00:5e:00:00:fc|0|0|0|4|0|392
dc:41:a9:b1:30:a0|0|3|0|0|0|0
ba:9f:31:f7:09:ae|0|43|0|0|0|0
76:ac:ca:bb:d2:ab|0|7|0|0|0|0
64:b3:10:aa:e3:3c|0|12|0|0|0|0
c2:aa:59:cf:17:a9|0|14|0|0|0|0
