25
b4:e6:2d:f6:b6:a5
68:02:b8:1e:7f:1f|1221|0|6|0|974|0
ff:ff:ff:ff:ff:ff|0|2733|0|0|0|0
6a:02:98:1e:7f:1f|1220|0|0|0|0|0
d8:b6:b7:7a:3a:61|430|0|5|58|634|1626
b4:e6:2d:f6:b6:a5|0|1|0|3|0|390
26:17:dc:59:74:f7|0|0|16|0|384|0
0e:26:0a:2f:38:6b|0|0|13|0|312|0
e6:35:23:4e:ab:99|0|0|8|2|200|52
a4:3e:a0:a4:2a:46|0|55|0|0|0|0
70:ee:50:73:4e:36|0|0|44|0|1138|0
b0:95:75:4b:b9:26|0|0|0|44|0|1138
bc:54:51:02:a4:f0|0|0|21|0|730|0
c8:66:5d:1f:4f:54|0|18|0|0|0|0
1a:87:40:3f:0d:be|0|12|0|0|0|0
5e:b8:58:0e:5b:87|0|2|0|0|0|0
8c:8d:28:f7:44:4b|0|7|0|0|0|0
da:a1:19:c9:3d:8d|0|21|0|0|0|0
33:33:00:00:00:01|0|0|0|3|0|584
aa:72:59:38:31:01|0|7|0|0|0|0
9c:5d:12:d7:43:d4|0|6|0|0|0|0
6e:bb:6e:f0:ea:a5|0|2|0|0|0|0
f0:5c:77:1a:f1:64|0|7|0|0|0|0
01:00:5e:00:00:fb|0|0|0|1|0|217
33:33:00:00:00:fb|0|0|0|1|0|237
33:33:00:00:00:16|0|0|0|1|0|128
