22
b4:e6:2d:f6:b6:a5
68:02:b8:1e:7f:1f|1249|0|434|15|78943|390
ff:ff:ff:ff:ff:ff|0|2366|0|272|0|26135
6a:02:98:1e:7f:1f|1246|0|0|0|0|0
01:00:5e:7f:ff:fa|0|0|0|120|0|42718
b4:e6:2d:f6:b6:a5|0|2|0|5|0|654
a4:3e:a0:a4:2a:46|0|59|0|0|0|0
80:1f:02:b4:07:ae|1|12|15|0|390|0
80:58:f8:93:88:29|13|6|0|0|0|0
01:00:5e:00:00:fb|0|0|0|15|0|4182
c8:66:5d:1f:4f:54|0|12|0|0|0|0
fe:6e:2b:d3:bd:92|1|0|0|0|0|0
06:93:5b:0a:58:38|2|0|0|0|0|0
76:71:52:2f:c2:3e|1|0|0|0|0|0
3a:93:9c:b2:7d:85|2|12|0|0|0|0
02:00:00:00:00:00|2|30|0|0|0|0
33:33:00:00:00:01|0|0|0|3|0|584
33:33:00:00:00:02|0|0|0|1|0|96
33:33:ff:1e:b6:60|0|0|0|1|0|112
64:b3:10:aa:e3:3c|0|18|0|0|0|0
33:33:00:00:00:fb|0|0|0|11|0|3854
33:33:00:00:00:16|0|0|0|2|0|248
01:00:5e:00:00:16|0|0|0|4|0|360
