38
b4:e6:2d:f6:b6:a5
d8:b6:b7:7a:3a:61|1323|0|14|44|1809|1288
ff:ff:ff:ff:ff:ff|0|3525|0|138|0|13528
68:02:b8:1e:7f:1f|1296|8|217|38|46893|1690
6a:02:98:1e:7f:1f|1277|0|0|0|0|0
b4:e6:2d:f6:b6:a5|0|2|0|3|0|390
b2:5c:c5:f0:ef:51|2|0|0|0|0|0
e6:35:23:4e:ab:99|0|0|8|2|200|52
70:ee:50:73:4e:36|0|0|10|0|260|0
b0:95:75:4b:b9:26|0|0|0|10|0|260
c8:66:5d:1f:4f:54|0|12|0|0|0|0
33:33:00:00:00:01|0|0|0|4|0|816
33:33:00:00:00:02|0|0|0|1|0|96
33:33:ff:1e:b6:60|0|0|0|1|0|112
cc:88:26:2e:80:83|0|7|0|0|0|0
3e:96:97:ca:c5:62|0|2|0|0|0|0
01:00:5e:7f:ff:fa|0|0|0|64|0|31822
2c:0e:3d:ac:4c:05|1|1|13|0|322|0
62:d1:82:c4:82:6b|1|12|0|0|0|0
a4:3e:a0:a4:2a:46|0|120|0|0|0|0
54:2a:a2:48:a3:f0|0|92|0|0|0|0
bc:54:51:02:a4:f0|0|0|20|2|704|52
78:9f:70:2b:86:c6|3|6|0|0|0|0
f2:d8:99:fd:d3:01|0|15|0|0|0|0
