43
b4:e6:2d:f6:b6:a5
68:02:b8:1e:7f:1f|1270|0|36|0|6782|0
ff:ff:ff:ff:ff:ff|0|2355|0|2|0|170
6a:02:98:1e:7f:1f|1267|0|0|0|0|0
44:fe:3b:06:5c:71|101|0|2|0|170|0
46:b1:55:21:ce:ba|0|3|0|0|0|0
a4:3e:a0:a4:2a:46|0|100|0|0|0|0
26:fe:62:fc:55:28|0|6|0|0|0|0
f0:72:ea:da:42:c6|0|12|0|0|0|0
ba:e8:b0:8b:38:bf|0|2|0|0|0|0
92:92:18:20:86:c4|0|1|0|0|0|0
70:ee:50:73:4e:36|0|0|3|0|78|0
b0:95:75:4b:b9:26|0|0|0|3|0|78
72:fe:3b:06:5c:73|3|0|0|0|0|0
1e:76:ca:de:98:00|0|1|0|0|0|0
b4:e6:2d:f6:b6:a5|0|2|0|4|0|482
2e:be:20:af:db:d9|0|3|0|0|0|0
32:59:96:dd:86:10|0|2|0|0|0|0
01:00:5e:00:00:fb|0|0|0|11|0|2365
33:33:00:00:00:fb|0|0|0|11|0|2585
1a:87:40:6d:ee:8d|0|41|0|0|0|0
7a:f2:6d:48:29:b6|0|5|0|0|0|0
de:1a:05:09:6b:f8|0|2|0|0|0|0
b2:1a:5d:55:fa:fa|0|2|0|0|0|0
f0:5c:77:1a:f1:64|0|1|0|0|0|0
10:1c:0c:1a:10:10|2|0|0|0|0|0
2c:db:07:46:b4:19|0|5|0|0|0|0
0e:1a:38:6b:3c:a3|0|2|0|0|0|0
dc:dc:e2:b9:25:18|0|4|0|0|0|0
33:33:00:00:00:16|0|0|0|4|0|496
01:00:5e:00:00:16|0|0|0|3|0|270
0a:54:19:4d:2d:e7|0|2|0|0|0|0
86:23:16:38:2e:93|0|2|0|0|0|0
de:68:22:b6:aa:7d|0|1|0|0|0|0
7c:2e:dd:52:86:e9|0|42|0|0|0|0
de:ba:b1:37:e5:a2|0|12|0|0|0|0
4a:34:a7:f3:85:39|0|4|0|0|0|0
d8:8c:79:90:f4:9b|0|12|0|0|0|0
33:33:00:00:00:01|0|0|0|3|0|584
be:77:a6:e2:af:b5|0|2|0|0|0|0
c8:66:5d:1f:4f:54|0|6|0|0|0|0
66:be:bf:f0:63:c0|0|5|0|0|0|0
1e:db:e5:f9:36:6c|0|5|0|0|0|0
96:14:de:15:98:42|0|1|0|0|0|0
