39
b4:e6:2d:f6:c8:79
90:9a:4a:80:71:9a|1274|13|39|53|4814|7665
ff:ff:ff:ff:ff:ff|0|2454|0|5|0|817
28:6d:cd:09:2a:ea|0|0|24|5|5326|655
90:9a:4a:80:85:9e|1162|2|10|156|870|6514
9e:ab:89:2d:82:91|2|28|156|9|6514|786
20:aa:4b:5b:e6:4b|93|0|5|0|817|0
b4:e6:2d:f6:c8:79|0|4|0|4|0|557
06:70:7e:24:53:26|1|3|0|0|0|0
f0:ef:86:21:66:5f|0|3|0|0|0|0
68:ff:7b:c5:ca:c9|58|0|0|0|0|0
c0:06:c3:8f:c7:99|6|12|11|5|1100|655
c0:06:c3:8f:c0:7b|6|12|4|19|275|2202
f0:f6:c1:d5:cb:42|0|6|0|0|0|0
2a:aa:ce:03:f2:ed|0|3|0|0|0|0
16:0e:42:22:a4:26|0|3|0|0|0|0
a4:50:46:4c:af:3b|1|1|14|6|964|745
7e:70:95:bd:ec:24|0|3|0|0|0|0
76:78:27:bc:20:c6|1|6|0|0|0|0
ec:5c:68:84:b1:4b|0|18|0|0|0|0
da:a1:19:b1:57:1d|2|12|0|0|0|0
bc:54:2f:5e:b7:f3|1|6|0|0|0|0
f2:9e:75:f6:f8:91|0|3|0|0|0|0
24:77:03:d4:12:38|4|14|0|0|0|0
f0:72:ea:ef:27:ca|6|0|0|0|0|0
44:07:0b:6c:b6:e3|1|0|0|0|0|0
b8:27:eb:81:9a:d6|1|3|0|0|0|0
b6:cb:85:7c:71:4b|1|0|0|0|0|0
b8:81:98:41:b1:49|0|3|0|0|0|0
be:67:74:de:a7:9b|0|3|0|0|0|0
56:cc:fa:05:a0:51|0|3|0|0|0|0
04:ea:56:43:69:3f|1|0|0|0|0|0
c2:00:ac:d6:92:04|0|3|0|0|0|0
f4:f5:d8:8d:f2:58|1|0|0|0|0|0
20:1f:3b:3a:bb:3d|4|0|0|0|0|0
1c:bf:ce:e3:fb:45|0|1|0|0|0|0
da:a1:19:57:82:57|1|0|0|0|0|0
01:00:5e:00:00:01|0|0|0|1|0|84
12:19:0a:6d:5d:18|0|3|0|0|0|0
20:f4:78:24:ce:e8|1|3|0|0|0|0
