42
b4:e6:2d:f6:c8:79
90:9a:4a:80:85:9e|1061|54|37|307|7877|7530
ff:ff:ff:ff:ff:ff|0|2542|0|67|0|6734
20:aa:4b:5b:e6:4b|373|0|71|0|7240|0
90:9a:4a:80:71:9a|1269|6|34|88|4602|10281
9e:ab:89:2d:82:91|4|15|226|4|5424|312
04:6c:59:1b:72:04|51|122|81|5|2106|390
48:5a:b6:22:0c:7e|1|8|0|0|0|0
80:91:33:25:67:05|0|37|0|0|0|0
b4:e6:2d:f6:c8:79|0|6|0|4|0|557
10:fe:ed:dd:08:06|93|0|0|0|0|0
54:2a:a2:73:c6:e9|1|46|0|0|0|0
28:6d:cd:09:2a:ea|0|0|28|5|6051|655
68:ff:7b:c5:ca:c9|31|0|1|0|84|0
c0:06:c3:8f:c0:7b|6|12|14|12|1673|1402
01:00:5e:7f:ff:fa|0|0|0|18|0|5797
50:e0:85:84:55:94|4|3|0|0|0|0
f2:b2:80:0a:ea:79|0|1|0|0|0|0
01:00:5e:00:00:fa|0|0|0|1|0|114
c0:06:c3:8f:c7:99|0|0|8|5|692|655
01:00:5e:00:00:fb|0|0|0|4|0|790
74:eb:80:1d:42:94|2|3|0|0|0|0
a4:50:46:4c:af:3b|0|2|38|8|1865|1333
00:08:03:bf:74:c3|0|1|0|0|0|0
01:00:5e:00:00:01|0|0|0|3|0|244
01:00:5e:00:00:16|0|0|0|3|0|264
33:33:00:00:00:16|0|0|0|4|0|556
da:a1:19:2d:89:28|3|15|0|0|0|0
16:e5:ad:70:0c:89|0|1|0|0|0|0
c2:cc:dd:ad:48:4d|1|0|0|0|0|0
ee:41:0b:c8:c8:dc|0|1|0|0|0|0
f0:ef:86:06:76:35|0|6|0|0|0|0
e4:5f:01:5c:9d:89|0|2|0|0|0|0
44:07:0b:70:9e:93|1|0|0|0|0|0
08:9e:08:bc:6c:2b|0|1|0|0|0|0
44:07:0b:2f:49:8b|3|0|0|0|0|0
e2:ac:89:43:c5:1c|0|1|0|0|0|0
00:08:07:76:35:b7|0|2|0|0|0|0
ea:b6:37:66:c1:dc|0|1|0|0|0|0
f0:ef:86:21:66:5f|0|1|0|0|0|0
54:60:09:e2:ee:aa|0|7|0|0|0|0
ee:ac:c7:e6:1a:17|0|5|0|0|0|0
f0:f6:c1:d5:cb:42|0|3|0|0|0|0
