34
b4:e6:2d:f6:c8:79
90:9a:4a:80:85:9e|1264|59|68|55|21025|1330
04:6c:59:1b:72:04|57|130|6|2|562|510
ff:ff:ff:ff:ff:ff|0|2485|0|4|0|480
90:9a:4a:80:71:9a|1248|15|18|190|1606|16298
a4:50:46:4c:af:3b|7|11|154|6|10607|516
48:5a:b6:22:0c:7e|2|13|0|0|0|0
68:ff:7b:c5:ca:c9|176|0|0|0|0|0
01:00:5e:7f:ff:fa|0|0|0|46|0|17692
b4:e6:2d:f6:c8:79|0|1|0|5|0|532
9e:ab:89:2d:82:91|2|18|50|2|1200|156
01:00:5e:00:00:fb|0|0|0|11|0|2271
20:f4:78:24:ce:e8|2|3|0|0|0|0
28:6d:cd:09:2a:ea|0|0|19|2|3995|156
c0:06:c3:8f:c7:99|4|8|8|2|702|156
20:1f:3b:3a:bb:3d|4|0|0|0|0|0
f0:ef:86:06:76:35|0|3|0|0|0|0
20:aa:4b:5b:e6:4b|11|0|0|0|0|0
7c:2e:bd:f4:94:ee|5|0|0|0|0|0
c0:06:c3:8f:c0:7b|4|8|9|3|994|246
44:07:0b:2f:49:8b|4|0|0|0|0|0
01:00:5e:00:00:01|0|0|0|1|0|84
01:00:5e:00:00:16|0|0|0|3|0|264
a8:6d:aa:73:88:1d|0|2|0|0|0|0
34:f6:4b:e3:9c:e8|2|8|0|0|0|0
84:d8:1b:29:48:82|1|0|0|0|0|0
a4:55:90:d9:a3:bc|1|3|0|0|0|0
da:a1:19:71:71:71|2|5|0|0|0|0
f0:f6:c1:d5:cb:42|0|6|0|0|0|0
f4:f5:d8:8d:f2:58|1|3|0|0|0|0
8c:c8:4b:4a:d9:d9|0|1|0|0|0|0
54:60:09:e2:ee:aa|0|3|0|0|0|0
24:77:03:d4:12:38|2|12|0|0|0|0
44:07:0b:70:9e:93|1|0|0|0|0|0
76:78:27:bc:20:c6|0|3|0|0|0|0
