38
b4:e6:2d:f6:c8:79
20:aa:4b:5b:e6:4b|711|0|41|20|6524|624
ff:ff:ff:ff:ff:ff|0|3013|0|43|0|6594
90:9a:4a:80:71:9a|1297|14|223|266|90516|97169
90:9a:4a:80:85:9e|750|1|11|31|935|744
a4:50:46:4c:af:3b|8|27|218|213|88554|89594
68:ff:7b:c5:ca:c9|445|0|0|0|0|0
34:c0:59:00:a0:8f|0|5|0|0|0|0
28:6d:cd:09:2a:ea|0|0|31|2|6995|156
f0:ef:86:06:76:35|0|11|0|0|0|0
b4:e6:2d:f6:c8:79|0|2|0|5|0|532
c0:06:c3:8f:c0:7b|4|8|11|2|1221|156
80:91:33:25:67:05|0|90|0|0|0|0
01:00:5e:00:00:01|0|0|0|2|0|160
20:1f:3b:3a:bb:3d|7|0|0|0|0|0
fa:82:92:37:ed:fe|0|4|0|0|0|0
f4:f5:d8:8d:f2:58|9|8|0|0|0|0
c0:06:c3:8f:c7:99|2|4|6|1|399|78
44:07:0b:70:9e:93|15|41|0|0|0|0
9e:ab:89:2d:82:91|1|4|31|5|744|471
e6:1d:78:73:e4:e3|0|0|20|0|624|0
9c:5a:81:3c:9b:3b|0|3|0|0|0|0
44:07:0b:6c:b6:e3|3|0|0|0|0|0
62:52:a9:3b:cc:36|0|2|0|0|0|0
33:33:00:00:00:01|0|0|0|1|0|120
b8:27:eb:81:9a:d6|0|4|0|0|0|0
08:9e:08:bc:6c:2b|0|4|0|0|0|0
44:07:0b:2f:49:8b|10|0|0|0|0|0
da:a1:19:71:71:71|1|10|0|0|0|0
72:19:88:04:87:4d|1|0|0|0|0|0
00:31:92:b2:52:69|0|1|0|0|0|0
7c:2e:bd:f4:94:ee|4|0|0|0|0|0
c6:dc:b5:72:b8:2f|0|1|0|0|0|0
01:00:5e:00:00:fa|0|0|0|1|0|114
54:60:09:01:a1:78|1|0|0|0|0|0
54:60:09:e2:ee:aa|0|4|0|0|0|0
20:f4:78:24:ce:e8|0|3|0|0|0|0
ca:9c:47:e6:58:8d|0|4|0|0|0|0
00:08:07:76:35:b7|0|1|0|0|0|0
