25
b4:e6:2d:f6:b6:a5
68:02:b8:1e:7f:1f|1283|8|439|2|258065|288
ff:ff:ff:ff:ff:ff|0|2352|0|20|0|1988
6a:02:98:1e:7f:1f|1258|0|0|0|0|0
c8:66:5d:1f:4f:54|0|18|0|0|0|0
01:00:5e:00:00:fb|0|0|0|38|0|9315
33:33:00:00:00:fb|0|0|0|36|0|9875
c6:df:8f:ef:98:11|0|6|0|0|0|0
70:ee:50:73:4e:36|0|0|2|0|52|0
44:fe:3b:a8:69:27|0|0|0|2|0|52
10:1c:0c:1a:10:10|16|54|2|318|288|233509
33:33:00:00:00:16|0|0|0|7|0|988
01:00:5e:00:00:02|0|0|0|2|0|160
a4:3e:a0:a4:2a:46|0|72|0|0|0|0
33:33:00:00:00:02|0|0|0|2|0|200
33:33:ff:47:43:51|0|0|0|1|0|120
33:33:ff:62:91:91|0|0|0|2|0|240
33:33:00:01:00:02|0|0|0|1|0|132
01:00:5e:00:00:16|0|0|0|4|0|360
33:33:00:00:00:01|0|0|0|3|0|584
33:33:ff:1e:b6:60|0|0|0|1|0|112
b4:e6:2d:f6:b6:a5|0|1|0|4|0|482
1a:87:40:ae:3e:1e|0|18|0|0|0|0
00:0c:e7:0e:a1:44|0|12|0|0|0|0
f0:5c:77:1a:f1:64|0|6|0|0|0|0
8e:ce:84:5f:9c:42|2|12|0|0|0|0
