31
b4:e6:2d:f6:b6:a5
68:02:b8:1e:7f:1f|1234|0|41|0|6379|0
ff:ff:ff:ff:ff:ff|0|3463|0|11|0|1144
6a:02:98:1e:7f:1f|1232|0|0|0|0|0
d8:b6:b7:7a:3a:61|1111|0|13|33|1326|910
70:2e:22:8d:72:74|123|0|3|0|719|0
5c:f8:21:84:a4:31|0|17|0|0|0|0
b4:e6:2d:f6:b6:a5|0|2|0|4|0|1016
a4:3e:a0:a4:2a:46|0|138|0|0|0|0
01:00:5e:00:00:01|0|0|0|1|0|80
e6:35:23:4e:ab:99|0|0|8|2|200|52
bc:54:51:02:a4:f0|0|0|6|3|254|262
f0:72:ea:da:42:c6|0|15|0|0|0|0
26:17:dc:59:74:f7|0|0|7|2|168|52
0e:26:0a:2f:38:6b|0|0|12|2|288|52
01:00:5e:00:00:fb|0|0|0|6|0|1186
33:33:00:00:00:fb|0|0|0|6|0|1306
d8:8c:79:90:f4:9b|0|3|0|0|0|0
64:b3:10:aa:e3:3c|0|23|0|0|0|0
4e:4c:03:68:b3:f6|0|6|0|0|0|0
01:00:5e:7f:ff:fa|0|0|0|1|0|471
2c:0e:3d:ac:4c:05|0|0|0|5|0|460
33:33:00:00:00:16|0|0|0|2|0|248
01:00:5e:00:00:16|0|0|0|2|0|180
