55
b4:e6:2d:f6:c8:79
90:9a:4a:80:85:9e|1253|8|85|360|27694|8640
ff:ff:ff:ff:ff:ff|0|3581|0|66|0|12239
90:9a:4a:80:71:9a|1334|12|463|355|127732|145128
68:ff:7b:c5:ca:c9|235|0|0|0|0|0
20:aa:4b:5b:e6:4b|924|0|79|117|15313|3354
82:98:5c:8a:a8:60|0|6|117|0|3354|0
84:e3:42:4b:9d:4f|33|0|0|0|0|0
20:1f:3b:3a:bb:3d|55|144|0|0|0|0
b4:e6:2d:f6:c8:79|0|1|0|15|0|1888
01:00:5e:00:00:fb|0|0|0|10|0|2764
01:00:5e:7f:ff:fa|0|0|0|81|0|27382
28:6d:cd:09:2a:ea|0|0|31|15|6904|1860
9e:ab:89:2d:82:91|8|14|360|4|8640|312
48:d6:d5:7c:5a:40|2|0|0|0|0|0
80:91:33:25:67:05|17|48|0|0|0|0
00:08:07:76:35:b7|0|2|0|0|0|0
ce:2a:f0:7d:4a:a4|0|3|0|0|0|0
5c:5f:67:4a:d7:b0|1|0|0|0|0|0
44:07:0b:70:9e:93|8|0|0|0|0|0
4a:c4:09:3c:f3:38|1|4|0|0|0|0
c0:06:c3:8f:c0:7b|8|12|9|21|925|2455
94:9f:3e:84:df:5a|11|2|0|0|0|0
50:e0:85:84:55:94|2|17|0|0|0|0
c0:06:c3:8f:c7:99|3|10|3|17|126|2112
54:60:09:01:a1:78|1|0|0|0|0|0
44:07:0b:6c:b6:e3|3|0|0|0|0|0
a4:50:46:4c:af:3b|1|1|312|395|137173|119417
44:07:0b:2f:49:8b|13|0|0|0|0|0
b8:27:eb:81:9a:d6|1|6|0|0|0|0
3c:8d:20:4f:d8:e9|6|0|0|0|0|0
38:8b:59:29:24:78|2|0|0|0|0|0
da:e3:4f:f2:32:ff|0|3|0|0|0|0
01:00:5e:00:00:01|0|0|0|1|0|76
f4:f5:d8:8d:f2:58|13|3|0|0|0|0
b6:8e:b3:ad:b0:bd|2|12|0|0|0|0
20:df:b9:ac:28:3b|3|0|0|0|0|0
24:77:03:d4:12:38|5|19|0|0|0|0
44:07:0b:60:bf:75|3|0|0|0|0|0
01:00:5e:00:00:fa|0|0|0|1|0|114
e2:f3:5c:3e:9a:5e|2|3|0|0|0|0
da:a1:19:b7:97:4a|0|1|0|0|0|0
d8:47:32:54:de:63|1|4|0|0|0|0
84:d8:1b:29:48:82|1|0|0|0|0|0
12:00:fa:95:39:e8|0|3|0|0|0|0
f0:5c:77:12:21:75|0|1|0|0|0|0
08:9e:08:bc:6c:2b|0|3|0|0|0|0
