22
b4:e6:2d:f6:b6:a5
68:02:b8:1e:7f:1f|1247|0|29|0|5540|0
ff:ff:ff:ff:ff:ff|0|2373|0|3|0|228
6a:02:98:1e:7f:1f|1247|0|0|0|0|0
b4:e6:2d:f6:b6:a5|0|1|0|3|0|390
72:fe:3b:06:5c:73|9|0|0|0|0|0
70:ee:50:73:4e:36|0|0|27|0|702|0
b0:95:75:4b:b9:26|0|0|0|27|0|702
44:fe:3b:06:5c:71|69|0|3|0|228|0
a4:3e:a0:a4:2a:46|0|120|0|0|0|0
10:1c:0c:1a:10:10|3|7|0|0|0|0
f0:5c:77:1a:f1:64|0|3|0|0|0|0
01:00:5e:00:00:fb|0|0|0|7|0|1669
33:33:00:00:00:fb|0|0|0|7|0|1809
33:33:00:00:00:16|0|0|0|4|0|496
01:00:5e:00:00:16|0|0|0|4|0|360
33:33:00:00:00:01|0|0|0|4|0|816
0e:89:83:b4:e2:59|0|1|0|0|0|0
1a:87:40:e8:18:29|0|45|0|0|0|0
2c:db:07:46:b4:19|0|2|0|0|0|0
ce:3d:f9:a5:b6:7d|0|6|0|0|0|0
c8:66:5d:1f:4f:54|0|6|0|0|0|0
64:b3:10:aa:e3:3c|0|11|0|0|0|0
