24
b4:e6:2d:f6:b6:a5
68:02:b8:1e:7f:1f|1260|0|410|0|99944|0
ff:ff:ff:ff:ff:ff|0|2344|0|305|0|58633
6a:02:98:1e:7f:1f|1250|0|0|0|0|0
b4:e6:2d:f6:b6:a5|0|1|0|5|0|577
54:2a:a2:48:a3:f0|0|42|0|0|0|0
a4:3e:a0:a4:2a:46|0|54|0|0|0|0
10:1c:0c:1a:10:10|0|21|0|0|0|0
70:ee:50:73:4e:36|0|0|11|0|286|0
44:fe:3b:a8:69:27|0|0|0|11|0|286
01:00:5e:7f:ff:fa|0|0|0|60|0|30806
64:b3:10:aa:e3:3c|0|6|0|0|0|0
c8:66:5d:1f:4f:54|0|6|0|0|0|0
2c:33:7a:7f:1d:55|0|18|0|0|0|0
33:33:ff:a5:4e:19|0|0|0|1|0|120
33:33:00:00:00:02|0|0|0|1|0|96
33:33:ff:47:43:51|0|0|0|1|0|120
33:33:ff:74:b8:10|0|0|0|3|0|360
33:33:00:00:00:16|0|0|0|2|0|448
01:00:5e:00:00:fb|0|0|0|14|0|3904
33:33:00:00:00:fb|0|0|0|13|0|4074
01:00:5e:00:00:02|0|0|0|1|0|90
33:33:00:01:00:02|0|0|0|1|0|132
33:33:00:00:00:01|0|0|0|3|0|584
1a:87:40:29:68:08|0|18|0|0|0|0
