50
b4:e6:2d:f6:c8:79
90:9a:4a:80:71:9a|1343|7|10|27|1498|2335
ff:ff:ff:ff:ff:ff|0|2056|0|4|0|680
90:9a:4a:80:85:9e|800|0|10|2|1014|48
b4:e6:2d:f6:c8:79|0|4|0|5|0|560
68:ff:7b:c5:ca:c9|62|0|1|0|84|0
20:aa:4b:5b:e6:4b|86|0|5|26|890|676
00:08:10:80:dc:7a|0|2|0|0|0|0
f4:f5:d8:8d:f2:58|4|11|0|0|0|0
1a:a5:c3:61:4f:b6|0|1|0|0|0|0
54:2a:a2:73:c6:e9|18|31|0|0|0|0
c0:06:c3:8f:c0:7b|5|10|11|2|1108|156
c0:06:c3:8f:c7:99|0|0|6|1|399|78
9e:ab:89:2d:82:91|0|1|2|7|48|762
20:1f:3b:3a:bb:3d|53|155|0|0|0|0
a4:50:46:4c:af:3b|1|1|6|0|364|0
e6:1d:78:73:e4:e3|0|0|26|0|676|0
a0:2c:36:28:1e:19|0|39|0|0|0|0
8a:d7:5e:b8:0a:3a|0|2|0|0|0|0
82:84:a3:18:51:ce|0|2|0|0|0|0
28:6d:cd:09:2a:ea|1|2|4|2|464|704
e4:95:6e:44:bb:96|7|0|0|0|0|0
18:e8:29:e4:16:89|1|0|0|0|0|0
36:be:8c:12:2d:8f|0|8|0|0|0|0
1c:bf:ce:e3:fb:45|0|10|0|0|0|0
44:07:0b:2f:49:8b|9|0|0|0|0|0
54:60:09:e2:ee:aa|0|8|0|0|0|0
e4:5f:01:5c:9d:89|0|2|0|0|0|0
f4:f2:6d:90:44:3c|0|0|1|0|109|0
01:00:5e:00:00:fb|0|0|0|1|0|109
10:fe:ed:dd:08:06|1|0|0|0|0|0
00:08:07:76:35:b7|0|6|0|0|0|0
44:07:0b:6c:b6:e3|3|0|0|0|0|0
f0:ef:86:06:76:35|0|6|0|0|0|0
44:07:0b:70:9e:93|8|0|0|0|0|0
08:9e:08:bc:6c:2b|0|3|0|0|0|0
01:00:5e:00:00:01|0|0|0|4|0|336
a4:77:33:63:f5:7e|0|2|0|0|0|0
be:67:1d:70:23:f5|0|3|0|0|0|0
0e:fe:a8:10:99:40|0|1|0|0|0|0
06:08:99:84:88:91|0|1|0|0|0|0
1a:7f:62:32:c7:e3|0|1|0|0|0|0
56:ab:a9:3d:30:d0|0|2|0|0|0|0
2e:b3:ff:a8:fb:ae|0|2|0|0|0|0
33:33:00:00:00:0c|0|0|0|1|0|210
c0:87:eb:8e:48:ef|0|7|0|0|0|0
f2:3d:d3:ec:2c:c4|0|3|0|0|0|0
b8:27:eb:81:9a:d6|0|5|0|0|0|0
20:df:b9:ac:28:3b|0|8|0|0|0|0
90:9a:4a:80:6a:fe|1|0|0|0|0|0
d8:47:32:54:de:63|0|1|0|0|0|0
