37
b4:e6:2d:f6:b6:a5
d8:b6:b7:7a:3a:61|1403|0|25|73|2927|1978
ff:ff:ff:ff:ff:ff|0|3513|0|7|0|532
68:02:b8:1e:7f:1f|1234|0|82|2|15995|156
6a:02:98:1e:7f:1f|1232|0|0|0|0|0
01:00:5e:7f:ff:fa|0|0|0|36|0|7236
b4:e6:2d:f6:b6:a5|0|2|0|4|0|482
01:00:5e:00:00:16|0|0|0|8|0|744
70:ee:50:73:4e:36|0|0|95|0|2466|0
b0:95:75:4b:b9:26|0|0|0|95|0|2466
a4:3e:a0:a4:2a:46|0|158|0|0|0|0
e6:35:23:4e:ab:99|0|0|7|2|174|52
02:00:00:00:00:00|0|42|0|0|0|0
80:58:f8:93:88:29|0|0|2|22|156|5181
8e:67:54:f9:da:2b|0|3|0|0|0|0
40:ec:99:aa:85:ac|0|16|0|0|0|0
01:00:5e:00:00:01|0|0|0|1|0|88
bc:54:51:02:a4:f0|0|0|35|1|1060|26
26:94:9b:c4:cd:39|0|45|0|0|0|0
01:00:5e:00:00:fb|0|0|0|9|0|1890
0e:26:0a:2f:38:6b|0|0|6|2|144|52
26:17:dc:59:74:f7|0|0|25|2|600|52
d8:8c:79:90:f4:9b|0|7|0|0|0|0
68:5a:cf:fb:e5:65|0|7|0|0|0|0
64:b3:10:aa:e3:3c|0|13|0|0|0|0
f0:72:ea:da:42:c6|0|14|0|0|0|0
76:4d:e8:ab:d4:c5|0|7|0|0|0|0
0c:54:15:5d:f1:f6|0|7|0|0|0|0
a6:66:cf:f1:19:44|0|7|0|0|0|0
f6:c3:4f:45:1d:36|0|2|0|0|0|0
33:33:00:00:00:01|0|0|0|3|0|584
33:33:00:00:00:02|0|0|0|1|0|96
33:33:ff:1e:b6:60|0|0|0|1|0|112
33:33:00:00:00:fb|0|0|0|6|0|1539
33:33:00:00:00:16|0|0|0|2|0|256
f0:5c:77:1a:f1:64|0|7|0|0|0|0
c8:66:5d:1f:4f:54|0|12|0|0|0|0
ce:88:aa:3d:0f:e6|0|7|0|0|0|0
