26
b4:e6:2d:f6:b6:a5
68:02:b8:1e:7f:1f|1266|0|312|0|59653|0
ff:ff:ff:ff:ff:ff|0|2346|0|290|0|56294
6a:02:98:1e:7f:1f|1247|0|0|0|0|0
b4:e6:2d:f6:b6:a5|0|1|0|3|0|390
44:fe:3b:06:5c:71|22|0|0|0|0|0
ac:c3:58:0b:65:03|0|10|0|0|0|0
dc:41:a9:b1:30:a0|0|18|0|14|0|2177
70:ee:50:73:4e:36|0|0|20|0|518|0
b0:95:75:4b:b9:26|0|0|0|20|0|518
a4:3e:a0:a4:2a:46|0|88|0|0|0|0
ba:9f:31:f7:09:ae|0|1|0|0|0|0
33:33:00:00:00:01|0|0|0|3|0|584
33:33:00:00:00:02|0|0|0|1|0|96
33:33:ff:1e:b6:60|0|0|0|1|0|112
2a:20:d9:f2:1d:d1|0|2|0|0|0|0
10:1c:0c:1a:10:10|2|24|0|0|0|0
9c:5d:12:d7:43:d4|0|12|0|0|0|0
de:d4:f3:2c:a1:67|0|2|0|0|0|0
64:b3:10:aa:e3:3c|0|13|0|0|0|0
2c:db:07:46:b4:19|0|1|0|0|0|0
66:5e:36:85:50:d3|0|2|0|0|0|0
12:60:67:b2:57:78|0|3|0|0|0|0
d8:8c:79:90:f4:9b|0|6|0|0|0|0
c8:66:5d:1f:4f:54|0|6|0|0|0|0
f0:5c:77:1a:f1:64|0|1|0|0|0|0
0c:23:69:5b:f0:28|0|1|0|0|0|0
