58
b4:e6:2d:f6:b6:a5
68:02:b8:1e:7f:1f|1390|0|317|15|59406|390
ff:ff:ff:ff:ff:ff|0|3527|0|210|0|20000
6a:02:98:1e:7f:1f|1387|0|0|0|0|0
d8:b6:b7:7a:3a:61|1525|0|9|45|350|1419
9a:d6:67:f5:70:5c|0|18|0|0|0|0
aa:3c:d2:9e:f7:40|0|6|0|0|0|0
3a:6a:e3:c5:91:20|0|14|0|0|0|0
b4:e6:2d:f6:b6:a5|0|2|0|3|0|390
01:00:5e:7f:ff:fa|0|0|0|90|0|36688
80:1f:02:b4:07:ae|1|20|15|0|390|0
33:33:00:00:00:01|0|0|0|3|0|584
33:33:00:00:00:02|0|0|0|1|0|96
33:33:ff:1e:b6:60|0|0|0|1|0|112
a4:3e:a0:a4:2a:46|0|147|0|0|0|0
e6:35:23:4e:ab:99|0|0|11|1|326|26
33:33:00:00:00:16|0|0|0|2|0|248
01:00:5e:00:00:fb|0|0|0|3|0|564
33:33:00:00:00:fb|0|0|0|3|0|624
01:00:5e:00:00:16|0|0|0|2|0|180
54:2a:a2:48:a3:f0|0|110|0|0|0|0
b6:92:94:e4:10:46|0|7|0|0|0|0
4a:0d:46:e0:06:b2|0|7|0|0|0|0
6e:e9:fe:5e:4a:de|0|6|0|0|0|0
b2:0b:db:fe:9d:65|0|7|0|0|0|0
bc:54:51:02:a4:f0|0|0|22|2|805|52
f8:77:b8:53:10:e8|12|144|0|0|0|0
0e:26:0a:2f:38:6b|0|0|12|2|288|52
26:17:dc:59:74:f7|0|0|0|2|0|52
f0:72:ea:da:42:c6|0|21|0|0|0|0
7e:fb:9b:ff:40:ae|0|7|0|0|0|0
56:79:10:40:e0:25|1|7|0|0|0|0
da:72:eb:67:c0:61|0|18|0|0|0|0
c6:47:0b:7d:6d:ff|0|9|0|0|0|0
42:94:f3:02:69:fe|0|14|0|0|0|0
d8:8c:79:90:f4:9b|0|4|0|0|0|0
06:4f:1e:ac:5b:2c|0|7|0|0|0|0
56:3d:50:f2:9c:f8|0|7|0|0|0|0
76:49:a4:43:e9:19|0|13|0|0|0|0
7a:68:8e:07:51:a4|0|13|0|0|0|0
de:8e:d0:26:91:e1|0|12|0|0|0|0
1e:34:4a:25:bf:fd|0|13|0|0|0|0
c8:66:5d:1f:4f:54|0|12|0|0|0|0
76:b1:0e:3e:63:4a|0|14|0|0|0|0
ce:8f:22:de:21:9e|0|7|0|0|0|0
f6:12:3f:c9:62:35|0|7|0|0|0|0
02:c8:d3:71:59:50|0|13|0|0|0|0
01:00:5e:00:00:01|0|0|0|1|0|88
82:35:f6:bd:8e:74|0|7|0|0|0|0
92:ff:11:59:1d:c0|0|14|0|0|0|0
7e:c2:01:fe:1c:ef|0|14|0|0|0|0
f0:5c:77:1a:f1:64|0|2|0|0|0|0
c0:ee:fb:43:db:fb|0|11|0|0|0|0
62:5a:aa:93:78:02|0|13|0|0|0|0
ba:0b:0d:b7:87:d0|0|13|0|0|0|0
e6:e7:8e:9f:7a:fb|0|14|0|0|0|0
d2:3c:d7:ce:cc:61|0|1|0|0|0|0
02:2e:04:0b:3c:48|0|7|0|0|0|0
58:91:cf:92:95:e6|0|7|0|0|0|0
