25
b4:e6:2d:f6:b6:a5
68:02:b8:1e:7f:1f|1308|0|284|15|30461|390
ff:ff:ff:ff:ff:ff|0|2369|0|244|0|23210
6a:02:98:1e:7f:1f|1306|0|0|0|0|0
70:ee:50:73:4e:36|0|0|58|0|1508|0
b0:95:75:4b:b9:26|0|0|0|58|0|1508
b4:e6:2d:f6:b6:a5|0|2|0|5|0|577
a4:3e:a0:a4:2a:46|0|66|0|0|0|0
01:00:5e:7f:ff:fa|0|0|0|30|0|5882
80:1f:02:b4:07:ae|1|18|15|0|390|0
4e:9b:05:55:9f:ce|5|0|0|0|0|0
f8:77:b8:53:10:e8|11|114|0|0|0|0
10:1c:0c:1a:10:10|3|24|0|0|0|0
33:33:00:00:00:01|0|0|0|3|0|584
33:33:00:00:00:02|0|0|0|1|0|96
33:33:ff:1e:b6:60|0|0|0|1|0|112
86:4e:fd:8f:3f:85|1|0|0|0|0|0
64:b3:10:aa:e3:3c|0|12|0|0|0|0
02:37:f5:a2:fb:70|1|0|0|0|0|0
a6:94:0b:09:70:f3|1|0|0|0|0|0
2a:fd:ef:49:b6:6b|2|0|0|0|0|0
4a:99:b2:b9:fe:87|2|6|0|0|0|0
fa:fb:82:eb:c9:21|0|6|0|0|0|0
a2:e9:85:df:09:67|0|6|0|0|0|0
3e:d0:3e:40:81:44|0|12|0|0|0|0
e2:c4:a2:51:eb:c1|0|6|0|0|0|0
