21
b4:e6:2d:f6:b6:a5
68:02:b8:1e:7f:1f|1233|0|7|0|1066|0
ff:ff:ff:ff:ff:ff|0|2762|0|0|0|0
6a:02:98:1e:7f:1f|1232|0|0|0|0|0
d8:b6:b7:7a:3a:61|481|0|2|116|52|3014
70:ee:50:73:4e:36|0|0|41|0|1066|0
b0:95:75:4b:b9:26|0|0|0|41|0|1066
b4:e6:2d:f6:b6:a5|0|1|0|4|0|482
0e:26:0a:2f:38:6b|0|0|77|0|1848|0
bc:54:51:02:a4:f0|0|0|23|1|778|26
a4:3e:a0:a4:2a:46|0|85|0|0|0|0
da:a1:19:c9:3d:8d|0|23|0|0|0|0
33:33:00:00:00:01|0|0|0|3|0|584
26:17:dc:59:74:f7|0|0|12|0|288|0
e6:35:23:4e:ab:99|0|0|4|1|100|26
c8:66:5d:1f:4f:54|0|18|0|0|0|0
de:18:72:d7:49:82|0|6|0|0|0|0
4a:38:1e:11:45:1a|0|7|0|0|0|0
64:b3:10:aa:e3:3c|0|15|0|0|0|0
00:0c:e7:b5:05:a0|0|13|0|0|0|0
3e:21:15:c5:8b:b6|2|12|0|0|0|0
1e:cc:d6:7a:7e:9e|0|6|0|0|0|0
