42
b4:e6:2d:f6:b6:a5
68:02:b8:1e:7f:1f|1266|0|276|0|45398|0
ff:ff:ff:ff:ff:ff|0|2858|0|188|0|26516
6a:02:98:1e:7f:1f|1246|0|0|0|0|0
d8:b6:b7:7a:3a:61|653|0|10|32|628|886
b4:e6:2d:f6:b6:a5|0|1|0|3|0|390
94:e2:3c:3e:11:65|5|56|0|0|0|0
0a:c6:d4:24:bd:8e|0|39|0|0|0|0
a4:3e:a0:a4:2a:46|0|97|0|0|0|0
bc:54:51:02:a4:f0|0|0|9|4|326|472
e6:35:23:4e:ab:99|0|0|8|2|200|52
26:17:dc:59:74:f7|0|0|1|2|24|52
0e:26:0a:2f:38:6b|0|0|14|2|336|52
0c:54:15:5d:f1:f6|0|3|0|0|0|0
84:16:f9:07:68:71|0|21|0|0|0|0
33:33:00:00:00:01|0|0|0|4|0|816
f0:72:ea:da:42:c6|0|7|0|0|0|0
00:1c:bf:52:98:29|0|18|0|0|0|0
d8:8c:79:90:f4:9b|0|6|0|0|0|0
c8:66:5d:1f:4f:54|0|12|0|0|0|0
33:33:00:00:00:0c|0|0|0|12|0|5192
01:00:5e:7f:ff:fa|0|0|0|14|0|5426
33:33:00:00:00:16|0|0|0|16|0|2024
01:00:5e:00:00:16|0|0|0|5|0|470
01:00:5e:00:00:fb|0|0|0|16|0|2034
33:33:00:00:00:fb|0|0|0|8|0|1362
33:33:00:01:00:03|0|0|0|3|0|387
01:00:5e:00:00:fc|0|0|0|3|0|327
01:80:c2:00:00:0e|0|0|0|1|0|94
70:2e:22:8d:72:74|2|0|0|0|0|0
0a:dd:4e:28:fa:16|0|6|0|0|0|0
f0:5c:77:1a:f1:64|0|2|0|0|0|0
82:06:eb:93:fd:5b|1|9|0|0|0|0
64:b3:10:aa:e3:3c|0|13|0|0|0|0
33:33:ff:af:04:a7|0|0|0|3|0|360
9c:5d:12:d7:43:d4|0|6|0|0|0|0
5e:c5:0b:c6:2c:fa|2|0|0|0|0|0
36:be:93:fc:0b:58|0|7|0|0|0|0
20:79:18:e7:01:8a|0|7|0|0|0|0
2c:33:7a:3e:01:ed|0|4|0|0|0|0
90:5c:44:d9:8b:b1|2|0|0|0|0|0
9a:a2:ef:24:2d:bf|0|7|0|0|0|0
92:5c:54:d9:8b:b1|2|0|0|0|0|0
