53
b4:e6:2d:f6:c8:79
90:9a:4a:80:85:9e|1139|0|0|0|0|0
ff:ff:ff:ff:ff:ff|0|3381|0|69|0|12213
90:9a:4a:80:71:9a|1251|8|54|43|8210|7412
20:aa:4b:5b:e6:4b|684|0|43|0|7073|0
b4:e6:2d:f6:c8:79|0|4|0|5|0|549
01:00:5e:00:00:01|0|0|0|2|0|160
68:ff:7b:c5:ca:c9|366|0|0|0|0|0
28:6d:cd:09:2a:ea|0|0|28|4|6154|474
20:df:b9:ac:28:3b|3|0|0|0|0|0
c0:06:c3:8f:c7:99|4|8|4|4|150|474
84:e3:42:4b:9d:4f|19|0|0|0|0|0
46:88:af:9d:c0:96|0|2|0|0|0|0
e0:a3:ac:d5:8f:fc|0|1|0|0|0|0
c0:06:c3:8f:c0:7b|4|8|11|8|1108|866
94:9f:3e:84:df:5a|24|6|0|0|0|0
48:d6:d5:7c:5a:40|1|0|0|0|0|0
b8:27:eb:81:9a:d6|0|3|0|0|0|0
ce:8e:94:d4:de:eb|0|1|0|0|0|0
54:60:09:01:a1:78|1|0|0|0|0|0
52:fc:b8:66:1a:a9|1|3|0|0|0|0
6a:a7:b9:89:64:11|0|0|1|0|94|0
64:a2:f9:b6:88:f9|0|12|0|0|0|0
1c:bf:ce:e3:fb:45|0|11|0|0|0|0
5a:ce:fd:8c:51:a3|0|1|0|0|0|0
44:07:0b:70:9e:93|3|0|0|0|0|0
ec:5c:68:84:b1:4b|1|18|0|0|0|0
20:f4:78:24:ce:e8|0|3|0|0|0|0
32:05:f3:d1:c0:55|1|7|0|0|0|0
50:e0:85:84:55:94|3|7|0|0|0|0
44:07:0b:2f:49:8b|10|0|0|0|0|0
54:60:09:e2:ee:aa|0|8|0|0|0|0
38:8b:59:29:24:78|1|0|0|0|0|0
f4:f5:d8:8d:f2:58|3|8|0|0|0|0
3c:8d:20:4f:d8:e9|1|0|0|0|0|0
56:68:61:2c:82:5b|1|11|0|0|0|0
84:d8:1b:29:48:82|1|0|0|0|0|0
2e:16:05:b5:68:48|0|6|0|0|0|0
7c:2e:bd:f4:94:ee|8|0|0|0|0|0
3e:00:f0:ad:39:ef|0|2|0|0|0|0
46:9d:a0:4f:41:74|0|4|0|0|0|0
10:fe:ed:a2:a3:dc|0|0|1|0|120|0
01:00:5e:00:00:fb|0|0|0|2|0|241
33:33:00:00:00:01|0|0|0|1|0|120
01:00:5e:00:00:fa|0|0|0|1|0|114
00:08:07:76:35:b7|0|3|0|0|0|0
be:b0:fd:7b:d8:e7|1|4|0|0|0|0
da:a1:19:d6:35:f8|1|1|0|0|0|0
