54
b4:e6:2d:f6:c8:79
90:9a:4a:80:85:9e|716|0|0|0|0|0
ff:ff:ff:ff:ff:ff|0|2578|0|32|0|5175
90:9a:4a:80:71:9a|1246|12|71|45|8857|5720
20:aa:4b:5b:e6:4b|436|0|33|0|5295|0
68:ff:7b:c5:ca:c9|285|0|0|0|0|0
44:07:0b:60:bf:75|2|0|0|0|0|0
33:33:00:00:00:01|0|0|0|1|0|120
54:2a:a2:73:c6:e9|11|36|0|0|0|0
f0:ef:86:06:76:35|0|11|0|0|0|0
42:e5:7e:c5:64:51|0|5|0|0|0|0
6a:a7:b9:89:64:11|1|0|0|0|0|0
a8:6d:aa:73:88:1d|0|27|0|0|0|0
da:2e:fb:c0:de:83|0|1|0|0|0|0
c0:06:c3:8f:c7:99|3|6|5|9|174|1152
f4:f5:d8:84:58:92|0|1|0|0|0|0
84:cf:bf:8f:18:40|2|2|0|0|0|0
00:0c:e7:43:55:48|0|6|0|0|0|0
48:5a:b6:22:0c:7e|0|14|0|0|0|0
da:a1:19:4d:ca:d3|1|4|0|0|0|0
f4:f5:d8:9a:2d:b2|3|0|0|0|0|0
44:07:0b:2f:49:8b|10|0|0|0|0|0
c0:06:c3:8f:c0:7b|9|11|11|28|1275|3373
44:07:0b:70:9e:93|3|0|0|0|0|0
28:6d:cd:09:2a:ea|0|0|19|20|3855|2618
b4:e6:2d:f6:c8:79|0|1|0|9|0|1084
a4:50:46:4c:af:3b|0|0|10|5|416|630
f4:f5:d8:8d:f2:58|4|4|0|0|0|0
04:ea:56:43:69:3f|1|0|0|0|0|0
b8:27:eb:81:9a:d6|0|1|0|0|0|0
3c:8d:20:4f:d8:e9|4|0|0|0|0|0
88:46:04:50:5c:49|1|6|0|0|0|0
7c:d9:5c:62:1d:99|2|0|0|0|0|0
00:08:07:76:35:b7|0|1|0|0|0|0
84:d8:1b:29:48:82|1|0|0|0|0|0
44:07:0b:89:e4:ab|10|0|0|0|0|0
34:2e:b7:95:ee:df|0|3|0|0|0|0
56:f7:b0:2c:66:fc|1|8|0|0|0|0
a6:43:80:b1:cf:c3|0|1|0|0|0|0
e4:5f:01:5c:9d:89|0|1|0|0|0|0
f2:9e:75:f6:f8:91|0|1|0|0|0|0
50:eb:71:d0:6d:35|0|1|0|0|0|0
74:df:bf:45:ac:65|0|3|0|0|0|0
f0:ef:86:21:66:5f|0|1|0|0|0|0
a0:2c:36:28:1e:19|0|3|0|0|0|0
46:3b:78:62:ec:7e|2|0|0|0|0|0
1a:39:e1:70:41:e8|0|1|0|0|0|0
60:ab:14:68:89:98|0|0|1|0|24|0
50:d4:f7:59:b0:8b|0|0|0|1|0|24
ee:e8:ce:71:a5:b1|1|3|0|0|0|0
20:df:b9:ac:28:3b|1|0|0|0|0|0
9a:d5:f2:19:65:87|0|1|0|0|0|0
54:60:09:e2:ee:aa|0|4|0|0|0|0
b4:75:0e:da:6c:72|1|0|0|0|0|0
b4:75:0e:da:6c:73|1|0|0|0|0|0
