23
b4:e6:2d:f6:b6:a5
68:02:b8:1e:7f:1f|1226|0|282|0|55771|0
ff:ff:ff:ff:ff:ff|0|3336|0|287|0|56021
6a:02:98:1e:7f:1f|1224|0|0|0|0|0
d8:b6:b7:7a:3a:61|1088|0|22|50|1704|1375
b4:e6:2d:f6:b6:a5|0|2|0|3|0|390
26:17:dc:59:74:f7|0|0|13|0|312|0
cc:88:26:36:b9:a7|15|21|0|0|0|0
e6:35:23:4e:ab:99|0|0|8|2|200|52
bc:54:51:02:a4:f0|0|0|21|4|671|288
3e:20:48:e8:0f:cb|0|0|7|2|168|52
0e:26:0a:2f:38:6b|0|0|1|2|24|52
a4:3e:a0:a4:2a:46|0|124|0|0|0|0
f0:72:ea:da:42:c6|0|11|0|0|0|0
80:30:49:55:d3:2f|0|4|0|0|0|0
d8:8c:79:90:f4:9b|0|6|0|0|0|0
64:b3:10:aa:e3:3c|0|12|0|0|0|0
84:16:f9:07:68:71|0|19|0|0|0|0
16:a0:34:68:e7:66|6|11|0|0|0|0
01:00:5e:00:00:fb|0|0|0|1|0|190
33:33:00:00:00:fb|0|0|0|1|0|210
33:33:00:00:00:16|0|0|0|1|0|128
01:00:5e:00:00:16|0|0|0|1|0|92
c8:66:5d:1f:4f:54|0|13|0|0|0|0
