19
b4:e6:2d:f6:b6:a5
68:02:b8:1e:7f:1f|1287|0|363|12|64660|312
ff:ff:ff:ff:ff:ff|0|2359|0|246|0|23394
6a:02:98:1e:7f:1f|1286|0|0|0|0|0
80:1f:02:b4:07:ae|0|0|12|0|312|0
01:00:5e:7f:ff:fa|0|0|0|93|0|37291
01:00:5e:00:00:fb|0|0|0|4|0|887
33:33:00:00:00:fb|0|0|0|4|0|967
a4:3e:a0:a4:2a:46|0|72|0|0|0|0
ca:d6:0a:5f:87:ed|0|18|0|0|0|0
8e:ce:84:5f:9c:42|3|18|0|0|0|0
33:33:00:00:00:16|0|0|0|2|0|248
01:00:5e:00:00:16|0|0|0|2|0|180
33:33:00:00:00:01|0|0|0|4|0|816
33:33:00:00:00:02|0|0|0|1|0|96
33:33:ff:1e:b6:60|0|0|0|1|0|112
f8:77:b8:53:10:e8|12|96|0|0|0|0
b4:e6:2d:f6:b6:a5|0|1|0|6|0|669
64:b3:10:aa:e3:3c|0|12|0|0|0|0
ba:a6:46:fe:02:a7|0|12|0|0|0|0
