24
b4:e6:2d:f6:b6:a5
68:02:b8:1e:7f:1f|1214|0|52|0|9478|0
ff:ff:ff:ff:ff:ff|0|3493|0|0|0|0
6a:02:98:1e:7f:1f|1214|0|0|0|0|0
d8:b6:b7:7a:3a:61|1290|1|9|25|296|608
01:00:5e:7f:ff:fa|0|0|0|36|0|7236
a4:3e:a0:a4:2a:46|0|109|0|0|0|0
0e:26:0a:2f:38:6b|1|2|17|2|408|52
f0:72:ea:da:42:c6|0|27|0|0|0|0
e6:35:23:4e:ab:99|0|0|8|2|200|52
c8:66:5d:1f:4f:54|0|18|0|0|0|0
b4:e6:2d:f6:b6:a5|0|2|0|4|0|482
f0:5c:77:1a:f1:64|0|7|0|0|0|0
bc:54:51:02:a4:f0|0|0|0|2|0|52
26:17:dc:59:74:f7|0|0|0|2|0|52
da:a1:19:92:3c:ef|0|7|0|0|0|0
64:b3:10:aa:e3:3c|0|16|0|0|0|0
80:58:f8:c3:cb:3f|0|13|0|0|0|0
01:00:5e:00:00:01|0|0|0|1|0|88
aa:49:8a:09:74:d5|0|7|0|0|0|0
8e:99:0d:f8:c5:c1|0|6|0|0|0|0
01:00:5e:00:00:fb|0|0|0|6|0|830
33:33:00:00:00:fb|0|0|0|5|0|840
01:00:5e:00:00:02|0|0|0|1|0|90
58:b1:0f:56:36:08|0|11|0|0|0|0
