43
b4:e6:2d:f6:b6:a5
0e:54:a5:02:31:6e|431|0|0|0|0|0
ff:ff:ff:ff:ff:ff|0|3768|0|242|0|49198
70:2e:22:8d:72:74|367|10|39|5|9615|182
68:02:b8:1e:7f:1f|818|0|222|0|43158|0
6a:02:98:1e:7f:1f|845|0|0|0|0|0
f0:5c:77:1a:f1:64|0|3|0|0|0|0
0c:54:a5:02:31:6d|440|0|17|0|5755|0
00:0c:43:18:8e:7b|10|18|5|0|182|0
b0:c2:87:78:a6:a2|257|0|35|0|11176|0
b2:c2:87:78:a6:a3|257|0|0|0|0|0
5c:f8:21:84:a4:31|0|29|0|0|0|0
54:be:f7:19:78:e1|296|0|6|0|593|0
b4:fb:e3:fc:1e:95|0|36|0|0|0|0
0c:84:dc:82:e4:5a|218|0|2|0|770|0
0e:84:dc:82:e4:5b|146|0|0|0|0|0
b4:e6:2d:f6:b6:a5|0|2|0|3|0|390
a4:3e:a0:a4:2a:46|3|203|0|0|0|0
92:5c:14:cf:f6:c9|43|0|0|0|0|0
80:be:05:5f:13:d9|0|3|0|14|0|4365
01:00:5e:00:00:fb|0|0|0|15|0|2441
ba:a6:46:fe:02:a7|0|5|0|0|0|0
9c:b7:0d:49:d2:06|0|4|0|0|0|0
22:00:4e:37:d4:f2|0|2|0|0|0|0
01:00:5e:7f:ff:fa|0|0|0|32|0|12081
36:bd:2d:15:e6:22|0|2|0|0|0|0
90:5c:44:cf:f6:c9|2|0|0|0|0|0
10:1c:0c:1a:10:10|1|18|0|0|0|0
33:33:00:00:00:fb|0|0|0|9|0|1954
84:16:f9:07:68:71|0|1|0|0|0|0
01:00:5e:00:00:01|0|0|0|1|0|84
01:00:5e:00:00:16|0|0|0|2|0|176
6a:02:98:76:3c:e4|4|0|0|0|0|0
68:02:b8:76:3c:e4|2|0|0|0|0|0
62:45:b7:e7:3f:82|0|5|0|0|0|0
33:33:00:00:00:01|0|0|0|2|0|352
d8:54:a2:09:5d:94|0|1|0|0|0|0
64:b3:10:aa:e3:3c|0|3|0|0|0|0
f0:72:ea:da:42:c6|0|7|0|0|0|0
a8:81:95:bb:e3:34|0|5|0|0|0|0
90:00:4e:37:d4:f2|0|5|0|0|0|0
e8:6f:38:3f:64:0d|0|0|0|1|0|26
7e:db:ee:d8:bb:63|0|7|0|0|0|0
c8:66:5d:1f:4f:54|0|3|0|0|0|0
