33
b4:e6:2d:f6:c8:79
90:9a:4a:80:71:9a|1191|9|27|89|3684|12108
ff:ff:ff:ff:ff:ff|0|2799|0|35|0|5620
20:aa:4b:5b:e6:4b|679|0|39|0|6473|0
68:ff:7b:c5:ca:c9|449|0|0|0|0|0
90:9a:4a:80:85:9e|656|0|4|0|318|0
38:f9:d3:b3:0c:da|2|0|0|0|0|0
b4:e6:2d:f6:c8:79|0|2|0|3|0|376
80:91:33:25:67:05|0|98|0|0|0|0
c0:06:c3:8f:c7:99|5|10|9|4|780|393
28:6d:cd:09:2a:ea|0|0|44|15|9383|2465
00:08:10:80:dc:7a|0|1|0|0|0|0
f0:ef:86:06:76:35|0|13|0|0|0|0
9a:d9:f2:0b:1e:29|0|5|0|0|0|0
c0:06:c3:8f:c0:7b|4|8|10|3|949|234
0a:8a:dd:0c:5a:e9|3|15|0|0|0|0
a4:50:46:4c:af:3b|0|3|26|2|996|216
44:07:0b:70:9e:93|11|15|0|0|0|0
f4:f5:d8:8d:f2:58|5|1|0|0|0|0
01:00:5e:00:00:fa|0|0|0|1|0|114
9e:ab:89:2d:82:91|0|13|0|3|0|234
12:e8:29:e4:16:89|0|0|1|0|80|0
01:00:5e:00:00:01|0|0|0|2|0|164
01:00:5e:00:00:fb|0|0|0|2|0|619
1c:bf:ce:e3:fb:45|0|5|0|0|0|0
54:60:09:e2:ee:aa|0|3|0|0|0|0
e4:5f:01:5c:9d:89|0|2|0|0|0|0
08:9e:08:bc:6c:2b|0|2|0|0|0|0
44:07:0b:2f:49:8b|4|0|0|0|0|0
1e:29:c8:0e:5c:6e|0|3|0|0|0|0
38:8b:59:29:24:78|2|0|0|0|0|0
4e:f6:4e:c2:04:3d|0|3|0|0|0|0
33:33:00:00:00:01|0|0|0|1|0|120
00:08:07:76:35:b7|0|1|0|0|0|0
