45
b4:e6:2d:f6:c8:79
20:aa:4b:5b:e6:4b|999|0|62|0|10612|0
54:60:09:e2:ee:aa|0|8|0|0|0|0
90:9a:4a:80:85:9e|1153|0|5|5|390|120
ff:ff:ff:ff:ff:ff|0|3713|0|58|0|10188
68:ff:7b:c5:ca:c9|516|0|0|0|0|0
90:9a:4a:80:71:9a|1204|5|29|107|3298|21486
b4:e6:2d:f6:c8:79|0|4|0|5|0|544
9e:ab:89:2d:82:91|0|0|5|5|120|390
e2:42:1d:b7:29:fe|2|8|0|0|0|0
c0:06:c3:8f:c7:99|0|0|9|2|726|156
f0:ef:86:21:66:5f|0|5|0|0|0|0
c0:06:c3:8f:c0:7b|4|8|6|5|387|511
cc:f4:11:a1:a0:2c|2|0|0|0|0|0
28:6d:cd:09:2a:ea|1|3|3|0|78|0
f4:f5:d8:8d:f2:58|0|7|0|0|0|0
08:9e:08:bc:6c:2b|0|4|0|0|0|0
00:08:07:76:35:b7|0|5|0|0|0|0
f0:ef:86:05:a3:fa|0|20|0|0|0|0
c6:2d:3a:bd:b8:9d|2|10|0|0|0|0
a4:50:46:4c:af:3b|0|0|89|17|20295|2087
e4:5f:01:5c:9d:89|0|9|0|0|0|0
f0:ef:86:06:76:35|0|24|0|0|0|0
44:07:0b:2f:49:8b|9|0|0|0|0|0
be:f3:e7:de:f9:b3|0|2|0|0|0|0
b8:27:eb:81:9a:d6|0|6|0|0|0|0
ba:92:3e:fe:ff:fd|0|21|0|0|0|0
2a:65:39:86:6d:87|0|3|0|0|0|0
01:00:5e:00:00:fa|0|0|0|2|0|228
44:07:0b:70:9e:93|5|0|0|0|0|0
be:da:08:71:77:d2|0|1|0|0|0|0
00:08:10:80:dc:7a|0|1|0|0|0|0
e4:5f:01:78:c0:dc|0|3|0|0|0|0
6e:7c:cb:76:c7:54|0|3|0|0|0|0
20:df:b9:8e:c2:c7|1|0|0|0|0|0
4a:92:4a:62:83:5e|0|2|0|0|0|0
33:33:00:00:00:01|0|0|0|1|0|120
12:e8:29:91:3d:5e|1|0|0|0|0|0
ea:a7:1f:4e:28:6b|0|1|0|0|0|0
06:50:26:89:2b:18|0|3|0|0|0|0
8e:91:80:50:cd:5e|0|5|0|0|0|0
d2:e1:84:54:7d:79|0|5|0|0|0|0
44:46:87:a9:e4:4b|0|4|0|0|0|0
aa:fd:49:b5:a9:c3|0|2|0|0|0|0
01:00:5e:00:00:01|0|0|0|1|0|76
b8:27:eb:3b:22:38|0|4|0|0|0|0
