29
b4:e6:2d:f6:b6:a5
68:02:b8:1e:7f:1f|1281|0|279|0|56412|0
ff:ff:ff:ff:ff:ff|0|3336|0|263|0|54305
d8:b6:b7:7a:3a:61|1180|0|8|50|208|1430
6a:02:98:1e:7f:1f|1276|0|0|0|0|0
0e:26:0a:2f:38:6b|0|0|11|2|264|52
ca:cf:a9:19:4d:47|0|10|0|0|0|0
33:33:00:00:00:01|0|0|0|3|0|584
e6:35:23:4e:ab:99|0|0|8|2|200|52
4e:9b:05:55:9f:ce|2|19|0|0|0|0
a4:3e:a0:a4:2a:46|0|81|0|0|0|0
64:b3:10:aa:e3:3c|0|12|0|0|0|0
58:91:cf:92:95:be|0|7|0|0|0|0
26:17:dc:59:74:f7|0|0|12|2|288|52
da:a1:19:ad:d3:19|0|6|0|0|0|0
bc:54:51:02:a4:f0|0|0|19|2|678|52
f8:77:b8:53:10:e8|10|151|0|0|0|0
5c:f8:21:84:a4:31|0|7|0|0|0|0
da:a1:19:23:d4:1e|0|7|0|0|0|0
b4:e6:2d:f6:b6:a5|0|2|0|7|0|795
c6:d4:99:34:aa:e1|0|10|0|0|0|0
3e:7b:57:c0:56:69|2|8|0|0|0|0
84:16:f9:07:68:71|0|27|0|0|0|0
26:94:9b:c4:cd:39|4|39|0|0|0|0
fa:2d:52:32:6e:54|1|0|0|0|0|0
01:00:5e:00:00:16|0|0|0|2|0|180
01:00:5e:00:00:fb|0|0|0|4|0|548
3e:66:11:d8:26:46|0|20|0|0|0|0
0c:54:15:5d:f1:f6|0|7|0|0|0|0
2c:db:07:46:b4:19|0|7|0|0|0|0
