32
b4:e6:2d:f6:c8:79
90:9a:4a:80:85:9e|564|19|82|0|10174|0
ff:ff:ff:ff:ff:ff|0|1985|0|81|0|7913
90:9a:4a:80:71:9a|1169|7|17|66|1768|9713
68:ff:7b:c5:ca:c9|85|0|0|0|0|0
44:46:87:a9:e4:4b|0|12|0|0|0|0
20:aa:4b:5b:e6:4b|231|0|21|0|3456|0
01:00:5e:7f:ff:fa|0|0|0|13|0|4912
b4:e6:2d:f6:c8:79|0|1|0|4|0|471
04:6c:59:1b:72:04|19|36|0|5|0|390
28:6d:cd:09:2a:ea|0|0|26|4|5986|474
01:00:5e:00:00:01|0|0|0|2|0|160
c0:06:c3:8f:c0:7b|4|8|9|5|692|511
a4:50:46:4c:af:3b|3|7|25|3|2636|234
4a:8c:5c:61:1c:f2|0|1|0|0|0|0
ea:20:51:5b:6f:c5|0|1|0|0|0|0
c0:06:c3:8f:c7:99|0|0|6|1|399|78
38:f9:d3:b3:0c:da|2|0|0|0|0|0
44:07:0b:89:e4:ab|10|0|0|0|0|0
f4:f5:d8:8d:f2:58|1|1|0|0|0|0
54:60:09:e2:ee:aa|0|2|0|0|0|0
ec:5c:68:84:b1:4b|1|11|0|0|0|0
66:67:e2:1f:73:4c|0|0|1|0|24|0
f4:cf:e2:ea:1e:e2|0|0|0|1|0|24
