46
b4:e6:2d:f6:c8:79
90:9a:4a:80:71:9a|1318|5|21|52|2370|8476
ff:ff:ff:ff:ff:ff|0|1740|0|15|0|2673
90:9a:4a:80:85:9e|414|0|0|0|0|0
54:2a:a2:73:c6:e9|5|72|0|0|0|0
10:fe:ed:dd:08:06|18|0|0|0|0|0
68:ff:7b:c5:ca:c9|44|0|2|0|156|0
20:aa:4b:5b:e6:4b|87|0|17|0|2907|0
b4:e6:2d:f6:c8:79|0|3|0|3|0|376
20:1f:3b:3a:bb:3d|1|0|0|0|0|0
28:6d:cd:09:2a:ea|0|0|29|4|6404|474
9c:5a:81:3c:9b:3b|0|19|0|0|0|0
01:00:5e:00:00:fa|0|0|0|1|0|114
00:08:03:bf:74:c3|0|2|0|0|0|0
24:77:03:d4:12:38|1|12|0|0|0|0
c0:06:c3:8f:c7:99|0|0|8|4|702|474
32:8f:4b:5e:f3:2e|0|6|0|0|0|0
a6:23:9c:e5:b4:cb|2|0|0|0|0|0
c0:06:c3:8f:c0:7b|4|8|10|10|1084|1046
32:0d:66:1b:67:90|0|1|0|0|0|0
1a:a5:c3:61:4f:b6|0|0|0|2|0|156
34:2e:b7:95:ee:df|0|2|0|0|0|0
18:e8:29:e4:16:89|15|0|0|0|0|0
ae:5a:b1:ad:14:e3|0|2|0|0|0|0
e2:24:4b:95:2f:24|0|2|0|0|0|0
3e:06:07:52:06:4f|0|2|0|0|0|0
74:e5:f9:00:9d:f3|0|3|0|0|0|0
44:07:0b:2f:49:8b|3|0|0|0|0|0
a4:50:46:4c:af:3b|1|1|5|0|286|0
00:08:07:76:35:b7|0|1|0|0|0|0
33:33:00:00:00:01|0|0|0|1|0|120
f4:f5:d8:8d:f2:58|4|3|0|0|0|0
7e:42:c4:f2:34:de|0|6|0|0|0|0
44:07:0b:70:9e:93|6|0|0|0|0|0
a6:df:e0:15:2c:5a|0|4|0|0|0|0
ec:5c:68:84:b1:4b|1|18|0|0|0|0
3c:8d:20:19:41:be|7|3|0|0|0|0
54:60:09:e2:ee:aa|0|7|0|0|0|0
e2:55:20:bc:71:d6|0|3|0|0|0|0
f0:f6:c1:d5:cb:42|0|4|0|0|0|0
ca:71:72:11:bf:3d|0|1|0|0|0|0
34:2e:b7:98:7e:43|0|3|0|0|0|0
b8:27:eb:81:9a:d6|0|3|0|0|0|0
08:9e:08:49:f2:bd|0|4|0|0|0|0
72:e7:fa:0f:43:5b|2|0|0|0|0|0
7c:2e:bd:f4:94:ee|8|0|0|0|0|0
08:9e:08:bc:6c:2b|0|1|0|0|0|0
