34
b4:e6:2d:f6:c8:79
90:9a:4a:80:71:9a|1251|12|50|28|6759|3531
ff:ff:ff:ff:ff:ff|0|3177|0|72|0|12894
90:9a:4a:80:85:9e|1289|0|5|14|396|336
20:aa:4b:5b:e6:4b|867|0|59|0|10518|0
9e:ab:89:2d:82:91|0|0|14|4|336|312
f0:ef:86:21:66:5f|0|15|0|0|0|0
c0:06:c3:8f:c7:99|7|14|11|3|1029|234
38:00:25:e8:2f:88|0|44|0|0|0|0
80:91:33:25:67:05|26|114|0|0|0|0
b4:e6:2d:f6:c8:79|0|4|0|9|0|1084
54:60:09:e2:ee:aa|0|3|0|0|0|0
44:07:0b:2f:49:8b|10|0|0|0|0|0
28:6d:cd:09:2a:ea|0|0|7|3|1418|782
c0:06:c3:8f:c0:7b|5|10|10|3|1084|246
f0:ef:86:06:76:35|0|20|0|0|0|0
ee:41:88:6d:57:ac|0|10|0|0|0|0
02:69:2f:e5:8e:9a|0|14|0|0|0|0
e2:c8:f4:da:62:de|1|7|0|0|0|0
01:00:5e:00:00:fa|0|0|0|2|0|228
f4:f5:d8:8d:f2:58|3|0|0|0|0|0
3c:8d:20:4f:d8:e9|4|0|0|0|0|0
b8:27:eb:81:9a:d6|0|2|0|0|0|0
a0:2c:36:28:1e:19|0|3|0|0|0|0
