47
b4:e6:2d:f6:b6:a5
bc:54:51:02:a4:f0|0|0|32|2|990|52
d8:b6:b7:7a:3a:61|521|0|7|43|410|1260
ff:ff:ff:ff:ff:ff|0|2758|0|322|0|59006
68:02:b8:1e:7f:1f|1406|1|557|53|122969|1979
6a:02:98:1e:7f:1f|1401|0|0|0|0|0
01:00:5e:00:00:fb|0|0|0|37|0|8570
33:33:00:00:00:fb|0|0|0|25|0|4014
b4:e6:2d:f6:b6:a5|0|1|0|3|0|390
f0:72:ea:da:42:c6|0|13|0|0|0|0
70:ee:50:73:4e:36|0|0|41|0|1066|0
b0:95:75:4b:b9:26|0|0|0|41|0|1066
26:94:9b:c4:cd:39|0|0|35|27|962|10408
d0:7f:a0:6c:72:79|0|3|0|0|0|0
cc:88:26:36:b9:a7|59|31|0|0|0|0
01:00:5e:7f:ff:fa|0|0|0|61|0|31060
a4:3e:a0:a4:2a:46|0|72|0|0|0|0
e6:35:23:4e:ab:99|0|0|11|0|270|0
80:58:f8:93:88:29|1|1|18|5|1017|599
26:17:dc:59:74:f7|0|0|0|2|0|52
0e:26:0a:2f:38:6b|0|0|0|2|0|52
54:2a:a2:48:a3:f0|0|101|0|0|0|0
1a:87:40:4b:8b:9c|0|18|0|0|0|0
f0:5c:77:1a:f1:64|0|7|0|0|0|0
04:4e:af:fb:fd:77|8|0|0|0|0|0
ec:2e:98:f0:f5:27|0|1|0|0|0|0
8c:8d:28:f7:44:4b|0|320|0|0|0|0
c8:66:5d:1f:4f:54|0|24|2|2|62|62
12:7f:88:3e:f5:a2|2|0|0|0|0|0
c6:74:67:8e:e2:2b|4|0|0|0|0|0
ac:22:05:89:53:64|0|2|0|0|0|0
84:16:f9:07:68:71|0|5|0|0|0|0
33:33:00:00:00:01|0|0|0|6|0|944
33:33:00:00:00:02|0|0|0|2|0|192
33:33:ff:1e:b6:60|0|0|0|2|0|232
fa:5b:7d:2a:3d:52|0|2|0|0|0|0
9c:5d:12:d7:43:d4|0|12|0|0|0|0
80:30:49:55:d3:2f|0|5|0|0|0|0
64:b3:10:aa:e3:3c|0|17|0|0|0|0
01:00:5e:00:00:16|0|0|0|19|0|1722
33:33:ff:ef:74:e1|0|0|0|2|0|224
33:33:ff:49:32:90|0|0|0|2|0|232
33:33:ff:63:2e:62|0|0|0|1|0|112
33:33:00:00:00:16|0|0|0|19|0|2536
33:33:00:01:00:03|0|0|0|11|0|1319
01:00:5e:00:00:fc|0|0|0|11|0|1099
33:33:00:01:00:02|0|0|0|3|0|564
