16
b4:e6:2d:f6:b6:a5
68:02:b8:1e:7f:1f|1236|3|49|0|9128|0
ff:ff:ff:ff:ff:ff|0|2347|0|4|0|304
6a:02:98:1e:7f:1f|1232|0|0|0|0|0
70:ee:50:73:4e:36|1|0|3|0|78|0
44:fe:3b:a8:69:27|0|1|0|3|0|78
01:00:5e:00:00:fb|0|0|0|1|0|181
33:33:00:00:00:fb|0|0|0|1|0|201
10:1c:0c:1a:10:10|5|20|0|0|0|0
b4:e6:2d:f6:b6:a5|0|2|0|3|0|390
c8:66:5d:1f:4f:54|0|12|0|0|0|0
01:00:5e:7f:ff:fa|0|0|0|36|0|7236
a4:3e:a0:a4:2a:46|0|60|0|0|0|0
33:33:00:00:00:01|0|0|0|4|0|816
64:b3:10:aa:e3:3c|1|12|0|0|0|0
92:6f:71:5a:ae:89|0|12|0|0|0|0
9c:5d:12:d7:43:d4|0|6|0|0|0|0
