24
b4:e6:2d:f6:b6:a5
68:02:b8:1e:7f:1f|1229|0|18|0|3530|0
ff:ff:ff:ff:ff:ff|0|2876|0|0|0|0
6a:02:98:1e:7f:1f|1229|0|0|0|0|0
d8:b6:b7:7a:3a:61|557|0|7|18|9296|438
b4:e6:2d:f6:b6:a5|0|1|0|3|0|390
a4:3e:a0:a4:2a:46|0|62|0|0|0|0
70:ee:50:73:4e:36|0|0|44|0|1142|0
b0:95:75:4b:b9:26|0|0|0|44|0|1142
9c:5d:12:d7:43:d4|0|6|0|0|0|0
f0:72:ea:da:42:c6|0|5|0|0|0|0
01:00:5e:00:00:fb|0|0|0|4|0|1024
33:33:00:00:00:fb|0|0|0|4|0|1104
33:33:00:00:00:16|0|0|0|2|0|248
01:00:5e:00:00:16|0|0|0|2|0|180
e6:35:23:4e:ab:99|0|0|7|0|174|0
c8:66:5d:1f:4f:54|0|23|0|0|0|0
26:17:dc:59:74:f7|0|0|10|0|240|0
33:33:00:00:00:01|0|0|0|3|0|584
26:46:c8:06:a9:16|0|7|0|0|0|0
bc:54:51:02:a4:f0|0|0|1|7|24|9296
82:f5:72:ca:e8:14|2|13|0|0|0|0
e6:2d:af:13:51:8c|0|4|0|0|0|0
64:b3:10:aa:e3:3c|0|12|0|0|0|0
1a:87:40:e4:f4:f5|0|8|0|0|0|0
