27
b4:e6:2d:f6:b6:a5
d8:b6:b7:7a:3a:61|1291|0|10|53|322|1504
ff:ff:ff:ff:ff:ff|0|3513|0|7|0|532
68:02:b8:1e:7f:1f|1247|0|21|0|2494|0
6a:02:98:1e:7f:1f|1247|0|0|0|0|0
b4:e6:2d:f6:b6:a5|0|1|0|3|0|390
e6:35:23:4e:ab:99|0|0|8|2|200|52
b6:3c:23:53:a6:99|0|7|0|0|0|0
a4:3e:a0:a4:2a:46|0|133|0|0|0|0
bc:54:51:02:a4:f0|0|0|20|2|704|52
26:17:dc:59:74:f7|0|0|17|2|408|52
0e:26:0a:2f:38:6b|0|0|8|3|192|78
80:58:f8:93:88:29|0|0|0|6|0|780
f0:72:ea:da:42:c6|0|28|0|0|0|0
c8:66:5d:1f:4f:54|0|12|0|0|0|0
80:58:f8:c3:cb:3f|0|6|0|0|0|0
da:c2:ed:8a:da:c7|2|7|0|0|0|0
33:33:00:00:00:01|0|0|0|3|0|584
33:33:00:00:00:02|0|0|0|1|0|96
33:33:ff:1e:b6:60|0|0|0|1|0|112
9c:5d:12:d7:43:d4|0|6|0|0|0|0
8e:ce:84:5f:9c:42|2|23|0|0|0|0
f6:08:02:ee:29:61|0|7|0|0|0|0
e6:0f:31:5d:f7:77|0|3|0|0|0|0
64:b3:10:aa:e3:3c|0|17|0|0|0|0
d8:8c:79:90:f4:9b|0|7|0|0|0|0
6a:e4:bf:a4:79:75|0|19|0|0|0|0
01:00:5e:00:00:01|0|0|0|1|0|88
