33
b4:e6:2d:f6:b6:a5
d8:b6:b7:7a:3a:61|1407|0|5|55|725|1828
ff:ff:ff:ff:ff:ff|0|3547|0|257|0|25322
68:02:b8:1e:7f:1f|1334|0|531|11|108402|286
6a:02:98:1e:7f:1f|1273|0|0|0|0|0
01:00:5e:7f:ff:fa|0|0|0|118|0|42316
f8:77:b8:53:10:e8|10|145|0|0|0|0
b4:e6:2d:f6:b6:a5|0|2|0|3|0|390
64:b3:10:aa:e3:3c|0|12|0|0|0|0
c8:66:5d:1f:4f:54|0|25|0|0|0|0
80:1f:02:b4:07:ae|0|0|11|0|286|0
a4:3e:a0:a4:2a:46|0|143|0|0|0|0
bc:54:51:02:a4:f0|0|0|31|0|1212|0
e6:35:23:4e:ab:99|0|0|24|2|616|52
f0:72:ea:da:42:c6|0|7|0|0|0|0
2e:1d:1c:f5:38:f2|0|58|0|36|0|4803
8e:ce:84:5f:9c:42|2|20|0|0|0|0
33:33:ff:38:77:ff|0|0|0|1|0|120
33:33:00:00:00:02|0|0|0|1|0|96
33:33:ff:d7:2b:6c|0|0|0|1|0|120
33:33:00:00:00:fb|0|0|0|44|0|16738
33:33:ff:1d:fa:4f|0|0|0|2|0|240
01:00:5e:00:00:fb|0|0|0|51|0|16692
80:58:f8:93:88:29|22|28|0|0|0|0
33:33:00:00:00:16|0|0|0|4|0|576
01:00:5e:00:00:16|0|0|0|6|0|540
33:33:00:01:00:02|0|0|0|1|0|130
80:30:49:55:d3:2f|0|13|0|0|0|0
1a:87:40:38:48:16|0|21|0|0|0|0
01:00:5e:00:00:01|0|0|0|1|0|88
33:33:00:01:00:03|0|0|0|4|0|492
01:00:5e:00:00:fc|0|0|0|4|0|412
84:16:f9:07:68:71|0|7|0|0|0|0
ec:2e:98:f0:f5:27|0|20|0|0|0|0
