50
b4:e6:2d:f6:c8:79
90:9a:4a:80:71:9a|1562|34|905|1145|603151|256359
ff:ff:ff:ff:ff:ff|0|2386|0|37|0|6622
a4:50:46:4c:af:3b|93|315|1100|884|248853|600971
28:6d:cd:09:2a:ea|0|0|27|3|5732|315
90:9a:4a:80:85:9e|1076|3|4|325|318|23247
c0:06:c3:8f:c0:7b|4|8|10|10|1072|937
20:aa:4b:5b:e6:4b|158|0|40|0|6926|0
54:2a:a2:73:c6:e9|7|54|0|0|0|0
b4:e6:2d:f6:c8:79|0|2|0|4|0|454
1a:a5:c3:61:4f:b6|0|0|3|0|72|0
68:ff:7b:c5:ca:c9|9|0|1|3|193|72
50:e0:85:84:55:94|2|15|0|0|0|0
c6:b3:93:44:d4:6a|0|3|0|0|0|0
76:c1:0c:61:d1:a6|0|1|0|0|0|0
c0:06:c3:8f:c7:99|0|0|8|4|702|474
44:07:0b:70:9e:93|5|0|0|0|0|0
10:fe:ed:dd:08:06|11|0|0|0|0|0
ce:6a:38:ba:c4:7b|0|3|0|0|0|0
44:07:0b:2f:49:8b|7|0|0|0|0|0
80:45:dd:a7:9e:f5|1|5|0|0|0|0
3a:af:f9:96:43:70|0|1|0|0|0|0
b8:27:eb:81:9a:d6|0|1|0|0|0|0
9e:ab:89:2d:82:91|3|15|325|3|23247|234
3c:8d:20:4f:d8:e9|1|0|0|0|0|0
ec:5c:68:84:b1:4b|3|18|0|0|0|0
54:60:09:e2:ee:aa|0|6|0|0|0|0
3c:8d:20:19:41:be|0|12|0|0|0|0
7c:2e:bd:f4:94:ee|6|0|0|0|0|0
01:00:5e:00:00:fb|0|0|0|1|0|193
f0:f6:c1:d5:cb:42|0|2|0|0|0|0
74:df:bf:45:ac:65|0|1|0|0|0|0
f4:f5:d8:8d:f2:58|2|1|0|0|0|0
01:00:5e:00:00:01|0|0|0|2|0|160
24:77:03:d4:12:38|7|16|0|0|0|0
01:00:5e:00:00:fa|0|0|0|2|0|228
96:04:e2:f7:18:fc|1|3|0|0|0|0
44:46:87:a9:e4:4b|0|6|0|0|0|0
64:a2:f9:b6:88:f9|1|0|0|0|0|0
ca:05:59:71:f2:12|1|3|0|0|0|0
f6:de:13:e3:65:67|0|3|0|0|0|0
00:08:07:76:35:b7|0|6|0|0|0|0
7a:06:8e:e7:d2:1e|0|3|0|0|0|0
22:3c:85:ce:09:50|0|3|0|0|0|0
bc:54:2f:5e:b7:f3|1|1|0|0|0|0
08:9e:08:49:f2:bd|0|9|0|0|0|0
ea:2f:78:8c:74:bb|0|1|0|0|0|0
a8:34:6a:31:e6:88|0|2|0|0|0|0
12:f5:d2:61:a7:da|0|1|0|0|0|0
20:f4:78:24:ce:e8|3|15|0|0|0|0
c0:87:eb:8e:48:ef|0|6|0|0|0|0
