14
b4:e6:2d:f6:b6:a5
68:02:b8:1e:7f:1f|1263|0|302|0|58195|0
ff:ff:ff:ff:ff:ff|0|2346|0|293|0|56942
6a:02:98:1e:7f:1f|1261|0|0|0|0|0
a4:3e:a0:a4:2a:46|0|99|0|0|0|0
b4:e6:2d:f6:b6:a5|0|3|0|6|0|669
70:ee:50:73:4e:36|0|0|30|0|780|0
b0:95:75:4b:b9:26|0|0|0|30|0|780
8e:ce:84:5f:9c:42|2|24|0|0|0|0
44:fe:3b:06:5c:71|3|0|0|0|0|0
33:33:00:00:00:01|0|0|0|3|0|584
10:1c:0c:1a:10:10|2|18|0|0|0|0
c8:66:5d:1f:4f:54|0|12|0|0|0|0
76:d3:ef:66:79:95|0|12|0|0|0|0
ee:96:30:5c:75:d8|0|17|0|0|0|0
