35
b4:e6:2d:f6:b6:a5
68:02:b8:1e:7f:1f|1361|0|409|0|93586|0
ff:ff:ff:ff:ff:ff|0|2449|0|294|0|56333
6a:02:98:1e:7f:1f|1359|0|0|0|0|0
b4:e6:2d:f6:b6:a5|0|2|0|3|0|390
e0:9d:31:02:83:40|0|11|0|0|0|0
02:aa:3f:a7:c9:b1|66|0|0|0|0|0
02:aa:3f:a7:c9:b2|49|0|10|0|3291|0
ee:cc:59:69:eb:f3|0|1|0|0|0|0
01:00:5e:7f:ff:fa|0|0|0|65|0|31876
54:2a:a2:48:a3:f0|0|96|0|0|0|0
9c:32:ce:15:f6:3e|0|0|6|0|156|0
68:02:b8:2e:8d:67|0|0|0|6|0|156
a4:3e:a0:a4:2a:46|0|114|0|0|0|0
f8:77:b8:53:10:e8|11|130|0|0|0|0
c8:66:5d:1f:4f:54|0|12|0|0|0|0
8e:a5:9d:c9:bd:7a|0|1|0|0|0|0
01:00:5e:7f:ff:fb|0|0|0|2|0|228
5c:f8:21:84:a4:31|0|5|0|0|0|0
10:1c:0c:1a:10:10|2|0|0|0|0|0
04:4e:af:fb:fd:77|0|2|0|0|0|0
4a:50:96:32:e1:7a|0|1|0|0|0|0
64:b3:10:aa:e3:3c|0|6|0|0|0|0
33:33:00:00:00:0c|0|0|0|3|0|1710
