51
b4:e6:2d:f6:c8:79
90:9a:4a:80:85:9e|1222|0|110|0|18656|0
01:00:5e:7f:ff:fa|0|0|0|15|0|8030
90:9a:4a:80:71:9a|1214|9|30|56|3186|8255
ff:ff:ff:ff:ff:ff|0|3795|0|46|0|9078
20:aa:4b:5b:e6:4b|753|0|49|44|9382|1056
68:ff:7b:c5:ca:c9|710|0|0|0|0|0
28:6d:cd:09:2a:ea|0|0|25|4|5736|474
b4:e6:2d:f6:c8:79|0|2|0|4|0|471
06:7a:6e:9e:bd:0b|2|0|0|0|0|0
cc:50:e3:f0:6b:20|0|0|44|0|1056|0
f0:ef:86:05:a3:fa|0|12|0|0|0|0
3c:8d:20:4f:d8:e9|5|0|0|0|0|0
08:9e:08:bc:6c:2b|0|4|0|0|0|0
c0:06:c3:8f:c0:7b|4|8|12|10|1333|1131
c0:06:c3:8f:c7:99|4|8|8|11|567|1020
01:00:5e:00:00:01|0|0|0|1|0|76
00:08:07:76:35:b7|0|5|0|0|0|0
20:df:b9:ac:28:3b|3|0|0|0|0|0
9e:ab:89:2d:82:91|0|45|0|95|0|10626
44:07:0b:2f:49:8b|10|0|0|0|0|0
c0:3c:59:4b:4a:ba|1|0|0|0|0|0
a4:50:46:4c:af:3b|1|1|11|1|619|90
44:07:0b:70:9e:93|4|0|0|0|0|0
f4:f5:d8:8d:f2:58|6|13|0|0|0|0
01:00:5e:00:00:fa|0|0|0|2|0|228
84:d8:1b:29:48:82|1|0|0|0|0|0
94:9f:3e:84:df:5a|2|3|0|0|0|0
44:07:0b:6c:b6:e3|5|0|0|0|0|0
44:07:0b:60:bf:75|4|0|0|0|0|0
88:46:04:50:5c:49|0|5|0|0|0|0
f0:ef:86:06:76:35|0|3|0|0|0|0
74:df:bf:45:ac:65|0|7|0|0|0|0
a8:6d:aa:a8:0e:c6|1|4|0|0|0|0
54:3a:d6:77:88:6e|1|8|0|0|0|0
26:b3:54:ee:1a:44|0|1|0|0|0|0
72:1e:c8:5b:51:f8|1|0|0|0|0|0
38:8b:59:29:24:78|4|0|0|0|0|0
ca:be:19:74:f1:dd|0|1|0|0|0|0
56:68:61:2c:82:5b|0|3|0|0|0|0
7e:a4:f8:5a:a6:3a|0|3|0|0|0|0
96:ab:1d:9d:40:b5|0|2|0|0|0|0
b8:27:eb:81:9a:d6|1|1|0|0|0|0
9e:e0:c7:4c:63:99|0|3|0|0|0|0
da:c7:14:94:b5:d2|1|9|0|0|0|0
c2:91:15:64:17:15|0|1|0|0|0|0
da:a4:cd:eb:58:26|0|3|0|0|0|0
00:31:92:b2:34:9c|1|0|0|0|0|0
