25
b4:e6:2d:f6:b6:a5
68:02:b8:1e:7f:1f|1228|0|29|0|4312|0
ff:ff:ff:ff:ff:ff|0|3515|0|7|0|532
6a:02:98:1e:7f:1f|1226|0|0|0|0|0
d8:b6:b7:7a:3a:61|1290|0|9|31|296|976
26:17:dc:59:74:f7|0|0|3|2|72|52
b4:e6:2d:f6:b6:a5|0|2|0|3|0|390
e6:35:23:4e:ab:99|0|0|8|2|200|52
a4:3e:a0:a4:2a:46|0|133|0|0|0|0
d8:8c:79:90:f4:9b|0|7|0|0|0|0
33:33:00:00:00:01|0|0|0|4|0|816
f0:72:ea:da:42:c6|0|14|0|0|0|0
33:33:00:00:00:02|0|0|0|1|0|96
33:33:ff:1e:b6:60|0|0|0|1|0|112
bc:54:51:02:a4:f0|0|0|20|2|704|52
80:58:f8:93:88:29|0|0|0|5|0|566
f0:5c:77:1a:f1:64|0|7|0|0|0|0
0e:26:0a:2f:38:6b|0|0|0|2|0|52
8e:ce:84:5f:9c:42|2|27|0|0|0|0
01:00:5e:00:00:fb|0|0|0|4|0|860
33:33:00:00:00:fb|0|0|0|4|0|940
1a:87:40:c4:22:73|0|22|0|0|0|0
64:b3:10:aa:e3:3c|0|1|0|0|0|0
26:46:c8:72:25:91|0|6|0|0|0|0
01:00:5e:00:00:01|0|0|0|1|0|88
92:7a:7c:f5:0f:2c|0|12|0|0|0|0
