70
b4:e6:2d:f6:b6:a5
6a:02:98:1e:7f:1f|1284|0|0|0|0|0
ff:ff:ff:ff:ff:ff|0|2760|0|293|0|59078
bc:54:51:02:a4:f0|0|0|22|4|752|472
d8:b6:b7:7a:3a:61|631|0|34|85|8549|2380
68:02:b8:1e:7f:1f|1285|0|359|0|81751|0
01:00:5e:7f:ff:fa|0|0|0|13|0|9008
33:33:00:00:00:0c|0|0|0|11|0|9074
33:33:00:00:00:16|0|0|0|8|0|996
01:00:5e:00:00:16|0|0|0|5|0|470
26:17:dc:59:74:f7|0|0|47|2|1128|52
01:00:5e:00:00:fb|0|0|0|15|0|3978
33:33:00:00:00:fb|0|0|0|14|0|4154
b4:e6:2d:f6:b6:a5|0|2|0|3|0|390
33:33:00:01:00:03|0|0|0|7|0|826
01:00:5e:00:00:fc|0|0|0|6|0|588
cc:88:26:36:b9:a7|47|60|0|0|0|0
a4:3e:a0:a4:2a:46|0|86|0|0|0|0
64:b3:10:aa:e3:3c|0|43|0|0|0|0
01:80:c2:00:00:0e|0|0|0|1|0|94
e6:35:23:4e:ab:99|0|0|16|2|500|52
4a:0e:26:81:ca:86|1|13|0|0|0|0
46:56:af:f6:0d:64|2|0|0|0|0|0
00:1c:bf:52:98:29|0|11|0|0|0|0
7a:66:5d:87:fc:9f|0|6|0|0|0|0
c0:ee:fb:43:db:fb|6|0|0|0|0|0
f6:10:6e:03:5e:81|0|5|0|0|0|0
3e:1b:e4:8e:31:ec|2|7|0|0|0|0
62:43:9a:70:04:bc|0|9|0|0|0|0
fa:7f:b1:5b:8f:74|2|1|0|0|0|0
d6:75:97:a1:79:54|0|7|0|0|0|0
0e:26:0a:2f:38:6b|0|0|0|2|0|52
6a:9d:8d:57:39:47|1|0|0|0|0|0
de:91:7e:2d:e6:d2|2|14|0|0|0|0
42:a6:09:71:f5:f9|1|0|0|0|0|0
86:ea:a6:2a:58:62|0|7|0|0|0|0
be:df:b9:a1:95:d6|0|7|0|0|0|0
56:18:ae:15:8c:23|1|7|0|0|0|0
d8:8c:79:90:f4:9b|0|7|0|0|0|0
2e:5d:6c:bb:14:26|0|6|0|0|0|0
26:94:9b:c4:cd:39|3|39|0|0|0|0
12:62:a6:63:7a:1f|0|7|0|0|0|0
00:0c:e7:6b:ad:7b|2|20|0|0|0|0
6e:39:6f:3c:bf:45|0|7|0|0|0|0
96:50:c8:dd:6f:95|1|2|0|0|0|0
fe:a9:bd:fa:06:0d|2|5|0|0|0|0
00:0c:e7:a1:35:c7|1|6|0|0|0|0
b0:ac:d2:04:78:ff|7|0|0|0|0|0
96:ff:f0:5b:07:b5|0|7|0|0|0|0
6a:47:1b:71:0e:77|2|13|0|0|0|0
d6:49:ac:40:e9:be|1|0|0|0|0|0
4e:4b:68:e4:f3:7b|2|2|0|0|0|0
aa:95:3d:51:af:fd|2|5|0|0|0|0
c8:66:5d:1f:4f:54|0|18|0|0|0|0
5a:0f:22:7a:05:40|1|12|0|0|0|0
42:2e:38:e5:b6:db|0|5|0|0|0|0
a2:1d:cd:9e:34:b5|0|1|0|0|0|0
00:0c:e7:2d:b9:46|1|7|0|0|0|0
2e:cf:9b:02:2b:4c|2|8|0|0|0|0
33:33:00:00:00:01|0|0|0|3|0|584
cc:4b:73:b0:02:dc|0|11|0|0|0|0
66:20:15:84:67:eb|2|11|0|0|0|0
fe:18:1b:1b:e9:8b|2|7|0|0|0|0
c0:8c:71:11:10:96|2|30|0|0|0|0
33:33:00:00:00:02|0|0|0|2|0|208
33:33:ff:c4:cd:39|0|0|0|1|0|112
33:33:ff:73:37:72|0|0|0|1|0|112
aa:76:c3:54:86:74|1|0|0|0|0|0
32:1c:06:a6:b9:37|1|2|0|0|0|0
ba:e1:86:a6:c7:bb|0|3|0|0|0|0
4e:98:ee:c9:d7:8b|0|14|0|0|0|0
