22
b4:e6:2d:f6:b6:a5
68:02:b8:1e:7f:1f|1252|0|99|1|36416|78
ff:ff:ff:ff:ff:ff|0|2346|0|12|0|1295
6a:02:98:1e:7f:1f|1251|0|0|0|0|0
01:00:5e:7f:ff:fa|0|0|0|60|0|30806
b4:e6:2d:f6:b6:a5|0|1|0|3|0|390
70:ee:50:73:4e:36|0|0|34|0|884|0
b0:95:75:4b:b9:26|0|0|0|34|0|884
a4:3e:a0:a4:2a:46|0|71|0|0|0|0
54:2a:a2:48:a3:f0|0|47|0|0|0|0
64:b3:10:aa:e3:3c|1|6|0|0|0|0
10:1c:0c:1a:10:10|3|0|0|0|0|0
1a:87:40:90:1f:c0|0|18|0|0|0|0
33:33:00:00:00:16|0|0|0|2|0|248
01:00:5e:00:00:fb|0|0|0|6|0|1128
33:33:00:00:00:fb|0|0|0|6|0|1248
01:00:5e:00:00:16|0|0|0|2|0|180
33:33:00:00:00:01|0|0|0|3|0|584
33:33:00:00:00:02|0|0|0|1|0|96
33:33:ff:1e:b6:60|0|0|0|1|0|112
c8:66:5d:1f:4f:54|0|12|0|0|0|0
d0:c6:37:81:ea:b1|0|6|0|0|0|0
80:58:f8:93:88:29|0|0|1|3|78|329
