25
b4:e6:2d:f6:b6:a5
68:02:b8:1e:7f:1f|1346|0|418|0|97153|0
ff:ff:ff:ff:ff:ff|0|2325|0|318|0|60646
6a:02:98:1e:7f:1f|1317|0|0|0|0|0
b4:e6:2d:f6:b6:a5|0|1|0|3|0|390
e0:9d:31:02:83:40|0|24|0|0|0|0
33:33:00:00:00:16|0|0|0|6|0|744
01:00:5e:00:00:16|0|0|0|7|0|650
01:00:5e:7f:ff:fa|0|0|0|62|0|30303
01:00:5e:00:00:fb|0|0|0|8|0|1672
33:33:00:00:00:fb|0|0|0|8|0|1832
33:33:00:01:00:03|0|0|0|1|0|129
01:00:5e:00:00:fc|0|0|0|1|0|109
54:2a:a2:48:a3:f0|0|36|0|0|0|0
10:1c:0c:1a:10:10|3|46|0|0|0|0
2e:1d:1c:f5:38:f2|5|18|0|0|0|0
68:02:b8:2e:8d:67|1|0|0|0|0|0
c8:66:5d:1f:4f:54|0|18|0|0|0|0
a4:3e:a0:a4:2a:46|0|113|0|0|0|0
33:33:00:00:00:01|0|0|0|3|0|584
1a:87:40:ca:8c:fb|0|36|0|0|0|0
01:80:c2:00:00:0e|0|0|0|1|0|94
5c:f8:21:84:a4:31|0|14|0|0|0|0
8e:ce:84:5f:9c:42|1|24|0|0|0|0
