36
b4:e6:2d:f6:c8:79
90:9a:4a:80:71:9a|1270|3|8|35|1360|2827
ff:ff:ff:ff:ff:ff|0|2392|0|23|0|2945
90:9a:4a:80:85:9e|1099|0|10|80|853|1920
68:ff:7b:c5:ca:c9|120|0|0|0|0|0
b8:27:eb:81:9a:d6|0|3|0|0|0|0
a4:50:46:4c:af:3b|0|0|4|0|312|0
b4:e6:2d:f6:c8:79|0|1|0|4|0|500
50:e0:85:84:55:94|19|62|0|0|0|0
ec:5c:68:84:b1:4b|1|9|0|0|0|0
54:2a:a2:73:c6:e9|5|31|0|0|0|0
e6:1d:78:73:e4:e3|0|0|5|9|130|1086
20:aa:4b:5b:e6:4b|52|0|32|5|4031|130
c0:06:c3:8f:c0:7b|2|3|13|1|734|78
44:07:0b:2f:49:8b|4|0|0|0|0|0
9e:ab:89:2d:82:91|0|32|80|10|1920|853
0e:42:d2:b5:de:79|0|3|0|0|0|0
28:6d:cd:09:2a:ea|1|3|3|0|78|0
48:5a:b6:22:0c:7e|0|6|0|0|0|0
22:48:f8:26:26:64|3|9|0|0|0|0
44:07:0b:70:9e:93|3|0|0|0|0|0
00:08:07:76:35:b7|0|1|0|0|0|0
f4:f5:d8:8d:f2:58|1|2|0|0|0|0
c0:06:c3:8f:c7:99|0|0|15|3|1703|782
aa:48:38:98:ae:cb|2|0|0|0|0|0
84:cf:bf:8f:18:40|0|3|0|0|0|0
1c:bf:ce:e3:fb:45|0|1|0|0|0|0
24:77:03:d4:12:38|2|16|0|0|0|0
e2:27:86:80:c3:bd|0|0|3|0|72|0
f4:cf:e2:ea:1e:e2|0|0|0|3|0|72
00:1d:c9:07:2b:f1|4|0|0|0|0|0
44:07:0b:6c:b6:e3|1|0|0|0|0|0
a6:23:9c:e5:b4:cb|1|0|0|0|0|0
3c:8d:20:4f:d8:e9|2|0|0|0|0|0
c0:87:eb:8e:48:ef|2|12|0|0|0|0
f4:f2:6d:90:44:3c|1|0|0|0|0|0
a2:be:ba:5f:00:de|0|3|0|0|0|0
