25
b4:e6:2d:f6:b6:a5
68:02:b8:1e:7f:1f|1257|0|10|0|2038|0
ff:ff:ff:ff:ff:ff|0|2399|0|2|0|188
6a:02:98:1e:7f:1f|1174|0|0|0|0|0
02:aa:3f:a7:c9:b1|87|0|0|0|0|0
b4:e6:2d:f6:b6:a5|0|2|0|3|0|390
02:aa:3f:a7:c9:b2|86|0|4|0|1301|0
5c:f8:21:84:a4:31|0|6|0|0|0|0
c8:66:5d:1f:4f:54|0|18|0|0|0|0
a4:3e:a0:a4:2a:46|0|107|0|0|0|0
76:bf:34:56:a2:05|0|1|0|0|0|0
58:b1:0f:56:36:08|0|12|0|0|0|0
10:1c:0c:1a:10:10|3|12|0|0|0|0
8e:29:4a:29:6e:7f|0|1|0|0|0|0
2a:39:60:65:c0:98|0|1|0|0|0|0
8e:ce:84:5f:9c:42|3|36|0|0|0|0
82:4f:78:b6:a0:f8|0|1|0|0|0|0
4a:8e:91:bb:6c:93|0|1|0|0|0|0
01:00:5e:7f:ff:fa|0|0|0|1|0|516
64:b3:10:aa:e3:3c|0|6|0|0|0|0
33:33:00:00:00:01|0|0|0|3|0|584
8a:7f:03:d5:e3:d4|0|1|0|0|0|0
01:00:5e:00:00:fb|0|0|0|2|0|512
33:33:00:00:00:fb|0|0|0|2|0|552
ba:bb:cb:ab:60:65|0|6|0|0|0|0
