40
b4:e6:2d:f6:c8:79
90:9a:4a:80:85:9e|1128|12|41|131|25626|3384
ff:ff:ff:ff:ff:ff|0|2946|0|49|0|9051
90:9a:4a:80:71:9a|1260|6|129|172|43910|32363
20:aa:4b:5b:e6:4b|591|0|49|0|8995|0
28:6d:cd:09:2a:ea|0|0|41|5|9404|633
68:ff:7b:c5:ca:c9|101|0|0|0|0|0
44:46:87:a9:e4:4b|0|2|0|0|0|0
64:a2:f9:b6:88:f9|1|0|0|0|0|0
04:6c:59:1b:72:04|12|21|120|2|3120|156
9e:ab:89:2d:82:91|0|27|11|12|264|15056
d8:47:32:54:de:63|0|4|0|0|0|0
c0:06:c3:8f:c0:7b|4|8|11|8|1108|866
a6:23:9c:e5:b4:cb|12|45|0|0|0|0
44:07:0b:2f:49:8b|10|0|0|0|0|0
01:00:5e:00:00:01|0|0|0|2|0|160
c0:06:c3:8f:c7:99|0|0|8|4|702|474
56:68:61:2c:82:5b|6|11|0|0|0|0
a4:50:46:4c:af:3b|2|2|112|108|21149|41483
01:00:5e:7f:ff:fa|0|0|0|22|0|9849
f0:ef:86:05:a3:fa|0|2|0|0|0|0
b4:e6:2d:f6:c8:79|0|3|0|4|0|454
20:1f:3b:3a:bb:3d|1|0|0|0|0|0
