39
b4:e6:2d:f6:b6:a5
68:02:b8:1e:7f:1f|1297|0|481|16|103583|468
ff:ff:ff:ff:ff:ff|0|3575|0|353|0|63151
6a:02:98:1e:7f:1f|1295|0|0|0|0|0
d8:b6:b7:7a:3a:61|1393|0|14|42|1632|1016
01:00:5e:7f:ff:fa|0|0|0|86|0|34384
70:2e:22:8d:72:74|63|0|0|0|0|0
4e:9b:05:55:9f:ce|5|79|0|0|0|0
82:c5:f5:30:30:15|0|6|0|0|0|0
b4:e6:2d:f6:b6:a5|0|1|0|3|0|390
80:1f:02:b4:07:ae|1|13|16|1|468|96
26:17:dc:59:74:f7|0|0|22|1|528|26
bc:54:51:02:a4:f0|0|0|0|2|0|52
e6:35:23:4e:ab:99|0|0|8|2|200|52
0e:26:0a:2f:38:6b|0|0|12|2|288|52
a4:3e:a0:a4:2a:46|0|185|0|0|0|0
01:00:5e:00:00:01|0|0|0|1|0|88
1a:37:ac:8b:6d:d2|0|7|0|0|0|0
5c:f8:21:84:a4:31|0|7|0|0|0|0
f0:72:ea:da:42:c6|0|7|0|0|0|0
3e:5c:45:26:da:52|0|7|0|0|0|0
33:33:00:00:00:01|0|0|0|4|0|816
33:33:00:00:00:02|0|0|0|1|0|96
33:33:ff:1e:b6:60|0|0|0|1|0|112
ce:e7:c5:d2:57:64|0|7|0|0|0|0
48:51:b7:61:69:35|0|7|0|0|0|0
4c:fc:aa:04:03:83|0|22|0|0|0|0
01:00:5e:00:00:fb|0|0|0|10|0|1863
33:33:00:00:00:fb|0|0|0|10|0|2063
8e:92:ce:af:dc:8b|0|1|0|0|0|0
c8:66:5d:1f:4f:54|0|24|0|0|0|0
f8:77:b8:53:10:e8|8|93|0|0|0|0
33:33:00:00:00:16|0|0|0|8|0|992
01:00:5e:00:00:16|0|0|0|8|0|744
33:33:00:01:00:03|0|0|0|1|0|129
01:00:5e:00:00:fc|0|0|0|1|0|109
64:b3:10:aa:e3:3c|0|8|0|0|0|0
84:16:f9:07:68:71|0|1|0|0|0|0
d8:8c:79:90:f4:9b|0|7|0|0|0|0
c0:ee:fb:43:db:fb|0|5|0|0|0|0
