34
b4:e6:2d:f6:c8:79
90:9a:4a:80:85:9e|1171|5|32|441|7711|11396
ff:ff:ff:ff:ff:ff|0|2400|0|6|0|993
04:6c:59:1b:72:04|3|11|406|2|10556|156
90:9a:4a:80:71:9a|1208|8|25|80|3436|9788
c0:06:c3:8f:c7:99|4|8|8|5|1010|1112
c0:87:eb:8e:48:ef|0|6|0|0|0|0
28:6d:cd:09:2a:ea|0|0|30|4|6654|474
44:07:0b:70:9e:93|4|0|0|0|0|0
e6:1d:78:73:e4:e3|0|0|36|1|1040|547
20:aa:4b:5b:e6:4b|65|0|6|36|2061|1040
a4:50:46:4c:af:3b|0|0|32|0|1040|0
01:00:5e:7f:ff:fa|0|0|0|16|0|5833
9e:ab:89:2d:82:91|3|8|35|2|840|156
f4:f5:d8:8d:f2:58|2|0|0|0|0|0
b8:27:eb:81:9a:d6|2|0|0|0|0|0
da:a1:19:f4:f4:f4|2|10|0|0|0|0
c0:06:c3:8f:c0:7b|4|9|10|12|1084|1396
44:07:0b:2f:49:8b|8|0|0|0|0|0
01:00:5e:00:00:fb|0|0|0|6|0|1647
01:00:5e:00:00:16|0|0|0|5|0|440
b4:e6:2d:f6:c8:79|0|1|0|4|0|454
04:ea:56:43:69:3f|2|0|0|0|0|0
68:ff:7b:c5:ca:c9|2|0|0|0|0|0
20:df:b9:ac:28:3b|3|0|0|0|0|0
f0:f6:c1:d5:cb:42|0|9|0|0|0|0
20:1f:3b:3a:bb:3d|4|0|0|0|0|0
f6:89:7a:3d:6e:59|2|0|0|0|0|0
f0:ef:86:06:76:35|0|6|0|0|0|0
da:a1:19:50:98:70|0|8|0|0|0|0
00:08:07:76:35:b7|0|1|0|0|0|0
08:9e:08:bc:6c:2b|0|1|0|0|0|0
ca:a9:73:f5:1a:41|0|3|0|0|0|0
44:07:0b:89:e4:ab|8|0|0|0|0|0
46:c8:2c:87:d9:d5|0|3|0|0|0|0
