40
b4:e6:2d:f6:b6:a5
68:02:b8:1e:7f:1f|1359|2|2144|1002|2325187|26208
ff:ff:ff:ff:ff:ff|0|2339|0|147|0|13689
6a:02:98:1e:7f:1f|1362|0|0|0|0|0
70:ee:50:73:4e:36|0|0|61|0|1576|0
b0:95:75:4b:b9:26|0|0|0|61|0|1576
4e:9b:05:55:9f:ce|4|12|1002|1779|26208|2234453
44:fe:3b:06:5c:71|147|0|0|0|0|0
9e:74:fc:8e:60:2c|0|4|0|0|0|0
a4:3e:a0:a4:2a:46|0|79|0|0|0|0
b4:e6:2d:f6:b6:a5|0|1|0|5|0|574
10:f1:f2:0d:44:82|15|70|0|0|0|0
9a:37:ba:82:90:67|0|5|0|0|0|0
f0:5c:77:1a:f1:64|0|5|0|0|0|0
01:00:5e:7f:ff:fa|0|0|0|35|0|7035
01:00:5e:00:00:fb|0|0|0|29|0|7498
54:2a:a2:48:a3:f0|0|147|0|0|0|0
04:1b:6d:c4:91:76|12|26|0|0|0|0
dc:41:a9:b1:30:a0|0|20|0|91|0|55032
62:e5:e5:0c:c1:c2|2|3|0|0|0|0
a2:c4:70:c1:24:9d|0|6|0|0|0|0
9c:5d:12:d7:43:d4|0|6|0|0|0|0
00:1c:bf:52:98:29|0|13|0|0|0|0
10:1c:0c:1a:10:10|3|30|0|0|0|0
2c:db:07:46:b4:19|0|6|0|0|0|0
60:f2:62:7f:33:bb|0|8|0|0|0|0
2a:79:2a:6e:26:bf|0|2|0|0|0|0
5a:79:c9:56:ee:0d|0|14|0|0|0|0
c8:66:5d:1f:4f:54|0|6|0|0|0|0
33:33:00:00:00:16|0|0|0|19|0|2376
01:00:5e:00:00:16|0|0|0|19|0|1680
33:33:00:00:00:fb|0|0|0|10|0|1740
33:33:00:01:00:03|0|0|0|5|0|605
01:00:5e:00:00:fc|0|0|0|5|0|505
26:94:9b:c4:cd:39|2|58|0|0|0|0
84:16:f9:07:68:71|0|6|0|0|0|0
5c:f5:da:55:8b:f6|0|3|0|0|0|0
64:b3:10:aa:e3:3c|0|22|0|0|0|0
f0:72:ea:da:42:c6|0|6|0|0|0|0
5a:ba:cf:18:cb:c3|0|6|0|0|0|0
7e:7e:e3:f1:1f:8a|0|1|0|0|0|0
