40
b4:e6:2d:f6:b6:a5
d8:b6:b7:7a:3a:61|1048|0|10|34|1084|1044
ff:ff:ff:ff:ff:ff|0|3160|0|278|0|55532
68:02:b8:1e:7f:1f|1241|0|292|0|57810|0
6a:02:98:1e:7f:1f|1241|0|0|0|0|0
b4:e6:2d:f6:b6:a5|0|2|0|3|0|390
33:33:00:00:00:01|0|0|0|4|0|816
a4:3e:a0:a4:2a:46|0|147|0|0|0|0
fe:1a:a7:c5:0b:21|0|7|0|0|0|0
be:58:4b:3b:f0:fa|0|7|0|0|0|0
f0:72:ea:da:42:c6|0|14|0|0|0|0
8e:ce:84:5f:9c:42|2|11|0|0|0|0
bc:54:51:02:a4:f0|0|0|21|3|726|446
84:16:f9:07:68:71|0|7|0|0|0|0
b6:62:12:b5:cb:25|0|7|0|0|0|0
80:be:05:5f:13:d9|0|7|0|0|0|0
f0:5c:77:1a:f1:64|0|13|0|0|0|0
e6:35:23:4e:ab:99|0|0|9|2|222|52
62:a8:6f:fd:78:1b|0|7|0|0|0|0
26:17:dc:59:74:f7|0|0|0|2|0|52
0e:26:0a:2f:38:6b|0|0|4|1|96|26
90:32:4b:9f:fb:57|0|7|0|0|0|0
c8:66:5d:1f:4f:54|0|38|0|0|0|0
da:a1:19:3f:80:35|0|28|0|0|0|0
80:30:49:55:d3:2f|0|10|0|0|0|0
8e:d1:f8:97:68:d9|2|1|0|0|0|0
01:00:5e:7f:ff:fa|0|0|0|2|0|508
9e:c8:12:83:9d:c8|0|7|0|0|0|0
46:e6:7c:3f:cb:36|2|2|0|0|0|0
5c:f5:da:55:8b:f6|0|1|0|0|0|0
f2:8a:d3:ed:16:30|2|5|0|0|0|0
be:bd:12:d1:16:47|2|11|0|0|0|0
aa:ef:4e:01:65:e6|2|3|0|0|0|0
64:b3:10:aa:e3:3c|0|12|0|0|0|0
02:b3:f0:07:5e:ac|2|13|0|0|0|0
01:00:5e:00:00:fb|0|0|0|3|0|444
33:33:00:00:00:fb|0|0|0|3|0|504
33:33:00:00:00:16|0|0|0|1|0|124
26:dd:2a:72:c8:e3|2|6|0|0|0|0
d8:8c:79:90:f4:9b|0|7|0|0|0|0
0e:c4:62:b4:06:2d|0|6|0|0|0|0
