14
b4:e6:2d:f6:b6:a5
68:02:b8:1e:7f:1f|1249|0|3|0|390|0
ff:ff:ff:ff:ff:ff|0|2347|0|0|0|0
6a:02:98:1e:7f:1f|1250|0|0|0|0|0
a4:3e:a0:a4:2a:46|0|59|0|0|0|0
b4:e6:2d:f6:b6:a5|0|1|0|3|0|390
1a:87:40:7a:6c:5a|0|18|0|0|0|0
70:ee:50:73:4e:36|0|0|51|0|1318|0
b0:95:75:4b:b9:26|0|0|0|51|0|1318
10:1c:0c:1a:10:10|3|30|0|0|0|0
58:b1:0f:56:36:08|0|12|0|0|0|0
56:36:85:99:5d:9b|0|11|0|0|0|0
c8:66:5d:1f:4f:54|0|6|0|0|0|0
da:a1:19:96:6a:f9|0|6|0|0|0|0
64:b3:10:aa:e3:3c|0|12|0|0|0|0
