34
b4:e6:2d:f6:b6:a5
68:02:b8:1e:7f:1f|1393|0|435|11|102746|286
ff:ff:ff:ff:ff:ff|0|2354|0|303|0|57756
6a:02:98:1e:7f:1f|1390|0|0|0|0|0
01:00:5e:7f:ff:fa|0|0|0|106|0|41644
b4:e6:2d:f6:b6:a5|0|2|0|3|0|390
a4:3e:a0:a4:2a:46|0|72|0|0|0|0
54:2a:a2:48:a3:f0|0|78|0|0|0|0
01:00:5e:00:00:fb|0|0|0|6|0|822
70:ee:50:73:4e:36|0|0|56|0|1454|0
b0:95:75:4b:b9:26|0|0|0|56|0|1454
ba:a6:46:fe:02:a7|0|12|0|0|0|0
80:1f:02:b4:07:ae|0|0|11|12|286|1342
4a:fd:fb:ff:8d:be|0|12|0|0|0|0
10:1c:0c:1a:10:10|3|0|0|0|0|0
d0:fc:cc:40:1b:37|0|18|0|0|0|0
62:9b:69:42:c4:1b|0|6|0|0|0|0
4e:9b:05:55:9f:ce|4|36|0|0|0|0
7e:ed:86:c3:4c:e5|0|12|0|0|0|0
84:16:f9:07:68:71|0|6|0|0|0|0
9e:f6:bc:ca:61:f2|0|24|0|0|0|0
f6:77:3f:e7:16:21|0|12|0|0|0|0
80:58:f8:93:88:29|0|30|0|0|0|0
9c:5d:12:d7:43:d4|0|6|0|0|0|0
