46
b4:e6:2d:f6:c8:79
9e:ab:89:2d:82:91|0|0|596|5|14304|390
90:9a:4a:80:85:9e|964|7|81|793|25526|19426
90:9a:4a:80:71:9a|1281|15|39|65|4626|6744
ff:ff:ff:ff:ff:ff|0|2762|0|19|0|2664
68:ff:7b:c5:ca:c9|596|0|0|0|0|0
04:6c:59:1b:72:04|11|20|197|4|5122|312
c0:06:c3:8f:c0:7b|7|14|8|14|754|1665
b4:e6:2d:f6:c8:79|0|6|0|4|0|482
14:c1:4e:07:26:d2|3|0|0|0|0|0
84:e3:42:4b:9d:4f|17|0|0|0|0|0
20:aa:4b:5b:e6:4b|20|0|17|36|2412|5586
34:02:86:11:c3:80|0|0|36|0|5586|0
33:33:00:01:00:03|0|0|0|1|0|124
01:00:5e:00:00:fc|0|0|0|1|0|104
28:6d:cd:09:2a:ea|0|0|23|4|4904|421
88:46:04:50:5c:49|1|3|0|0|0|0
50:e0:85:84:55:94|3|8|0|0|0|0
7c:b2:7d:d3:ca:b1|0|3|0|0|0|0
9a:d5:f2:19:65:87|1|7|0|0|0|0
72:1e:c8:5b:51:f8|2|0|0|0|0|0
2a:fa:e3:7b:63:56|0|1|0|0|0|0
01:00:5e:00:00:fb|0|0|0|7|0|1000
c0:06:c3:8f:c7:99|3|6|4|3|150|343
01:00:5e:7f:ff:fa|0|0|0|58|0|23108
48:5a:b6:22:0c:7e|3|43|0|0|0|0
a4:50:46:4c:af:3b|5|22|30|14|936|1715
ca:f6:11:16:a6:b6|1|6|0|0|0|0
bc:54:2f:5e:b7:f3|2|5|0|0|0|0
00:08:07:76:35:b7|0|1|0|0|0|0
44:07:0b:60:bf:75|2|0|0|0|0|0
10:fe:ed:a2:a3:dc|0|0|1|0|120|0
b0:a7:b9:89:64:1f|2|0|0|0|0|0
44:07:0b:2f:49:8b|10|0|0|0|0|0
f4:f5:d8:8d:f2:58|6|6|0|0|0|0
02:54:a8:64:73:05|0|1|0|0|0|0
44:07:0b:70:9e:93|2|0|0|0|0|0
68:bf:c4:01:5f:c0|0|2|0|0|0|0
38:80:df:8c:3e:f2|1|3|0|0|0|0
da:a1:19:4d:ca:d3|0|3|0|0|0|0
94:9f:3e:84:df:5a|0|3|0|0|0|0
f2:b2:80:0a:ea:79|1|0|0|0|0|0
e6:24:1e:0d:d7:84|0|1|0|0|0|0
20:df:b9:ac:28:3b|1|0|0|0|0|0
01:00:5e:00:00:01|0|0|0|1|0|84
20:1f:3b:3a:bb:3d|3|0|0|0|0|0
01:00:5e:00:00:16|0|0|0|3|0|272
