76
b4:e6:2d:f6:c8:79
20:aa:4b:5b:e6:4b|711|0|81|28|14087|672
ff:ff:ff:ff:ff:ff|0|3176|0|50|0|8157
90:9a:4a:80:85:9e|1238|14|87|388|27709|9922
04:6c:59:1b:72:04|10|18|306|5|8362|744
9e:ab:89:2d:82:91|4|18|83|8|1992|704
90:9a:4a:80:71:9a|1245|4|13|40|1409|7031
28:6d:cd:09:2a:ea|0|0|29|3|6323|315
01:00:5e:00:00:fb|0|0|0|15|0|2816
68:ff:7b:c5:ca:c9|125|0|0|0|0|0
b4:e6:2d:f6:c8:79|0|1|0|5|0|544
01:00:5e:7f:ff:fa|0|0|0|52|0|23115
34:02:86:11:c3:80|0|0|0|26|0|5354
cc:50:e3:f0:6b:20|0|0|28|0|672|0
84:e3:42:4b:9d:4f|25|0|0|0|0|0
8e:08:c5:24:ea:34|1|0|0|0|0|0
c2:b4:ab:f1:33:f8|1|0|0|0|0|0
2a:32:d8:37:3d:f8|0|6|0|0|0|0
1e:34:2f:5b:d2:ab|0|4|0|0|0|0
72:1e:c8:5b:51:f8|3|0|0|0|0|0
c0:06:c3:8f:c7:99|4|8|8|4|636|474
20:f4:78:24:ce:e8|0|5|0|0|0|0
1c:bf:ce:e3:fb:45|0|8|0|0|0|0
44:07:0b:2f:49:8b|8|0|0|0|0|0
f0:ef:86:05:a3:fa|0|10|0|0|0|0
42:d1:f4:b8:a5:c2|0|1|0|0|0|0
e4:5f:01:5c:9d:89|0|1|0|0|0|0
ce:44:bc:61:01:21|0|2|0|0|0|0
9a:b8:6e:5e:8b:51|0|13|0|0|0|0
1e:94:1d:6b:8b:92|0|1|0|0|0|0
2a:6c:b2:c0:8a:a4|0|3|0|0|0|0
ea:4b:9d:2d:2a:c7|0|1|0|0|0|0
01:00:5e:00:00:01|0|0|0|2|0|160
ce:86:d0:70:7e:e1|1|0|0|0|0|0
74:df:bf:45:ac:65|0|1|0|0|0|0
c0:06:c3:8f:c0:7b|0|0|3|0|72|0
01:00:5e:00:00:16|0|0|0|6|0|528
b4:75:0e:da:6c:72|1|0|0|0|0|0
b4:75:0e:da:6c:73|2|0|0|0|0|0
3c:8d:20:4f:d8:e9|7|0|0|0|0|0
b8:27:eb:81:9a:d6|0|1|0|0|0|0
6e:2c:b1:c2:e7:75|0|4|0|0|0|0
c2:08:95:48:93:2c|0|1|0|0|0|0
e2:f3:5c:3e:9a:5e|1|23|0|0|0|0
b6:02:3a:46:28:fe|0|8|0|0|0|0
33:33:00:00:00:fb|0|0|0|2|0|260
01:00:5e:00:00:fc|0|0|0|1|0|104
33:33:00:01:00:03|0|0|0|2|0|248
f4:f5:d8:8d:f2:58|8|5|0|0|0|0
20:1f:3b:3a:bb:3d|3|0|0|0|0|0
84:d8:1b:29:48:82|3|0|0|0|0|0
f0:ef:86:06:76:35|0|1|0|0|0|0
56:f7:b0:2c:66:fc|5|14|0|0|0|0
d6:e2:15:c8:95:3f|0|1|0|0|0|0
5e:f5:a1:b7:db:d3|0|6|0|0|0|0
ae:5c:49:32:78:48|0|1|0|0|0|0
6a:03:5f:d7:e0:2d|0|2|0|0|0|0
7a:2d:8e:9e:d5:e8|0|10|0|0|0|0
32:1f:83:f9:da:c6|0|1|0|0|0|0
0e:ee:cf:b5:9b:a0|0|3|0|0|0|0
4a:69:ef:0f:73:c7|0|1|0|0|0|0
c6:ae:66:26:2b:76|0|2|0|0|0|0
be:f6:e7:e1:67:f3|1|6|0|0|0|0
f2:a2:9b:51:74:52|0|0|3|0|72|0
0c:80:63:47:1f:23|0|0|0|3|0|72
12:e8:29:e4:16:89|2|0|0|0|0|0
54:60:09:e2:ee:aa|0|1|0|0|0|0
7c:2e:bd:f4:94:ee|6|0|0|0|0|0
bc:54:2f:5e:b7:f3|1|3|0|0|0|0
1a:e5:be:2a:47:83|0|2|0|0|0|0
ee:69:c6:65:ee:6f|0|5|0|0|0|0
6a:bd:5a:9d:f3:b7|0|5|0|0|0|0
