47
b4:e6:2d:f6:c8:79
90:9a:4a:80:85:9e|1132|0|9|14|688|336
ff:ff:ff:ff:ff:ff|0|3211|0|73|0|12872
90:9a:4a:80:71:9a|1254|9|555|602|219401|278362
20:aa:4b:5b:e6:4b|956|0|69|0|12644|0
c0:06:c3:8f:c0:7b|5|10|10|9|1003|944
68:ff:7b:c5:ca:c9|42|0|0|0|0|0
00:9d:6b:1b:82:15|2|0|0|0|0|0
b4:e6:2d:f6:c8:79|0|4|0|4|0|454
f4:f2:6d:90:44:3c|11|0|0|0|0|0
28:6d:cd:09:2a:ea|0|0|41|40|8873|7065
ae:0b:1a:40:d4:67|0|2|0|0|0|0
a4:50:46:4c:af:3b|4|19|544|498|267943|210464
4a:16:05:ef:f5:25|0|2|0|0|0|0
44:07:0b:70:9e:93|1|0|0|0|0|0
f0:ef:86:06:76:35|0|19|0|0|0|0
c8:e2:65:a0:2f:67|0|1|0|0|0|0
aa:2a:87:5e:08:2d|0|6|0|0|0|0
01:00:5e:00:00:01|0|0|0|1|0|76
2e:eb:44:83:9c:ce|0|1|0|0|0|0
4e:70:e0:af:73:55|3|0|0|0|0|0
9e:ab:89:2d:82:91|0|0|14|2|336|156
02:33:f7:67:97:91|1|8|0|0|0|0
56:68:61:2c:82:5b|3|11|0|0|0|0
c0:06:c3:8f:c7:99|0|0|7|4|543|474
e4:5f:01:5c:9d:89|0|9|0|0|0|0
01:00:5e:00:00:fa|0|0|0|2|0|228
da:a1:19:99:99:99|1|11|0|0|0|0
f6:57:54:47:0b:c9|0|4|0|0|0|0
00:08:07:76:35:b7|0|9|0|0|0|0
1c:bf:ce:e3:fb:45|0|10|0|0|0|0
ac:d1:b8:8d:4b:a1|0|5|0|0|0|0
f0:5c:77:12:21:75|0|4|0|0|0|0
c0:87:eb:8e:48:ef|0|4|0|0|0|0
20:1f:3b:3a:bb:3d|2|0|0|0|0|0
00:24:d6:f5:65:ef|0|2|0|0|0|0
ea:f2:a0:f1:08:ea|0|3|0|0|0|0
f4:f5:d8:8d:f2:58|0|9|0|0|0|0
22:e2:a5:2a:38:3f|0|1|0|0|0|0
22:48:f8:26:26:64|8|42|0|0|0|0
34:c0:59:00:a0:8f|0|1|0|0|0|0
a2:1a:60:de:1d:b6|0|3|0|0|0|0
44:07:0b:2f:49:8b|7|0|0|0|0|0
f2:80:ef:47:16:92|0|1|0|0|0|0
08:9e:08:bc:6c:2b|0|3|0|0|0|0
ea:36:1b:bd:3c:f9|0|3|0|0|0|0
92:9a:83:1b:35:89|0|3|0|0|0|0
e6:5a:b8:48:32:38|0|2|0|0|0|0
