56
b4:e6:2d:f6:c8:79
20:aa:4b:5b:e6:4b|405|0|28|74|5096|2016
ff:ff:ff:ff:ff:ff|0|2784|0|28|0|5120
90:9a:4a:80:85:9e|1280|37|81|269|26866|6798
90:9a:4a:80:71:9a|1272|11|60|44|7394|7787
84:e3:42:4b:9d:4f|28|0|0|0|0|0
cc:50:e3:f0:6b:20|0|0|74|0|2016|0
04:6c:59:1b:72:04|36|50|171|4|4446|312
e4:5f:01:5c:9d:89|0|2|0|0|0|0
b4:e6:2d:f6:c8:79|0|1|0|13|0|1636
01:00:5e:7f:ff:fa|0|0|0|54|0|23361
28:6d:cd:09:2a:ea|0|0|29|19|6495|2331
9e:ab:89:2d:82:91|1|28|98|5|2352|390
68:ff:7b:c5:ca:c9|13|0|0|0|0|0
20:df:b9:ac:28:3b|3|0|0|0|0|0
f0:ef:86:05:a3:fa|0|11|0|0|0|0
24:77:03:d4:12:38|2|16|0|0|0|0
b2:a0:d5:a7:74:68|0|4|0|0|0|0
3c:8d:20:4f:d8:e9|2|0|0|0|0|0
a0:2c:36:28:1e:19|0|6|0|0|0|0
01:00:5e:00:00:fb|0|0|0|14|0|2437
c0:06:c3:8f:c0:7b|5|8|7|14|590|1693
6e:f4:ac:ad:f3:b2|0|1|0|0|0|0
ac:67:84:5b:07:e3|14|55|0|0|0|0
f4:f5:d8:8d:f2:58|7|3|0|0|0|0
14:c1:4e:07:26:d2|2|0|0|0|0|0
f2:b2:80:0a:ea:79|1|0|0|0|0|0
54:60:09:01:a1:78|3|0|0|0|0|0
56:e5:40:d1:06:8c|0|1|0|0|0|0
44:07:0b:70:9e:93|3|0|0|0|0|0
0e:21:76:9b:01:0e|0|5|0|0|0|0
c0:06:c3:8f:c7:99|6|12|8|14|702|1734
4a:b1:e8:62:b3:50|0|10|0|0|0|0
54:60:09:e2:ee:aa|0|6|0|0|0|0
bc:54:2f:5e:b7:f3|0|8|0|0|0|0
da:a1:19:76:9d:73|0|2|0|0|0|0
3a:af:26:85:08:e3|0|7|0|0|0|0
20:1f:3b:3a:bb:3d|4|0|0|0|0|0
44:07:0b:60:bf:75|3|0|0|0|0|0
c0:3c:59:74:68:2d|0|1|0|0|0|0
50:d4:f7:59:b0:8b|1|0|0|0|0|0
ca:f6:da:ef:eb:15|0|11|0|0|0|0
01:00:5e:00:00:01|0|0|0|1|0|84
01:00:5e:00:00:16|0|0|0|3|0|264
84:cf:bf:8f:18:40|0|3|0|0|0|0
00:08:07:76:35:b7|0|4|0|0|0|0
48:d6:d5:7c:5a:40|3|0|0|0|0|0
88:3d:24:10:7e:ce|0|1|0|0|0|0
b8:27:eb:81:9a:d6|1|0|0|0|0|0
0e:e9:29:ea:e1:12|0|3|0|0|0|0
3a:d4:23:c0:96:51|0|3|0|0|0|0
50:d4:f7:dc:1f:d0|0|0|1|0|120|0
01:00:5e:00:00:fa|0|0|0|1|0|114
22:48:f8:26:26:64|1|3|0|0|0|0
5c:5f:67:4a:d7:b0|1|0|0|0|0|0
a6:23:9c:e5:b4:cb|2|0|0|0|0|0
08:9e:08:bc:6c:2b|0|2|0|0|0|0
