107
b4:e6:2d:f6:b6:a5
68:02:b8:1e:7f:1f|1460|0|285|0|57825|0
ff:ff:ff:ff:ff:ff|0|3547|0|275|0|56040
6a:02:98:1e:7f:1f|1486|0|0|0|0|0
d8:b6:b7:7a:3a:61|2002|0|5|50|192|1432
32:4f:c8:48:1f:f0|2|20|0|0|0|0
e2:56:14:18:9b:35|0|7|0|0|0|0
b4:e6:2d:f6:b6:a5|0|1|0|4|0|562
70:ee:50:73:4e:36|0|0|54|0|1392|0
b0:95:75:4b:b9:26|0|0|0|54|0|1392
b2:01:7e:45:ee:02|0|6|0|0|0|0
ac:c3:58:64:58:fc|0|77|0|0|0|0
be:a4:50:30:c3:cd|0|7|0|0|0|0
22:b3:5e:30:f8:a7|3|7|0|0|0|0
bc:54:51:02:a4:f0|0|0|26|2|848|52
66:15:66:fd:1d:16|0|24|0|0|0|0
02:77:bb:b7:b9:49|0|10|0|0|0|0
e6:35:23:4e:ab:99|0|0|8|2|200|52
2a:ac:9b:b7:6a:d0|1|26|0|0|0|0
7e:63:d4:c4:0e:ab|4|16|0|0|0|0
26:17:dc:59:74:f7|0|0|14|0|336|0
c8:66:5d:1f:4f:54|0|18|0|0|0|0
fe:84:ff:6d:47:ff|0|13|0|0|0|0
a4:3e:a0:a4:2a:46|0|90|0|0|0|0
5e:0b:0e:44:b2:d2|0|9|0|0|0|0
6e:df:46:d5:6e:83|0|25|0|0|0|0
e2:ca:0f:76:94:b0|0|21|0|0|0|0
7e:99:84:8d:a7:9f|0|21|0|0|0|0
ac:5f:3e:3d:08:c7|0|34|0|0|0|0
96:94:35:63:e3:c5|0|7|0|0|0|0
12:1c:84:5b:cf:99|2|28|0|0|0|0
66:48:66:2e:e5:3d|0|15|0|0|0|0
96:ed:29:95:de:0e|0|17|0|0|0|0
b2:b5:63:1f:c4:db|0|20|0|0|0|0
62:34:b7:37:cd:e4|0|8|0|0|0|0
b6:cb:40:c0:c4:78|0|14|0|0|0|0
be:e5:9c:1b:b9:08|0|13|0|0|0|0
56:e2:41:08:be:03|0|7|0|0|0|0
ba:f8:8f:13:d8:87|0|15|0|0|0|0
6e:60:64:5c:b4:c7|0|7|0|0|0|0
64:b3:10:aa:e3:3c|0|22|0|0|0|0
e2:61:e1:a2:16:80|0|10|0|0|0|0
96:22:40:5f:62:71|0|13|0|0|0|0
4a:6f:29:d4:dd:f7|3|35|0|0|0|0
4e:22:0a:e0:f8:64|0|1|0|0|0|0
56:c4:03:9c:b4:3b|3|20|0|0|0|0
26:c6:fe:17:d4:35|2|7|0|0|0|0
26:7b:07:fe:41:92|0|1|0|0|0|0
2c:db:07:46:b4:19|0|7|0|0|0|0
b6:34:b0:23:e0:54|3|26|0|0|0|0
74:df:bf:a3:9d:7c|0|26|0|0|0|0
fa:98:e4:71:b8:dc|0|12|0|0|0|0
92:43:dd:77:1a:2b|0|7|0|0|0|0
84:16:f9:07:68:71|0|14|0|0|0|0
36:24:f0:d3:80:44|3|20|0|0|0|0
d2:e8:60:31:cb:a1|0|20|0|0|0|0
be:cd:ca:e4:ae:bf|0|13|0|0|0|0
e2:f9:58:92:1e:29|3|15|0|0|0|0
f0:72:ea:da:42:c6|0|14|0|0|0|0
d6:ab:92:57:1c:d2|0|7|0|0|0|0
0e:48:08:9f:30:b8|0|19|0|0|0|0
02:f9:25:f3:1b:d4|0|11|0|0|0|0
72:eb:40:8a:91:1a|0|7|0|0|0|0
6e:49:87:86:5f:3d|0|37|0|0|0|0
cc:4b:73:b0:02:dc|0|14|0|0|0|0
72:84:10:9d:90:30|0|7|0|0|0|0
ce:1f:af:a2:8e:aa|0|15|0|0|0|0
36:b8:d0:df:88:8b|2|26|0|0|0|0
ea:5c:5f:6c:08:ce|2|34|0|0|0|0
32:06:e6:c1:03:79|0|7|0|0|0|0
5a:49:7a:d1:eb:4a|0|8|0|0|0|0
01:00:5e:7f:ff:fa|0|0|0|3|0|639
52:24:82:62:69:d1|0|30|0|0|0|0
5e:a1:44:f9:4f:1a|0|6|0|0|0|0
92:d6:16:3c:1d:3c|0|13|0|0|0|0
f6:b2:35:de:b0:fd|0|19|0|0|0|0
e6:1b:7c:cf:f9:9d|0|31|0|0|0|0
fe:9d:db:c5:07:a4|0|7|0|0|0|0
36:ca:f4:bc:7e:8a|0|23|0|0|0|0
12:9e:a9:7a:ee:58|3|17|0|0|0|0
01:00:5e:00:00:01|0|0|0|1|0|88
0e:26:0a:2f:38:6b|0|0|2|0|48|0
52:b4:e7:55:52:83|0|7|0|0|0|0
62:34:b7:37:cd:25|0|28|0|0|0|0
82:e9:71:10:f7:53|0|7|0|0|0|0
ca:a1:cd:f4:97:4e|0|12|0|0|0|0
de:11:a9:8c:cc:4a|0|5|0|0|0|0
d2:b5:2e:c2:2c:81|0|2|0|0|0|0
86:c0:5a:f4:e6:b8|0|7|0|0|0|0
82:60:40:57:6d:71|0|6|0|0|0|0
33:33:00:00:00:01|0|0|0|3|0|584
da:a1:19:3a:b6:58|0|3|0|0|0|0
d2:cb:a0:1c:87:7c|0|13|0|0|0|0
d2:ff:fb:15:d9:ff|0|13|0|0|0|0
9e:88:3e:8e:24:78|0|13|0|0|0|0
1e:f4:10:ac:b5:4a|0|5|0|0|0|0
