86
b4:e6:2d:f6:c8:79
20:aa:4b:5b:e6:4b|737|0|49|0|8743|0
ff:ff:ff:ff:ff:ff|0|3189|0|46|0|8374
90:9a:4a:80:71:9a|1264|12|48|59|5714|8438
90:9a:4a:80:85:9e|1079|0|0|0|0|0
b4:e6:2d:f6:c8:79|0|2|0|9|0|1101
72:88:3d:ea:ef:a4|0|2|0|0|0|0
68:ff:7b:c5:ca:c9|373|0|6|0|1054|0
26:53:64:33:5f:84|0|5|0|0|0|0
44:07:0b:70:9e:93|5|0|0|0|0|0
6a:87:8f:c7:fa:58|0|5|0|0|0|0
c0:06:c3:8f:c0:7b|7|13|16|15|1680|1628
28:6d:cd:09:2a:ea|0|0|25|10|5588|1263
5a:1f:e2:c9:62:e0|0|2|0|0|0|0
52:ee:c1:ec:58:40|0|2|0|0|0|0
c0:06:c3:8f:c7:99|5|10|8|8|702|978
3c:f0:11:c4:ac:66|1|2|0|0|0|0
0e:41:9d:a8:b8:4f|0|2|0|0|0|0
1e:c9:34:ed:38:89|0|2|0|0|0|0
06:f4:40:6b:5c:bd|0|3|0|0|0|0
de:69:90:ec:18:32|0|3|0|0|0|0
a4:50:46:4c:af:3b|0|0|10|6|468|744
7a:24:35:aa:fa:61|0|1|0|0|0|0
76:96:8a:f1:b1:65|0|3|0|0|0|0
f0:ef:86:06:76:35|0|3|0|0|0|0
6a:16:6b:36:39:4e|0|3|0|0|0|0
a6:27:2c:57:40:da|0|7|0|0|0|0
ca:8a:71:15:a3:ac|0|3|0|0|0|0
36:27:a5:5e:8a:06|0|6|0|0|0|0
ce:13:37:03:49:d0|1|1|0|0|0|0
92:51:15:1e:8c:b2|2|7|0|0|0|0
e4:5f:01:78:c0:dc|0|1|0|0|0|0
6a:43:0c:15:4a:16|2|6|0|0|0|0
06:37:53:fc:79:66|0|1|0|0|0|0
50:eb:71:d0:6d:35|1|6|0|0|0|0
d8:ce:3a:d3:82:b4|0|3|0|0|0|0
8e:8b:ef:7a:9e:75|0|6|0|0|0|0
22:d8:a5:7c:61:4b|0|3|0|0|0|0
f4:f5:d8:8d:f2:58|7|1|0|0|0|0
01:00:5e:00:00:fa|0|0|0|2|0|228
a6:2f:b1:8d:d4:55|0|6|0|0|0|0
a2:00:b7:df:34:eb|0|1|0|0|0|0
e2:3e:52:b0:5e:52|0|3|0|0|0|0
38:f9:d3:b3:0c:da|2|0|0|0|0|0
a0:78:17:a1:19:64|0|0|0|2|0|156
4a:65:f2:5c:1b:22|0|2|0|0|0|0
44:07:0b:2f:49:8b|9|0|0|0|0|0
7c:2e:bd:f4:94:ee|6|0|0|0|0|0
08:9e:08:bc:6c:2b|0|3|0|0|0|0
62:b8:61:c2:58:6a|1|5|0|0|0|0
de:c1:0f:24:ad:9f|0|6|0|0|0|0
44:07:0b:60:bf:75|1|0|0|0|0|0
8e:2c:b9:8c:13:43|0|4|0|0|0|0
74:df:bf:45:ac:65|0|6|0|0|0|0
00:24:d6:f5:65:ef|0|2|0|0|0|0
fe:9b:92:30:03:0e|0|15|0|0|0|0
5a:89:a8:37:bf:df|0|9|0|0|0|0
aa:da:fa:d1:d8:7f|0|7|0|0|0|0
56:bb:49:65:a4:9b|0|3|0|0|0|0
56:20:f0:cb:d5:b7|1|5|0|0|0|0
66:6e:4e:47:87:aa|0|3|0|0|0|0
20:1f:3b:3a:bb:3d|1|0|0|0|0|0
e4:5f:01:5c:9d:89|0|1|0|0|0|0
86:2c:02:d8:14:8e|0|4|0|0|0|0
01:00:5e:00:00:fb|0|0|0|4|0|898
00:08:07:76:35:b7|0|9|0|0|0|0
8e:a8:4e:aa:7f:28|1|12|0|0|0|0
20:df:b9:8e:c2:c7|1|0|0|0|0|0
ba:2d:23:cf:a5:2e|0|10|0|0|0|0
ca:61:88:51:69:5a|0|1|0|0|0|0
86:67:28:34:29:59|0|5|0|0|0|0
8a:c7:31:d3:da:56|1|13|0|0|0|0
46:bb:2e:4c:9a:d7|0|3|0|0|0|0
9e:b8:40:fa:5f:74|0|10|0|0|0|0
26:cc:6d:91:57:d3|0|4|0|0|0|0
ee:23:25:8e:83:f9|0|2|0|0|0|0
36:2d:8a:8e:a2:56|0|10|0|0|0|0
a4:02:b9:9a:55:06|2|0|0|0|0|0
44:07:0b:89:e4:ab|8|0|0|0|0|0
54:60:09:e2:ee:aa|0|14|0|0|0|0
da:a1:19:90:90:90|1|10|0|0|0|0
33:33:00:00:00:fb|0|0|0|1|0|141
9a:d5:f2:19:65:87|0|5|0|0|0|0
ce:db:95:51:6f:18|0|3|0|0|0|0
a6:0e:8e:9d:86:a9|0|1|0|0|0|0
e6:bb:fe:e2:4d:0f|0|5|0|0|0|0
3e:54:f9:51:0d:5d|0|2|0|0|0|0
