36
b4:e6:2d:f6:c8:79
90:9a:4a:80:71:9a|1281|3|5|71|532|6164
ff:ff:ff:ff:ff:ff|0|2529|0|10|0|998
90:9a:4a:80:85:9e|1073|0|5|16|453|384
20:aa:4b:5b:e6:4b|180|0|12|116|1260|3016
54:2a:a2:73:c6:e9|7|41|0|0|0|0
68:ff:7b:c5:ca:c9|121|0|0|0|0|0
b4:e6:2d:f6:c8:79|0|2|0|3|0|376
6e:21:6f:f6:fb:60|0|2|0|0|0|0
50:e0:85:84:55:94|14|52|0|0|0|0
54:60:09:e2:ee:aa|0|1|0|0|0|0
48:5a:b6:22:0c:7e|0|18|0|0|0|0
f4:f5:d8:8d:f2:58|2|3|0|0|0|0
9e:ab:89:2d:82:91|0|11|16|4|384|369
18:e8:29:91:3d:5e|1|0|0|0|0|0
c0:06:c3:8f:c0:7b|0|0|27|0|3307|0
01:00:5e:00:00:01|0|0|0|2|0|160
74:df:bf:45:ac:65|0|1|0|0|0|0
a4:50:46:4c:af:3b|2|2|32|0|1918|0
e6:1d:78:73:e4:e3|0|0|116|0|3016|0
24:77:03:d4:12:38|4|15|0|0|0|0
c0:06:c3:8f:c7:99|0|0|9|2|861|156
28:6d:cd:09:2a:ea|1|3|3|0|78|0
00:1d:c9:07:2b:f1|4|0|0|0|0|0
