39
b4:e6:2d:f6:b6:a5
68:02:b8:1e:7f:1f|1348|0|255|0|81179|0
ff:ff:ff:ff:ff:ff|0|2651|0|154|0|43030
6a:02:98:1e:7f:1f|1345|0|0|0|0|0
01:00:5e:7f:ff:fa|0|0|0|66|0|32084
72:fe:3b:06:5c:73|122|0|0|0|0|0
44:fe:3b:06:5c:71|279|0|12|0|948|0
b4:e6:2d:f6:b6:a5|0|1|0|4|0|482
f0:5c:77:1a:f1:64|0|2|0|0|0|0
92:22:d2:18:66:7c|0|39|0|0|0|0
7e:5f:20:40:64:59|0|6|0|0|0|0
00:0c:e7:4e:81:a2|0|42|0|0|0|0
32:64:ae:da:a4:b2|0|2|0|0|0|0
10:1c:0c:1a:10:10|3|18|0|0|0|0
a4:3e:a0:a4:2a:46|0|119|0|0|0|0
70:ee:50:73:4e:36|0|0|107|0|2780|0
b0:95:75:4b:b9:26|0|0|0|107|0|2780
5c:f5:da:55:8b:f6|0|4|0|0|0|0
0e:5f:1c:68:8a:b3|0|1|0|5|0|460
00:0c:e7:d4:36:4b|0|31|0|0|0|0
c8:66:5d:1f:4f:54|0|12|0|0|0|0
4e:9b:05:55:9f:ce|2|36|0|0|0|0
76:6b:be:46:22:d2|2|12|0|0|0|0
0c:cb:85:ac:77:55|0|7|0|0|0|0
00:0c:e7:ac:52:fc|0|27|0|0|0|0
01:00:5e:00:00:fb|0|0|0|10|0|2094
d8:8c:79:90:f4:9b|0|6|0|0|0|0
00:0c:e7:aa:20:bb|0|28|0|0|0|0
64:b3:10:aa:e3:3c|0|13|0|0|0|0
33:33:00:00:00:01|0|0|0|3|0|584
33:33:00:00:00:02|0|0|0|1|0|96
33:33:ff:1e:b6:60|0|0|0|1|0|112
f0:72:ea:da:42:c6|0|6|0|0|0|0
00:0c:e7:d9:5b:96|0|12|0|0|0|0
33:33:00:00:00:fb|0|0|0|7|0|1433
33:33:00:00:00:16|0|0|0|7|0|868
01:00:5e:00:00:16|0|0|0|7|0|646
33:33:00:01:00:03|0|0|0|1|0|129
01:00:5e:00:00:fc|0|0|0|1|0|109
00:0c:e7:3a:79:49|0|26|0|0|0|0
