27
b4:e6:2d:f6:b6:a5
68:02:b8:1e:7f:1f|1370|0|45|0|7265|0
ff:ff:ff:ff:ff:ff|0|2361|0|10|0|1472
6a:02:98:1e:7f:1f|1291|0|0|0|0|0
d0:c6:37:81:ea:b1|0|12|0|0|0|0
b4:e6:2d:f6:b6:a5|0|1|0|4|0|482
a4:3e:a0:a4:2a:46|0|102|0|0|0|0
2e:1d:1c:f5:38:f2|18|57|0|0|0|0
64:b3:10:aa:e3:3c|0|6|0|0|0|0
10:1c:0c:1a:10:10|0|53|0|0|0|0
be:61:24:00:ae:cc|0|6|0|0|0|0
c8:66:5d:1f:4f:54|0|18|0|0|0|0
46:ba:1e:ea:f7:56|0|6|0|0|0|0
33:33:ff:b4:fb:43|0|0|0|2|0|240
33:33:00:00:00:02|0|0|0|2|0|192
33:33:ff:24:16:26|0|0|0|2|0|240
33:33:ff:0d:c1:74|0|0|0|2|0|240
01:00:5e:00:00:fb|0|0|0|5|0|1075
33:33:00:00:00:fb|0|0|0|6|0|1410
33:33:00:00:00:16|0|0|0|4|0|776
33:33:00:01:00:02|0|0|0|1|0|134
01:00:5e:00:00:16|0|0|0|2|0|180
0e:5f:1c:68:8a:b3|0|21|0|0|0|0
d6:54:a2:af:8a:bc|0|12|0|0|0|0
