40
b4:e6:2d:f6:c8:79
90:9a:4a:80:85:9e|1158|0|0|0|0|0
ff:ff:ff:ff:ff:ff|0|2953|0|40|0|6199
90:9a:4a:80:71:9a|1324|3|57|86|7012|12464
20:aa:4b:5b:e6:4b|651|0|43|0|6509|0
44:07:0b:70:9e:93|2|0|0|0|0|0
54:2a:a2:73:c6:e9|3|45|0|0|0|0
1c:99:57:9f:9a:fc|0|6|0|0|0|0
b4:e6:2d:f6:c8:79|0|4|0|4|0|454
a4:50:46:4c:af:3b|0|0|26|22|1924|2619
28:6d:cd:09:2a:ea|0|0|42|16|8754|2329
00:08:07:76:35:b7|0|4|0|0|0|0
a8:34:6a:31:e6:88|0|4|0|0|0|0
50:e0:85:84:55:94|4|22|0|0|0|0
46:3b:78:62:ec:7e|0|3|38|0|912|0
c4:12:f5:d1:17:6c|0|0|0|38|0|912
10:fe:ed:dd:08:06|2|0|0|0|0|0
48:c7:96:41:83:35|0|3|0|0|0|0
68:ff:7b:c5:ca:c9|5|0|0|0|0|0
c0:06:c3:8f:c0:7b|3|6|10|11|1084|1136
44:07:0b:2f:49:8b|3|0|0|0|0|0
76:e5:19:c2:92:d0|0|2|0|0|0|0
24:77:03:d4:12:38|0|8|0|0|0|0
b6:d0:a4:62:1d:6c|0|2|0|0|0|0
20:f4:78:24:ce:e8|12|50|0|0|0|0
01:00:5e:00:00:01|0|0|0|1|0|76
c0:06:c3:8f:c7:99|0|0|8|4|702|474
72:5c:65:cd:d4:3c|0|1|0|0|0|0
34:c0:59:00:a0:8f|0|1|0|0|0|0
ec:5c:68:84:b1:4b|1|14|0|0|0|0
54:60:09:e2:ee:aa|0|3|0|0|0|0
3c:8d:20:19:41:be|2|9|0|0|0|0
f4:f5:d8:8d:f2:58|1|1|0|0|0|0
01:00:5e:00:00:fa|0|0|0|1|0|114
82:69:ed:32:9e:77|0|1|0|0|0|0
b0:a7:b9:89:64:1f|0|11|0|0|0|0
08:9e:08:49:f2:bd|0|6|0|0|0|0
e4:5f:01:5c:9d:89|0|2|0|0|0|0
f0:f6:c1:d5:cb:42|0|3|0|0|0|0
56:68:61:2c:82:5b|0|4|0|0|0|0
33:33:00:00:00:01|0|0|0|1|0|120
