42
b4:e6:2d:f6:c8:79
90:9a:4a:80:71:9a|1314|19|11|69|1000|4281
ff:ff:ff:ff:ff:ff|0|2306|0|13|0|2145
9e:ab:89:2d:82:91|9|17|686|5|16464|390
90:9a:4a:80:85:9e|615|9|6|686|474|16464
20:aa:4b:5b:e6:4b|441|0|16|0|2775|0
b4:e6:2d:f6:c8:79|0|2|0|4|0|454
a4:50:46:4c:af:3b|2|6|51|1|2923|78
44:07:0b:70:9e:93|4|0|0|0|0|0
8c:70:5a:60:0e:bc|2|12|0|0|0|0
c0:06:c3:8f:c0:7b|16|11|9|3|881|234
44:07:0b:60:bf:75|1|0|0|0|0|0
a6:23:9c:e5:b4:cb|6|13|0|0|0|0
34:f6:4b:e3:9c:e8|0|1|0|0|0|0
68:ff:7b:c5:ca:c9|73|0|0|0|0|0
54:2a:a2:73:c6:e9|6|72|0|0|0|0
28:6d:cd:09:2a:ea|1|2|3|0|78|0
aa:fd:49:b5:a9:c3|0|1|0|0|0|0
c0:06:c3:8f:c7:99|0|0|6|3|399|234
48:5a:b6:22:0c:7e|1|9|0|0|0|0
33:33:00:00:00:0c|0|0|0|3|0|630
da:2b:ac:1d:ee:2f|1|0|1|0|24|0
0c:80:63:47:1f:23|0|0|0|1|0|24
4a:21:59:0f:64:3d|0|1|0|0|0|0
