36
b4:e6:2d:f6:c8:79
90:9a:4a:80:85:9e|827|0|5|0|396|0
ff:ff:ff:ff:ff:ff|0|2502|0|31|0|5968
90:9a:4a:80:71:9a|1288|9|97|209|25493|75687
28:6d:cd:09:2a:ea|0|0|31|2|7076|156
68:ff:7b:c5:ca:c9|438|0|0|0|0|0
e6:1d:78:73:e4:e3|0|0|46|0|1404|0
20:aa:4b:5b:e6:4b|95|0|34|46|6272|1404
80:91:33:25:67:05|0|90|0|0|0|0
b4:e6:2d:f6:c8:79|0|2|0|4|0|454
44:07:0b:70:9e:93|27|61|0|0|0|0
a4:50:46:4c:af:3b|3|4|162|89|67128|24727
20:1f:3b:3a:bb:3d|3|0|0|0|0|0
44:07:0b:2f:49:8b|12|0|0|0|0|0
9e:ab:89:2d:82:91|0|0|0|4|0|312
f0:ef:86:06:76:35|0|12|0|0|0|0
c0:06:c3:8f:c0:7b|4|8|10|2|1084|156
c0:06:c3:8f:c7:99|2|4|6|0|399|0
e4:5f:01:5c:9d:89|0|2|0|0|0|0
01:00:5e:00:00:fa|0|0|0|2|0|228
00:24:d6:f5:65:ef|0|1|0|0|0|0
f0:5c:77:2f:34:47|2|0|0|0|0|0
3c:8d:20:4f:d8:e9|5|0|0|0|0|0
01:00:5e:00:00:01|0|0|0|2|0|160
aa:e4:b8:d8:1c:9d|0|1|0|0|0|0
b8:27:eb:81:9a:d6|0|3|0|0|0|0
5c:5f:67:4a:d7:b0|1|0|0|0|0|0
44:07:0b:89:e4:ab|9|0|0|0|0|0
f4:f5:d8:8d:f2:58|4|1|0|0|0|0
46:3b:78:62:ec:7e|1|10|0|0|0|0
4e:bd:9d:be:f2:4c|2|9|0|0|0|0
c0:87:eb:8e:48:ef|0|3|0|0|0|0
44:07:0b:6c:b6:e3|4|0|0|0|0|0
00:08:07:76:35:b7|0|2|0|0|0|0
38:f9:d3:b3:0c:da|3|0|0|0|0|0
72:5b:cc:64:81:35|0|2|0|0|0|0
54:60:09:e2:ee:aa|0|4|0|0|0|0
