25
b4:e6:2d:f6:b6:a5
6a:02:98:1e:7f:1f|1250|0|0|0|0|0
ff:ff:ff:ff:ff:ff|0|3511|0|356|0|64029
d8:b6:b7:7a:3a:61|1295|0|17|71|2135|1934
68:02:b8:1e:7f:1f|1251|0|454|14|101548|364
b4:e6:2d:f6:b6:a5|0|2|0|3|0|390
01:00:5e:7f:ff:fa|0|0|0|90|0|36708
bc:54:51:02:a4:f0|0|0|21|2|726|52
80:1f:02:b4:07:ae|1|14|14|3|364|294
e6:35:23:4e:ab:99|0|0|8|2|200|52
a4:3e:a0:a4:2a:46|0|135|0|0|0|0
0e:26:0a:2f:38:6b|0|0|32|1|768|26
01:00:5e:00:00:fb|0|0|0|3|0|570
33:33:00:00:00:fb|0|0|0|3|0|630
64:b3:10:aa:e3:3c|0|13|0|0|0|0
84:16:f9:07:68:71|0|7|0|0|0|0
26:17:dc:59:74:f7|0|0|10|2|240|52
c8:66:5d:1f:4f:54|0|12|0|0|0|0
e0:9d:31:02:83:40|0|19|0|0|0|0
1a:87:40:2c:3c:4b|0|15|0|0|0|0
f8:77:b8:53:10:e8|6|61|0|0|0|0
01:00:5e:00:00:01|0|0|0|1|0|88
ba:9f:31:f7:09:ae|0|14|0|0|0|0
33:33:00:00:00:01|0|0|0|3|0|584
33:33:00:00:00:02|0|0|0|1|0|96
33:33:ff:1e:b6:60|0|0|0|1|0|112
