54
b4:e6:2d:f6:b6:a5
68:02:b8:1e:7f:1f|1450|0|325|0|68217|0
ff:ff:ff:ff:ff:ff|0|2369|0|280|0|55657
6a:02:98:1e:7f:1f|1447|0|0|0|0|0
00:0c:e7:d2:88:62|0|12|0|0|0|0
46:04:3a:e5:72:b4|9|6|0|0|0|0
01:00:5e:00:00:fb|0|0|0|5|0|882
33:33:00:00:00:fb|0|0|0|4|0|832
a4:3e:a0:a4:2a:46|0|78|0|0|0|0
b4:e6:2d:f6:b6:a5|0|2|0|7|0|841
00:0c:e7:e9:60:e2|0|12|0|0|0|0
00:0c:e7:ac:c5:ea|0|24|0|0|0|0
dc:41:a9:b1:30:a0|0|18|0|17|0|8356
00:0c:e7:e9:3c:bf|0|18|0|0|0|0
26:94:9b:c4:cd:39|2|12|0|0|0|0
80:30:49:55:d3:2f|0|6|0|0|0|0
20:79:18:e7:01:8a|0|12|0|0|0|0
00:0c:e7:f1:d9:97|0|18|0|0|0|0
10:1c:0c:1a:10:10|1|18|0|0|0|0
00:0c:e7:70:ac:8a|0|6|0|0|0|0
f0:5c:77:1a:f1:64|0|12|0|0|0|0
da:a1:19:96:6a:f9|0|6|0|0|0|0
da:a1:19:e3:1b:a3|1|0|0|0|0|0
00:0c:e7:5e:40:5b|0|18|0|0|0|0
da:a1:19:fd:0e:d7|2|0|0|0|0|0
1a:87:40:f1:e2:60|0|24|0|0|0|0
da:a1:19:d1:30:b2|5|0|0|0|0|0
00:0c:e7:27:c5:02|0|18|0|0|0|0
46:e3:88:65:7d:98|1|0|0|0|0|0
64:b3:10:aa:e3:3c|0|6|0|0|0|0
00:0c:e7:ce:b0:da|0|18|0|0|0|0
00:0c:e7:10:0d:b0|0|18|0|0|0|0
84:16:f9:07:68:71|0|6|0|0|0|0
01:00:5e:00:00:16|0|0|0|2|0|178
33:33:00:00:00:16|0|0|0|3|0|372
00:0c:e7:8b:3e:a1|0|12|0|0|0|0
00:0c:e7:bc:2e:18|0|24|0|0|0|0
ae:3f:ab:98:04:44|2|0|0|0|0|0
70:ee:50:73:4e:36|0|0|2|0|52|0
44:fe:3b:a8:69:27|0|0|0|2|0|52
00:0c:e7:f0:2e:79|0|18|0|0|0|0
00:0c:e7:7d:fc:56|0|24|0|0|0|0
00:0c:e7:5b:13:73|0|18|0|0|0|0
00:0c:e7:69:19:4d|0|18|0|0|0|0
01:00:5e:7f:ff:fa|0|0|0|1|0|213
01:80:c2:00:00:0e|0|0|0|1|0|94
5c:f5:da:55:8b:f6|0|6|0|0|0|0
00:0c:e7:24:08:ec|0|12|0|0|0|0
00:0c:e7:7e:58:f7|0|12|0|0|0|0
c8:66:5d:1f:4f:54|0|6|0|0|0|0
33:33:00:00:00:01|0|0|0|3|0|584
33:33:00:00:00:02|0|0|0|1|0|96
33:33:ff:1e:b6:60|0|0|0|1|0|112
00:0c:e7:31:93:aa|0|12|0|0|0|0
e6:35:23:4e:ab:99|3|24|0|0|0|0
