68:02:b8:1e:7f:1f|1244|0|192|0|36620|0
ff:ff:ff:ff:ff:ff|0|2661|0|140|0|13631
6a:02:98:1e:7f:1f|1062|0|0|0|0|0
5c:f8:21:84:a4:31|0|12|0|0|0|0
6a:02:98:2e:8d:67|320|0|0|0|0|0
68:02:b8:2e:8d:67|381|0|0|0|0|0
01:00:5e:7f:ff:fa|0|0|0|42|0|21650
10:1c:0c:1a:10:10|3|47|0|0|0|0
b4:e6:2d:f6:b6:a5|0|1|0|5|0|654
a4:3e:a0:a4:2a:46|0|122|0|0|0|0
01:00:5e:00:00:fb|0|0|0|5|0|685
c8:66:5d:1f:4f:54|0|6|0|0|0|0
02:00:00:00:00:00|52|36|0|0|0|0
7c:1c:4e:74:5f:32|0|11|0|0|0|0
80:30:49:55:d3:2f|0|9|0|0|0|0
da:a1:19:69:e5:7d|0|2|0|0|0|0
00:1c:bf:52:98:29|0|12|0|0|0|0
1c:30:08:19:1b:90|3|34|0|0|0|0
8e:ce:84:5f:9c:42|8|80|0|0|0|0
26:94:9b:c4:cd:39|0|17|0|0|0|0
3a:25:72:4b:36:d0|0|1|0|0|0|0
d0:c6:37:81:ea:b1|0|6|0|0|0|0
9a:bb:94:1b:65:43|2|5|0|0|0|0
