49
b4:e6:2d:f6:c8:79
20:aa:4b:5b:e6:4b|539|0|90|0|18715|0
ff:ff:ff:ff:ff:ff|0|3003|0|100|0|14119
90:9a:4a:80:85:9e|1238|31|88|870|33283|20880
90:9a:4a:80:71:9a|1291|8|141|120|21301|15446
68:ff:7b:c5:ca:c9|196|0|0|0|0|0
1c:bf:ce:e3:fb:45|0|7|0|0|0|0
9e:ab:89:2d:82:91|6|19|870|19|20880|12295
01:00:5e:00:00:fb|0|0|0|13|0|2133
b4:e6:2d:f6:c8:79|0|2|0|11|0|1391
22:48:f8:26:26:64|7|47|0|0|0|0
28:6d:cd:09:2a:ea|0|0|34|30|7391|3805
a4:50:46:4c:af:3b|2|4|64|38|5675|6737
c0:06:c3:8f:c7:99|0|0|10|10|1069|1285
04:6c:59:1b:72:04|25|66|0|3|0|234
c0:06:c3:8f:c0:7b|6|12|12|19|1311|2454
01:00:5e:7f:ff:fa|0|0|0|49|0|18172
e6:1d:78:73:e4:e3|0|0|0|18|0|9766
50:e0:85:84:55:94|2|19|0|0|0|0
f0:ef:86:05:a3:fa|0|9|0|0|0|0
e6:d5:5d:ed:3e:e0|0|1|0|0|0|0
08:9e:08:49:f2:bd|0|8|0|0|0|0
f6:e0:27:30:75:5d|0|1|0|0|0|0
00:08:07:76:35:b7|0|1|0|0|0|0
33:33:00:00:00:16|0|0|0|2|0|288
01:00:5e:00:00:01|0|0|0|3|0|244
ca:f6:11:16:a6:b6|1|0|0|0|0|0
44:07:0b:70:9e:93|4|0|0|0|0|0
42:6c:15:9d:26:b0|0|3|0|0|0|0
16:1d:c0:6d:cf:e2|1|3|0|0|0|0
32:5b:40:81:82:44|0|2|0|0|0|0
a2:65:a5:d0:ea:09|0|3|0|0|0|0
6e:37:c2:ce:33:5b|0|2|0|0|0|0
54:60:09:e2:ee:aa|0|4|0|0|0|0
ec:5c:68:84:b1:4b|2|24|0|0|0|0
44:07:0b:2f:49:8b|10|0|0|0|0|0
3c:8d:20:4f:d8:e9|4|0|0|0|0|0
f4:f5:d8:8d:f2:58|4|11|0|0|0|0
20:1f:3b:3a:bb:3d|2|0|0|0|0|0
b2:c5:5a:c1:ae:37|0|3|0|0|0|0
1a:8d:d9:25:7e:52|0|3|0|0|0|0
2e:67:25:b2:55:16|1|8|0|0|0|0
9c:5a:81:3c:9b:3b|0|15|0|0|0|0
01:00:5e:00:00:16|0|0|0|4|0|376
54:13:79:4a:51:ad|9|0|0|0|0|0
24:77:03:d4:12:38|2|15|0|0|0|0
da:a1:19:86:86:86|2|9|0|0|0|0
f0:ef:86:06:76:35|0|1|0|0|0|0
3a:a0:12:52:68:ed|1|5|0|0|0|0
e2:12:74:9c:43:8c|0|6|0|0|0|0
