47
b4:e6:2d:f6:c8:79
90:9a:4a:80:71:9a|1091|7|24|73|2780|6817
ff:ff:ff:ff:ff:ff|0|2051|0|93|0|13254
20:aa:4b:5b:e6:4b|495|0|43|0|7250|0
28:6d:cd:09:2a:ea|0|0|8|2|1680|156
90:9a:4a:80:85:9e|679|97|361|209|59316|14977
b4:e6:2d:f6:c8:79|0|1|0|3|0|376
68:ff:7b:c5:ca:c9|277|0|0|0|0|0
01:00:5e:7f:ff:fa|0|0|0|82|0|28130
04:6c:59:1b:72:04|113|479|205|111|15289|11867
01:00:5e:00:00:fb|0|0|0|57|0|7969
f4:f5:d8:8d:f2:58|3|2|0|0|0|0
02:00:00:00:00:00|0|3|0|0|0|0
9e:ab:89:2d:82:91|0|0|5|8|120|743
44:07:0b:89:e4:ab|2|0|0|0|0|0
b6:a3:b3:4d:3b:27|0|1|0|0|0|0
f0:f6:c1:d5:cb:42|0|6|0|0|0|0
01:00:5e:00:00:16|0|0|0|26|0|2344
a4:50:46:4c:af:3b|0|0|48|11|3630|1341
b8:27:eb:81:9a:d6|0|4|0|0|0|0
44:07:0b:2f:49:8b|10|0|1|0|98|0
f0:79:59:d6:09:10|0|0|0|1|0|98
82:f9:17:68:c9:02|0|1|0|0|0|0
01:00:5e:00:00:fc|0|0|0|26|0|2625
54:60:09:e2:ee:aa|0|1|0|0|0|0
c0:06:c3:8f:c0:7b|5|8|10|5|1084|511
c0:06:c3:8f:c7:99|2|4|7|3|423|396
fa:ca:87:cb:b5:b4|0|1|0|0|0|0
b0:a7:b9:89:64:1f|3|0|1|0|244|0
50:e0:85:84:55:94|3|9|0|0|0|0
33:33:00:00:00:01|0|0|0|1|0|120
44:07:0b:70:9e:93|3|0|0|0|0|0
72:1e:c8:5b:51:f8|1|0|0|0|0|0
01:00:5e:00:00:01|0|0|0|1|0|76
74:df:bf:45:ac:65|0|3|0|0|0|0
b8:81:98:41:b1:49|0|1|0|0|0|0
4e:ee:e9:8d:79:1b|0|1|0|0|0|0
06:7a:6e:9e:bd:0b|0|2|0|0|0|0
f0:ef:86:06:76:35|0|1|0|0|0|0
c2:7c:49:6e:7f:54|0|2|0|0|0|0
94:65:2d:d6:9c:46|0|3|0|0|0|0
00:08:07:76:35:b7|0|2|0|0|0|0
7c:d9:5c:62:1d:99|2|0|0|0|0|0
9e:54:7b:33:33:8a|0|1|0|0|0|0
1c:bf:ce:e3:fb:45|0|2|0|0|0|0
46:3b:78:62:ec:7e|2|0|0|0|0|0
01:00:5e:00:00:fa|0|0|0|1|0|114
