57
b4:e6:2d:f6:c8:79
90:9a:4a:80:85:9e|1267|22|88|113|28671|2712
ff:ff:ff:ff:ff:ff|0|3249|0|58|0|9103
90:9a:4a:80:71:9a|1316|6|36|45|5380|7779
01:00:5e:7f:ff:fa|0|0|0|55|0|23912
20:aa:4b:5b:e6:4b|611|0|33|83|4957|2232
68:ff:7b:c5:ca:c9|279|0|0|0|0|0
b4:e6:2d:f6:c8:79|0|2|0|4|0|454
cc:50:e3:f0:6b:20|0|0|83|0|2232|0
54:60:09:01:a1:78|2|0|0|0|0|0
c0:06:c3:8f:c7:99|6|12|11|5|1029|552
44:07:0b:70:9e:93|3|0|0|0|0|0
28:6d:cd:09:2a:ea|0|0|30|4|6654|474
9e:ab:89:2d:82:91|5|21|113|5|2712|462
04:6c:59:1b:72:04|17|40|0|2|0|156
f0:ef:86:05:a3:fa|0|7|0|0|0|0
84:e3:42:4b:9d:4f|28|0|0|0|0|0
f2:31:44:34:64:45|0|4|0|0|0|0
50:d4:f7:dc:1f:d0|1|0|0|0|0|0
1e:b3:f0:e5:89:af|1|0|0|0|0|0
ac:67:84:5b:07:e3|15|64|0|0|0|0
01:00:5e:00:00:fb|0|0|0|18|0|3345
a0:2c:36:28:1e:19|0|9|0|0|0|0
f4:f5:d8:8d:f2:58|3|1|0|0|0|0
ae:4a:8e:a6:38:eb|0|1|0|0|0|0
74:df:bf:45:ac:65|0|4|0|0|0|0
22:48:f8:26:26:64|4|24|0|0|0|0
c0:06:c3:8f:c0:7b|0|0|4|0|96|0
44:07:0b:60:bf:75|1|0|0|0|0|0
20:1f:3b:3a:bb:3d|2|0|0|0|0|0
f2:b2:80:0a:ea:79|1|5|0|0|0|0
54:60:09:e2:ee:aa|0|9|0|0|0|0
94:65:2d:d6:9c:46|2|3|0|0|0|0
d6:68:81:85:17:18|2|4|0|0|0|0
ea:e0:54:90:93:ae|0|3|0|0|0|0
3c:8d:20:4f:d8:e9|3|0|0|0|0|0
66:9d:75:9c:60:06|3|12|0|0|0|0
da:a1:19:9b:44:3d|0|14|0|0|0|0
24:77:03:d4:12:38|2|15|0|0|0|0
d2:03:9b:40:bc:67|2|0|0|0|0|0
e6:43:bf:5b:95:72|0|6|0|0|0|0
da:a1:19:59:4d:e4|0|1|0|0|0|0
ca:94:3d:ce:96:0b|0|6|0|0|0|0
46:fe:cb:a3:f2:77|0|6|0|0|0|0
46:3e:4c:9b:d6:46|0|3|0|0|0|0
4e:b8:ce:74:81:9f|0|3|0|0|0|0
01:00:5e:00:00:01|0|0|0|1|0|84
01:00:5e:00:00:16|0|0|0|4|0|352
