53
b4:e6:2d:f6:c8:79
20:aa:4b:5b:e6:4b|510|0|90|0|10353|0
ff:ff:ff:ff:ff:ff|0|2489|0|85|0|9717
68:ff:7b:c5:ca:c9|201|0|1|1|78|24
90:9a:4a:80:71:9a|1320|6|91|67|7429|10201
90:9a:4a:80:85:9e|678|0|0|0|0|0
b4:e6:2d:f6:c8:79|0|2|0|4|0|482
28:6d:cd:09:2a:ea|0|0|28|4|6326|421
54:2a:a2:73:c6:e9|6|60|0|0|0|0
1a:a5:c3:61:4f:b6|0|7|1|1|24|78
50:e0:85:84:55:94|2|15|0|0|0|0
c0:87:eb:8e:48:ef|0|3|0|0|0|0
f2:b2:80:0a:ea:79|1|0|0|0|0|0
4c:63:71:cf:2b:d1|1|7|0|0|0|0
16:d2:9f:16:29:33|0|3|0|0|0|0
c0:06:c3:8f:c7:99|0|0|10|77|1619|6006
20:1f:3b:3a:bb:3d|4|0|0|0|0|0
01:00:5e:00:00:fa|0|0|0|2|0|228
c0:06:c3:8f:c0:7b|5|10|8|4|734|336
2e:cd:ce:19:1e:4e|0|6|0|0|0|0
d6:5a:6f:eb:1a:82|1|9|0|0|0|0
33:33:00:00:00:01|0|0|0|1|0|120
44:07:0b:70:9e:93|3|0|0|0|0|0
1c:bf:ce:e3:fb:45|0|8|0|0|0|0
ac:d1:b8:8d:4b:a1|0|2|0|0|0|0
b8:27:eb:81:9a:d6|0|3|0|0|0|0
a4:50:46:4c:af:3b|1|3|21|2|1522|184
44:07:0b:2f:49:8b|6|0|0|0|0|0
54:60:09:e2:ee:aa|0|1|0|0|0|0
ec:5c:68:84:b1:4b|0|14|0|0|0|0
50:eb:71:d0:6d:35|1|1|0|0|0|0
44:46:87:a9:e4:4b|2|12|0|0|0|0
e4:5f:01:5c:9d:89|0|2|0|0|0|0
22:48:f8:26:26:64|1|26|0|0|0|0
52:ed:48:44:f4:9b|0|1|0|0|0|0
00:08:07:76:35:b7|0|7|0|0|0|0
4e:57:56:24:f8:11|0|3|0|0|0|0
0e:2d:31:39:92:a4|0|1|0|0|0|0
12:ad:ff:d2:5b:3d|2|8|0|0|0|0
f0:ef:86:06:76:35|0|3|0|0|0|0
0e:69:9b:2b:64:b5|0|1|0|0|0|0
ca:f6:11:16:a6:b6|0|1|0|0|0|0
74:df:bf:45:ac:65|0|2|0|0|0|0
ba:96:20:a9:6f:3a|0|2|0|0|0|0
34:c0:59:00:a0:8f|0|1|0|0|0|0
8a:eb:5b:ce:00:fa|0|1|0|0|0|0
8a:0f:15:9d:d6:b8|0|3|0|0|0|0
fa:35:19:a0:ed:ff|0|1|0|0|0|0
08:9e:08:bc:6c:2b|0|2|0|0|0|0
7a:5a:e0:6f:59:02|0|5|0|0|0|0
f6:7f:76:f5:fe:47|0|5|0|0|0|0
ea:9d:3d:f0:e0:7d|0|5|0|0|0|0
33:33:00:00:00:16|0|0|0|2|0|288
5e:5a:d2:c3:5a:2d|0|4|0|0|0|0
