47
b4:e6:2d:f6:c8:79
90:9a:4a:80:85:9e|1108|2|34|37|6467|888
ff:ff:ff:ff:ff:ff|0|2762|0|13|0|1789
90:9a:4a:80:71:9a|1280|7|79|31|9580|2295
20:aa:4b:5b:e6:4b|265|0|13|0|1814|0
68:ff:7b:c5:ca:c9|245|0|0|0|0|0
20:1f:3b:3a:bb:3d|2|0|0|0|0|0
b4:e6:2d:f6:c8:79|0|2|0|14|0|1762
50:e0:85:84:55:94|4|16|0|0|0|0
da:a1:19:2d:89:28|7|37|0|0|0|0
4a:28:ab:08:67:56|1|6|0|0|0|0
00:08:10:80:dc:7a|0|1|0|0|0|0
32:f3:c6:a0:e7:cc|0|2|0|0|0|0
7a:76:76:80:f2:b8|2|3|0|0|0|0
c0:06:c3:8f:c0:7b|6|12|12|27|1402|3093
c0:06:c3:8f:c7:99|0|0|6|14|399|1701
9c:b6:d0:9c:15:43|0|1|0|0|0|0
24:77:03:d4:12:38|5|7|0|0|0|0
3a:20:27:df:9c:d9|1|10|0|0|0|0
9e:ab:89:2d:82:91|2|3|37|0|888|0
b2:4b:5d:a3:9d:57|0|2|0|0|0|0
a4:50:46:4c:af:3b|0|0|11|11|442|1386
8e:cd:84:24:1c:30|1|7|0|0|0|0
04:6c:59:1b:72:04|0|0|0|3|0|234
3c:8d:20:4f:d8:e9|1|0|0|0|0|0
f2:b2:80:0a:ea:79|0|6|0|0|0|0
28:6d:cd:09:2a:ea|1|3|2|13|52|1638
f0:ef:86:06:76:35|0|1|0|0|0|0
9e:64:ad:51:e5:59|2|7|0|0|0|0
44:07:0b:2f:49:8b|7|0|0|0|0|0
7a:f6:50:ef:01:bf|0|1|0|0|0|0
01:00:5e:00:00:fb|0|0|0|8|0|1282
01:00:5e:7f:ff:fa|0|0|0|16|0|4287
f0:ef:86:05:a3:fa|0|2|0|0|0|0
22:f6:ee:39:d9:de|0|6|0|0|0|0
1a:d0:3e:a5:ad:27|0|2|0|0|0|0
2a:d4:69:ce:9b:c1|0|3|0|0|0|0
10:fe:ed:dd:08:06|2|0|0|0|0|0
22:48:f8:26:26:64|0|1|0|0|0|0
46:3b:78:62:ec:7e|0|7|3|0|72|0
c4:12:f5:d1:17:6c|0|0|0|3|0|72
b8:27:eb:81:9a:d6|0|1|0|0|0|0
ba:92:3e:fe:ff:fd|0|15|0|0|0|0
01:00:5e:00:00:01|0|0|0|1|0|84
01:00:5e:00:00:16|0|0|0|4|0|352
01:00:5e:00:00:fc|0|0|0|1|0|109
da:a1:19:d6:d6:d6|2|9|0|0|0|0
33:33:00:00:00:16|0|0|0|1|0|144
