30
b4:e6:2d:f6:c8:79
90:9a:4a:80:71:9a|1255|8|124|127|41738|15375
ff:ff:ff:ff:ff:ff|0|2217|0|19|0|3364
90:9a:4a:80:85:9e|604|0|718|98|461032|4893
9e:ab:89:2d:82:91|0|1|98|718|4893|461032
20:aa:4b:5b:e6:4b|423|0|19|0|3364|0
28:6d:cd:09:2a:ea|0|0|32|19|7154|2496
a4:50:46:4c:af:3b|6|14|81|60|7019|33779
30:07:4d:83:4d:ce|0|8|0|0|0|0
c0:06:c3:8f:c0:7b|6|12|8|19|803|2252
82:d5:8a:68:95:99|0|3|0|0|0|0
d6:0c:00:ca:c0:e5|0|2|0|0|0|0
a4:83:e7:3a:0b:4e|1|0|0|0|0|0
68:ff:7b:c5:ca:c9|9|0|0|0|0|0
4a:a2:72:ea:4c:99|2|14|0|0|0|0
20:1f:3b:3a:bb:3d|4|0|0|0|0|0
c0:06:c3:8f:c7:99|0|0|6|12|399|1497
44:07:0b:2f:49:8b|10|0|0|0|0|0
b4:e6:2d:f6:c8:79|0|2|0|14|0|1714
50:e0:85:84:55:94|6|26|0|0|0|0
88:3d:24:10:7e:ce|0|1|0|0|0|0
2a:39:32:84:cb:3c|1|3|0|0|0|0
4a:22:3f:8d:29:15|1|6|0|0|0|0
