65
b4:e6:2d:f6:c8:79
90:9a:4a:80:71:9a|1373|7|10|31|939|1724
20:1f:3b:3a:bb:3d|3|58|0|0|0|0
ff:ff:ff:ff:ff:ff|0|2744|0|8|0|894
90:9a:4a:80:85:9e|1193|0|0|0|0|0
20:aa:4b:5b:e6:4b|263|0|9|0|1014|0
c0:06:c3:8f:c0:7b|6|13|6|3|372|234
b4:e6:2d:f6:c8:79|0|2|0|5|0|549
68:ff:7b:c5:ca:c9|147|0|0|0|0|0
7c:b2:7d:d3:ca:b1|0|1|0|0|0|0
9a:d5:f2:19:65:87|0|5|0|0|0|0
da:a1:19:68:de:67|2|27|0|0|0|0
a2:4a:54:ea:2b:3b|1|1|0|0|0|0
c0:06:c3:8f:c7:99|0|0|8|2|702|156
f0:ef:86:06:76:35|0|6|0|0|0|0
24:77:03:d4:12:38|1|6|0|0|0|0
12:e8:29:e4:16:89|4|0|0|0|0|0
44:07:0b:6c:b6:e3|2|0|0|0|0|0
ec:5c:68:84:b1:4b|2|15|0|0|0|0
26:2a:69:ac:11:d3|1|26|0|0|0|0
92:41:09:8a:7c:17|0|6|0|0|0|0
a4:50:46:4c:af:3b|0|0|14|0|572|0
28:6d:cd:09:2a:ea|1|3|3|0|78|0
7c:2e:bd:f4:94:ee|9|0|0|0|0|0
44:07:0b:2f:49:8b|6|0|0|0|0|0
ea:dc:d4:66:d9:1c|0|3|0|0|0|0
3e:98:4f:17:d8:50|1|3|0|0|0|0
50:e0:85:84:55:94|3|18|0|0|0|0
82:ae:c2:6c:f4:d8|0|7|0|0|0|0
f4:f5:d8:8d:f2:58|1|0|0|0|0|0
7e:e2:da:8f:86:3c|0|3|0|0|0|0
9e:27:ff:a4:a6:b7|0|3|0|0|0|0
42:ee:2d:1a:86:62|1|4|0|0|0|0
b4:75:0e:da:6c:73|2|0|0|0|0|0
33:33:00:00:00:01|0|0|0|1|0|120
76:78:27:bc:20:c6|0|3|0|0|0|0
4e:24:5c:b8:69:00|1|0|0|0|0|0
92:f8:3e:28:3c:92|1|0|0|0|0|0
52:2c:50:7c:f0:b8|0|3|0|0|0|0
00:08:07:76:35:b7|0|3|0|0|0|0
a2:f2:61:5b:2c:77|0|3|0|0|0|0
d2:82:a5:b8:fb:43|0|7|0|0|0|0
4a:fc:a7:70:fd:eb|0|6|0|0|0|0
02:05:0c:d9:0c:93|0|5|0|0|0|0
1c:bf:ce:e3:fb:45|0|2|0|0|0|0
da:87:7e:db:97:59|1|0|0|0|0|0
02:14:a2:f2:bd:96|0|2|0|0|0|0
ce:b5:5f:1e:ac:8d|0|3|0|0|0|0
34:c0:59:00:a0:8f|0|5|0|0|0|0
4e:37:a1:de:c2:95|0|4|0|0|0|0
44:07:0b:89:e4:ab|5|0|0|0|0|0
6e:83:f3:c1:7b:f0|1|0|0|0|0|0
ac:67:84:52:fe:0b|3|0|0|0|0|0
da:a1:19:cf:b8:d1|1|3|0|0|0|0
1e:31:fc:f8:4d:02|0|3|0|0|0|0
0e:c4:fb:7e:88:06|0|3|0|0|0|0
ea:28:a9:28:50:53|1|6|0|0|0|0
20:f4:78:24:ce:e8|1|4|0|0|0|0
5a:c5:f1:60:0a:9a|1|0|0|0|0|0
ee:3f:16:e7:e2:00|1|0|0|0|0|0
ce:2a:b5:ef:4d:7e|1|1|0|0|0|0
52:67:9a:8b:41:a2|1|4|0|0|0|0
22:67:d0:7c:f5:a1|0|3|0|0|0|0
ca:bb:a4:bf:fb:ec|0|3|0|0|0|0
ae:c7:07:94:34:07|0|3|0|0|0|0
08:9e:08:bc:6c:2b|0|1|0|0|0|0
