28
b4:e6:2d:f6:c8:79
90:9a:4a:80:71:9a|1236|6|43|35|6595|5546
ff:ff:ff:ff:ff:ff|0|2896|0|50|0|8633
90:9a:4a:80:85:9e|1205|0|0|0|0|0
20:aa:4b:5b:e6:4b|545|0|29|0|4993|0
28:6d:cd:09:2a:ea|0|0|21|4|4495|474
c0:06:c3:8f:c0:7b|2|4|8|5|598|608
b4:e6:2d:f6:c8:79|0|4|0|3|0|376
6e:34:df:8d:de:98|0|1|0|0|0|0
34:cf:f6:83:7c:87|1|0|0|0|0|0
76:78:27:bc:20:c6|0|3|0|0|0|0
68:ff:7b:c5:ca:c9|3|0|0|0|0|0
62:e8:50:36:b3:f3|1|0|0|0|0|0
24:77:03:d4:12:38|0|10|0|0|0|0
a6:23:9c:e5:b4:cb|15|70|0|0|0|0
44:07:0b:2f:49:8b|15|0|0|0|0|0
c0:06:c3:8f:c7:99|4|8|6|3|453|315
94:65:2d:7c:c2:2c|0|2|0|0|0|0
ca:88:ec:77:44:b4|0|1|0|0|0|0
cc:88:26:08:e4:eb|2|3|0|0|0|0
22:48:f8:26:26:64|0|5|0|0|0|0
84:4b:f5:19:a0:99|0|1|0|0|0|0
00:08:07:76:35:b7|0|2|0|0|0|0
e6:09:33:6a:b6:d7|0|2|0|0|0|0
01:00:5e:00:00:fb|0|0|0|6|0|1068
30:07:4d:83:4d:ce|0|3|0|0|0|0
54:60:09:e2:ee:aa|0|9|0|0|0|0
c8:58:c0:c4:71:ce|1|0|0|0|0|0
01:00:5e:00:00:fa|0|0|0|1|0|114
