15
b4:e6:2d:f6:b6:a5
68:02:b8:1e:7f:1f|1243|0|313|0|59696|0
ff:ff:ff:ff:ff:ff|0|2347|0|302|0|57630
6a:02:98:1e:7f:1f|1241|0|0|0|0|0
70:ee:50:73:4e:36|0|0|20|0|520|0
b0:95:75:4b:b9:26|0|0|0|20|0|520
b4:e6:2d:f6:b6:a5|0|2|0|4|0|482
10:1c:0c:1a:10:10|3|0|0|0|0|0
a4:3e:a0:a4:2a:46|0|109|0|0|0|0
44:fe:3b:06:5c:71|1|0|0|0|0|0
64:b3:10:aa:e3:3c|0|12|0|0|0|0
c8:66:5d:1f:4f:54|0|6|0|0|0|0
84:16:f9:07:68:71|0|6|0|0|0|0
33:33:00:00:00:01|0|0|0|3|0|584
72:fd:3b:67:ba:c6|0|6|0|0|0|0
01:00:5e:7f:ff:fa|0|0|0|4|0|1000
