29
b4:e6:2d:f6:b6:a5
68:02:b8:1e:7f:1f|1243|0|181|0|21236|0
ff:ff:ff:ff:ff:ff|0|3083|0|148|0|14065
6a:02:98:1e:7f:1f|1239|0|0|0|0|0
d8:b6:b7:7a:3a:61|852|0|5|46|192|1334
80:58:f8:93:88:29|0|0|0|18|0|2929
b6:07:1d:c5:d7:39|0|1|0|0|0|0
f0:72:ea:da:42:c6|0|19|0|0|0|0
c6:86:3d:6d:f4:a2|2|24|0|0|0|0
70:2e:22:8d:72:74|24|0|0|0|0|0
a4:3e:a0:a4:2a:46|0|145|0|0|0|0
66:05:40:46:2b:a0|2|36|0|0|0|0
bc:54:51:02:a4:f0|0|0|23|2|774|52
e6:35:23:4e:ab:99|0|0|8|0|200|0
0e:26:0a:2f:38:6b|0|0|15|0|360|0
01:00:5e:00:00:01|0|0|0|1|0|88
b4:e6:2d:f6:b6:a5|0|3|0|5|0|574
26:17:dc:59:74:f7|0|0|0|2|0|52
5c:f8:21:84:a4:31|0|1|0|0|0|0
c8:66:5d:1f:4f:54|0|6|0|0|0|0
f2:a3:e4:2e:37:6c|0|2|0|0|0|0
01:00:5e:7f:ff:fa|0|0|0|4|0|1490
0c:54:15:5d:f1:f6|0|5|0|0|0|0
d8:8c:79:90:f4:9b|0|5|0|0|0|0
