87
b4:e6:2d:f6:c8:79
90:9a:4a:80:85:9e|1208|0|0|0|0|0
ff:ff:ff:ff:ff:ff|0|2649|0|1|0|264
68:ff:7b:c5:ca:c9|268|0|0|0|0|0
90:9a:4a:80:71:9a|1500|6|20|97|3311|13688
54:2a:a2:73:c6:e9|12|119|0|0|0|0
b4:e6:2d:f6:c8:79|0|1|0|11|0|1334
20:aa:4b:5b:e6:4b|110|0|1|0|264|0
44:07:0b:2f:49:8b|17|0|0|0|0|0
50:e0:85:84:55:94|5|18|0|0|0|0
da:a1:19:45:45:45|0|3|0|0|0|0
70:5a:ac:63:41:02|0|1|0|0|0|0
f6:75:8d:b6:6b:4e|0|6|0|0|0|0
8a:8c:0f:21:5e:be|0|3|0|0|0|0
3a:f8:82:6e:e7:39|1|7|0|0|0|0
48:5a:b6:22:0c:7e|0|12|0|0|0|0
f0:ef:86:21:66:5f|0|3|0|0|0|0
b8:27:eb:81:9a:d6|0|3|0|0|0|0
f4:f5:d8:8d:f2:58|3|1|0|0|0|0
28:6d:cd:09:2a:ea|1|3|3|0|78|0
9a:d5:f2:19:65:87|1|24|0|0|0|0
a6:23:9c:e5:b4:cb|1|0|0|0|0|0
08:9e:08:bc:6c:2b|0|2|0|0|0|0
c0:06:c3:8f:c7:99|0|0|6|2|453|156
ca:95:dd:f7:cf:14|0|5|0|0|0|0
44:07:0b:6c:b6:e3|3|0|0|0|0|0
0e:ef:cc:e7:c3:0c|0|3|0|0|0|0
8a:03:b0:9a:14:65|0|6|0|0|0|0
1c:bf:ce:e3:fb:45|0|4|0|0|0|0
c0:06:c3:8f:c0:7b|5|10|10|3|1084|331
56:f7:b0:2c:66:fc|1|9|0|0|0|0
ec:5c:68:84:b1:4b|2|15|0|0|0|0
06:73:04:f0:09:89|0|1|0|0|0|0
9e:b8:01:30:4b:ca|0|6|0|0|0|0
a4:50:46:4c:af:3b|0|0|78|4|12073|1490
52:32:31:e0:fb:50|0|6|0|0|0|0
66:69:eb:5e:e0:35|0|3|0|0|0|0
4a:a2:72:ea:4c:99|4|15|0|0|0|0
3e:96:7e:3e:a3:07|2|6|0|0|0|0
a6:76:0f:63:a0:3e|0|3|0|0|0|0
f2:9f:80:06:e1:a6|0|3|0|0|0|0
24:77:03:d4:12:38|1|6|0|0|0|0
e4:5f:01:5c:9d:89|0|3|0|0|0|0
44:07:0b:70:9e:93|3|0|0|0|0|0
ac:d6:18:05:2a:70|5|31|1|0|26|0
90:9a:4a:80:6a:fe|0|0|0|1|0|26
92:1b:2a:60:fa:15|0|3|0|0|0|0
6e:9c:77:70:6e:63|1|7|0|0|0|0
ba:fd:ec:db:c4:12|0|1|0|0|0|0
82:52:a9:be:7b:1e|1|3|0|0|0|0
a2:5c:b8:c1:29:32|0|2|0|0|0|0
7e:49:13:f4:e9:f2|0|5|0|0|0|0
06:eb:cc:0e:b9:33|0|2|0|0|0|0
9a:a9:17:fd:ad:ab|1|6|0|0|0|0
00:1d:c9:07:2b:f1|4|0|0|0|0|0
42:d5:38:90:b9:5f|0|3|0|0|0|0
00:31:92:b2:52:69|1|0|0|0|0|0
0e:5a:9d:47:d0:3a|0|1|0|0|0|0
5a:7f:8a:81:18:e1|0|5|0|0|0|0
f2:67:28:b5:a9:c4|0|1|0|0|0|0
a6:21:ed:4e:8c:2f|0|3|0|0|0|0
b2:bb:c9:8c:5a:cc|1|6|0|0|0|0
ee:a7:53:7b:19:45|0|1|0|0|0|0
14:5a:fc:11:63:33|13|26|0|0|0|0
ae:5a:50:dc:44:4c|0|6|0|0|0|0
fa:48:6f:cd:d0:39|1|4|0|0|0|0
82:a6:55:41:eb:24|1|7|0|0|0|0
66:a5:c9:27:ff:0e|1|4|0|0|0|0
7a:c8:ba:f8:33:6c|0|4|0|0|0|0
aa:c7:8d:bf:54:50|0|3|0|0|0|0
7c:2e:bd:f4:94:ee|5|0|0|0|0|0
ca:6c:f8:5b:43:db|1|3|0|0|0|0
be:f3:39:13:1d:0e|0|3|0|0|0|0
46:3b:78:62:ec:7e|0|6|10|0|240|0
c4:12:f5:d1:17:6c|0|0|0|10|0|240
0e:f3:b5:e3:f0:61|0|5|0|0|0|0
42:7a:e3:15:4d:db|0|3|0|0|0|0
26:2a:69:ac:11:d3|4|36|0|0|0|0
1a:2e:39:4c:29:68|1|0|0|0|0|0
32:e1:8c:bd:4c:b2|0|3|0|0|0|0
d6:a3:32:14:a6:03|0|4|0|0|0|0
1e:99:af:cc:19:fd|0|4|0|0|0|0
76:41:6b:50:87:c8|0|5|0|0|0|0
ee:4c:7d:1e:a7:7c|0|3|0|0|0|0
0e:d4:b0:86:60:01|0|3|0|0|0|0
1a:49:e0:a8:88:e5|0|6|0|0|0|0
82:da:f6:b6:3f:e7|0|3|0|0|0|0
0e:6f:61:1c:25:fe|0|3|0|0|0|0
