27
b4:e6:2d:f6:b6:a5
68:02:b8:1e:7f:1f|1266|0|16|0|2752|0
ff:ff:ff:ff:ff:ff|0|2358|0|4|0|322
6a:02:98:1e:7f:1f|1264|0|0|0|0|0
b4:e6:2d:f6:b6:a5|0|1|0|3|0|390
70:ee:50:73:4e:36|0|0|30|0|778|0
b0:95:75:4b:b9:26|0|0|0|30|0|778
44:fe:3b:06:5c:71|66|0|4|0|322|0
72:fe:3b:06:5c:73|4|0|0|0|0|0
c8:66:5d:1f:4f:54|0|5|0|0|0|0
2c:db:07:46:b4:19|0|2|0|0|0|0
a4:3e:a0:a4:2a:46|0|119|0|0|0|0
01:00:5e:00:00:fb|0|0|0|3|0|645
33:33:00:00:00:fb|0|0|0|3|0|705
b6:64:7c:a6:9d:08|0|12|0|0|0|0
33:33:00:00:00:16|0|0|0|2|0|248
01:00:5e:00:00:16|0|0|0|2|0|180
64:b3:10:aa:e3:3c|0|11|0|0|0|0
62:45:b6:bc:8e:c5|0|6|0|0|0|0
10:1c:0c:1a:10:10|4|31|0|0|0|0
22:e5:bd:fb:e9:2a|0|2|0|0|0|0
d8:8c:79:90:f4:9b|0|6|0|0|0|0
58:b1:0f:56:36:08|0|37|0|0|0|0
06:19:c7:37:1c:dd|0|1|0|0|0|0
33:33:00:00:00:01|0|0|0|3|0|584
76:92:39:1a:72:d5|0|2|0|0|0|0
5c:f5:da:55:8b:f6|0|2|0|0|0|0
f0:5c:77:1a:f1:64|0|9|0|0|0|0
