15
b4:e6:2d:f6:b6:a5
68:02:b8:1e:7f:1f|1337|0|357|0|84690|0
ff:ff:ff:ff:ff:ff|0|2306|0|296|0|55019
6a:02:98:1e:7f:1f|1323|0|0|0|0|0
01:00:5e:7f:ff:fa|0|0|0|57|0|29189
a4:3e:a0:a4:2a:46|0|113|0|0|0|0
b4:e6:2d:f6:b6:a5|0|2|0|4|0|482
10:1c:0c:1a:10:10|3|41|0|0|0|0
c8:66:5d:1f:4f:54|0|11|0|0|0|0
f8:77:b8:53:10:e8|11|117|0|0|0|0
7e:ed:86:c3:4c:e5|0|12|0|0|0|0
5c:f8:21:84:a4:31|0|10|0|0|0|0
26:94:9b:c4:cd:39|2|30|0|0|0|0
4e:9b:05:55:9f:ce|2|24|0|0|0|0
e0:9d:31:02:83:40|0|6|0|0|0|0
c8:c7:50:54:2d:82|0|6|0|0|0|0
