25
b4:e6:2d:f6:b6:a5
6a:02:98:1e:7f:1f|1236|0|0|0|0|0
ff:ff:ff:ff:ff:ff|0|2598|0|13|0|1096
68:02:b8:1e:7f:1f|1269|0|18|8|1989|260
02:aa:3f:a7:c9:b1|149|0|0|0|0|0
02:aa:3f:a7:c9:b2|161|0|22|0|6325|0
33:33:ff:92:e9:b1|0|0|0|6|0|720
b4:e6:2d:f6:b6:a5|0|2|0|6|0|669
a4:3e:a0:a4:2a:46|0|131|0|0|0|0
c8:66:5d:1f:4f:54|0|12|0|0|0|0
33:33:00:00:00:fb|0|0|0|1|0|225
01:00:5e:00:00:fb|0|0|0|1|0|281
5c:f8:21:84:a4:31|0|12|0|0|0|0
33:33:00:00:00:01|0|0|0|3|0|584
33:33:ff:1e:b6:60|0|0|0|1|0|112
6a:02:98:2e:8d:67|1|0|0|0|0|0
10:1c:0c:1a:10:10|2|30|0|0|0|0
26:94:9b:c4:cd:39|0|0|8|1|260|92
01:00:5e:7f:ff:fa|0|0|0|3|0|1619
33:33:00:00:00:0c|0|0|0|5|0|2916
fe:07:f5:51:d4:79|0|1|0|0|0|0
72:26:c5:63:81:73|0|4|0|0|0|0
64:b3:10:aa:e3:3c|1|24|0|0|0|0
ba:29:7b:32:90:28|0|2|0|0|0|0
