35
b4:e6:2d:f6:b6:a5
68:02:b8:1e:7f:1f|1310|2|711|24|124634|624
ff:ff:ff:ff:ff:ff|0|2356|0|241|0|30683
6a:02:98:1e:7f:1f|1301|0|0|0|0|0
01:00:5e:7f:ff:fa|0|0|0|57|0|24689
b4:e6:2d:f6:b6:a5|0|2|0|3|0|390
70:ee:50:73:4e:36|0|0|162|0|4208|0
b0:95:75:4b:b9:26|0|0|0|162|0|4208
8e:ce:84:5f:9c:42|4|24|0|0|0|0
a4:3e:a0:a4:2a:46|0|90|0|0|0|0
c8:66:5d:1f:4f:54|0|6|0|0|0|0
2a:6b:d4:c1:29:2a|2|6|0|0|0|0
10:1c:0c:1a:10:10|2|36|0|0|0|0
01:00:5e:00:00:fb|0|0|0|97|0|10928
33:33:00:00:00:fb|0|0|0|99|0|13260
f0:72:ea:da:42:c6|0|6|0|0|0|0
44:fe:3b:06:5c:71|1|0|0|0|0|0
da:ae:d5:3c:58:6e|0|1|0|0|0|0
26:94:9b:c4:cd:39|5|43|24|17|624|2177
12:a4:d8:4c:65:13|0|6|0|0|0|0
64:b3:10:aa:e3:3c|0|12|0|0|0|0
0a:d4:6f:91:15:a1|0|6|0|0|0|0
4e:9b:05:55:9f:ce|1|24|0|0|0|0
33:33:00:00:00:01|0|0|0|6|0|944
33:33:00:01:00:02|0|0|0|4|0|727
33:33:00:00:00:16|0|0|0|32|0|4188
33:33:ff:f7:09:9c|0|0|0|2|0|224
33:33:00:00:00:02|0|0|0|1|0|96
33:33:ff:ed:4c:db|0|0|0|2|0|232
01:00:5e:00:00:16|0|0|0|10|0|952
33:33:00:00:00:0c|0|0|0|45|0|24828
33:33:ff:1e:b6:60|0|0|0|1|0|120
33:33:00:01:00:03|0|0|0|50|0|5900
01:00:5e:00:00:fc|0|0|0|40|0|3920
01:80:c2:00:00:0e|0|0|0|4|0|376
9c:5d:12:d7:43:d4|0|6|0|0|0|0
