30
b4:e6:2d:f6:c8:79
90:9a:4a:80:71:9a|1187|2|204|240|149162|41046
ff:ff:ff:ff:ff:ff|0|2896|0|17|0|2669
90:9a:4a:80:85:9e|1113|2|6|15|1022|360
20:aa:4b:5b:e6:4b|620|0|18|0|2783|0
28:6d:cd:09:2a:ea|0|0|30|4|6814|474
68:ff:7b:c5:ca:c9|37|0|0|0|0|0
b4:e6:2d:f6:c8:79|0|4|0|3|0|376
10:fe:ed:dd:08:06|4|0|0|0|0|0
e4:5f:01:5c:9d:89|0|1|0|0|0|0
a4:50:46:4c:af:3b|2|2|198|192|33434|147679
f0:ef:86:05:a3:fa|0|17|0|0|0|0
c0:06:c3:8f:c0:7b|0|0|4|0|96|0
c0:06:c3:8f:c7:99|0|0|8|5|702|633
54:60:09:e2:ee:aa|0|2|0|0|0|0
44:07:0b:6c:b6:e3|2|0|0|0|0|0
1e:e8:29:e4:16:89|6|0|0|0|0|0
9e:ab:89:2d:82:91|2|16|15|5|360|938
00:08:07:76:35:b7|0|6|0|0|0|0
44:07:0b:2f:49:8b|11|0|0|0|0|0
b8:27:eb:3b:22:38|0|1|0|0|0|0
20:1f:3b:3a:bb:3d|4|0|0|0|0|0
a4:77:33:63:f5:7e|0|12|0|0|0|0
7c:b2:7d:d3:ca:b1|0|2|0|0|0|0
01:00:5e:00:00:01|0|0|0|1|0|84
b8:27:eb:81:9a:d6|0|5|0|0|0|0
84:cf:bf:8f:18:40|0|8|0|0|0|0
f4:f5:d8:8d:f2:58|0|1|0|0|0|0
da:a1:19:8e:8e:8e|1|10|0|0|0|0
01:00:5e:00:00:fa|0|0|0|1|0|114
f4:f5:d8:84:58:92|0|2|0|0|0|0
