54
b4:e6:2d:f6:c8:79
90:9a:4a:80:71:9a|1339|13|21|43|2216|7397
ff:ff:ff:ff:ff:ff|0|2432|0|2|0|340
90:9a:4a:80:85:9e|1207|1|1553|138|1258941|11755
9e:ab:89:2d:82:91|1|7|138|1552|11755|1258857
b4:e6:2d:f6:c8:79|0|1|0|3|0|376
52:f9:a1:06:ed:fe|0|3|0|0|0|0
82:36:98:8f:e4:e2|1|3|0|0|0|0
50:e0:85:84:55:94|3|10|0|0|0|0
28:6d:cd:09:2a:ea|0|0|27|3|5973|315
44:07:0b:89:e4:ab|6|0|0|0|0|0
20:aa:4b:5b:e6:4b|42|0|2|0|340|0
6a:34:91:e8:17:31|0|3|0|0|0|0
22:3d:29:1c:3b:3f|2|6|0|0|0|0
e6:f5:23:c3:12:48|1|4|0|0|0|0
9a:27:a6:c9:60:b8|0|3|0|0|0|0
4a:45:12:35:73:97|0|3|0|0|0|0
1a:59:9f:01:00:c8|1|6|0|0|0|0
f4:f5:d8:8d:f2:58|5|0|0|0|0|0
6e:f4:64:ce:93:12|1|6|0|0|0|0
5e:6e:45:a3:c4:7f|2|6|0|0|0|0
c0:06:c3:8f:c7:99|4|17|6|4|453|474
c0:06:c3:8f:c0:7b|9|7|10|11|971|1051
72:5b:bd:60:20:3b|0|1|0|0|0|0
54:60:09:e2:ee:aa|0|5|0|0|0|0
7e:47:7a:e1:ac:31|1|3|0|0|0|0
01:00:5e:00:00:01|0|0|0|1|0|84
46:3b:78:62:ec:7e|2|11|0|0|0|0
74:eb:80:1d:42:94|3|3|0|0|0|0
ba:56:99:14:89:c8|1|5|0|0|0|0
ae:c3:13:26:c4:31|1|3|0|0|0|0
3c:f0:11:c4:ac:66|1|5|0|0|0|0
e6:37:9d:94:c7:ec|0|0|2|0|48|0
c4:12:f5:d1:17:6c|0|0|0|2|0|48
68:ff:7b:c5:ca:c9|31|0|0|0|0|0
44:07:0b:2f:49:8b|6|0|0|0|0|0
56:5f:9d:38:e8:ec|0|3|0|0|0|0
5a:cf:10:71:a8:e1|0|6|0|0|0|0
4a:a2:72:ea:4c:99|7|30|0|0|0|0
02:00:00:00:00:00|0|1|0|0|0|0
66:92:35:56:ea:48|1|0|0|0|0|0
e6:09:33:6a:b6:d7|0|3|0|0|0|0
ae:25:80:fd:99:d1|0|3|0|0|0|0
7e:7f:05:9b:f2:04|0|2|0|0|0|0
36:92:36:b3:b0:96|0|6|0|0|0|0
22:48:f8:26:26:64|1|6|0|0|0|0
56:f6:05:23:19:e8|1|10|0|0|0|0
8a:d4:f3:94:8f:20|1|6|0|0|0|0
de:ab:31:14:e2:0e|0|1|0|0|0|0
