36
b4:e6:2d:f6:b6:a5
68:02:b8:1e:7f:1f|1272|0|466|0|88672|0
ff:ff:ff:ff:ff:ff|0|2302|0|221|0|43699
6a:02:98:1e:7f:1f|1181|0|0|0|0|0
02:aa:3f:a7:c9:b1|12|0|0|0|0|0
da:a1:19:53:f3:3a|4|0|0|0|0|0
a4:3e:a0:a4:2a:46|0|101|0|0|0|0
00:10:20:ce:37:41|3|0|0|0|0|0
08:26:97:ed:6e:d1|0|3|0|0|0|0
da:a1:19:09:17:49|2|0|0|0|0|0
86:7f:4d:bf:3c:43|0|6|0|0|0|0
10:1c:0c:1a:10:10|3|12|0|0|0|0
da:a1:19:ab:6f:3b|2|0|0|0|0|0
b4:e6:2d:f6:b6:a5|0|2|0|5|0|574
da:a1:19:00:1b:76|1|0|0|0|0|0
02:aa:3f:a7:c9:b2|6|0|2|0|188|0
da:a1:19:f8:dd:23|2|0|0|0|0|0
da:a1:19:a6:92:f4|2|0|0|0|0|0
8e:ce:84:5f:9c:42|4|48|0|0|0|0
33:33:00:00:00:01|0|0|0|3|0|584
da:a1:19:03:68:6a|3|0|0|0|0|0
64:b3:10:aa:e3:3c|0|6|0|0|0|0
da:a1:19:52:a1:a1|3|0|0|0|0|0
80:be:05:5f:13:d9|0|6|0|0|0|0
33:33:00:00:00:0c|0|0|0|7|0|8967
