55
b4:e6:2d:f6:b6:a5
68:02:b8:1e:7f:1f|1293|0|391|0|92140|0
ff:ff:ff:ff:ff:ff|0|2629|0|318|0|59230
6a:02:98:1e:7f:1f|1281|0|0|0|0|0
b4:e6:2d:f6:b6:a5|0|2|0|3|0|390
cc:88:26:36:b9:a7|57|31|0|0|0|0
a4:3e:a0:a4:2a:46|0|47|0|0|0|0
70:ee:50:73:4e:36|0|0|21|0|546|0
b0:95:75:4b:b9:26|0|0|0|21|0|546
3e:c2:fc:07:34:05|2|15|0|0|0|0
d8:b6:b7:7a:3a:61|411|0|8|34|774|1048
7e:6f:53:89:72:db|1|6|0|0|0|0
bc:54:51:02:a4:f0|0|0|19|0|680|0
e6:35:23:4e:ab:99|0|0|8|2|200|52
a6:bb:fd:34:a8:9f|0|7|0|0|0|0
0e:07:21:15:ed:67|0|13|0|0|0|0
64:b3:10:aa:e3:3c|0|13|0|0|0|0
01:00:5e:7f:ff:fa|0|0|0|60|0|30806
54:2a:a2:48:a3:f0|0|79|0|0|0|0
16:57:37:49:eb:7b|2|12|0|0|0|0
3a:63:df:22:8c:cd|2|13|0|0|0|0
c2:ec:22:f6:7b:92|0|6|0|0|0|0
82:3d:9f:9a:38:e0|0|6|0|0|0|0
0e:7b:b1:1a:c6:a4|0|6|0|0|0|0
01:00:5e:00:00:01|0|0|0|1|0|88
fa:66:e3:92:0a:0c|2|12|0|0|0|0
fe:12:01:95:8f:e9|0|7|0|0|0|0
ba:9f:31:f7:09:ae|0|24|0|0|0|0
d8:8c:79:90:f4:9b|0|2|0|0|0|0
da:a1:19:d8:ac:08|0|7|0|0|0|0
00:10:20:ce:20:91|0|18|0|0|0|0
26:17:dc:59:74:f7|0|0|7|2|168|52
ca:0b:c1:12:68:fe|0|5|0|0|0|0
33:33:00:00:00:01|0|0|0|3|0|584
b2:8a:e0:e8:58:a6|0|7|0|0|0|0
ec:2e:98:f0:f5:27|0|24|0|0|0|0
f2:49:0c:5e:d8:bd|0|9|0|0|0|0
f2:76:1a:01:83:3e|0|6|0|0|0|0
36:4a:bb:79:fe:24|0|1|0|0|0|0
e8:df:70:a6:5d:05|0|6|0|0|0|0
26:6f:1d:c2:e2:46|0|7|0|0|0|0
06:39:4b:e1:ca:76|0|1|0|0|0|0
a6:f1:6f:4a:62:b4|0|4|0|0|0|0
59:12:82:48:90:94|1|8|0|0|0|0
ce:b9:e0:c8:f1:70|0|3|0|0|0|0
01:00:5e:00:00:fb|0|0|0|3|0|593
33:33:00:00:00:fb|0|0|0|3|0|653
4a:8e:68:fb:72:8a|1|0|0|0|0|0
33:33:00:00:00:16|0|0|0|3|0|376
01:00:5e:00:00:16|0|0|0|1|0|90
2f:ba:a6:b7:c3:d7|0|2|0|0|0|0
4e:f6:47:37:07:3a|3|0|0|0|0|0
07:1e:d6:2c:96:e9|0|2|0|0|0|0
f0:5c:77:1a:f1:64|0|4|0|0|0|0
fe:53:c1:1e:33:c7|4|0|0|0|0|0
4e:1a:fa:15:5f:97|2|18|0|0|0|0
