34
b4:e6:2d:f6:c8:79
90:9a:4a:80:85:9e|870|0|4|4|318|96
ff:ff:ff:ff:ff:ff|0|2163|0|9|0|1367
90:9a:4a:80:71:9a|1215|0|98|91|37745|11595
66:b2:76:cc:96:a1|2|4|0|0|0|0
20:aa:4b:5b:e6:4b|137|0|8|0|1028|0
28:6d:cd:09:2a:ea|0|0|32|4|6994|474
c0:87:eb:8e:48:ef|3|36|0|0|0|0
a4:50:46:4c:af:3b|0|0|48|43|3827|32908
b4:e6:2d:f6:c8:79|0|1|0|4|0|454
e4:5f:01:5c:9d:89|0|4|0|0|0|0
c0:06:c3:8f:c7:99|0|0|8|47|702|3909
68:ff:7b:c5:ca:c9|33|0|0|0|0|0
f4:f5:d8:8d:f2:58|0|3|0|0|0|0
9e:e0:c7:4c:63:99|0|5|0|0|0|0
54:60:09:e2:ee:aa|0|3|0|0|0|0
c0:06:c3:8f:c0:7b|0|0|3|0|72|0
9e:ab:89:2d:82:91|0|0|4|3|96|234
44:07:0b:70:9e:93|1|0|0|0|0|0
1c:bf:ce:e3:fb:45|0|11|0|0|0|0
50:e0:85:84:55:94|4|17|0|0|0|0
12:e8:29:e4:16:89|0|0|1|0|339|0
ac:d1:b8:8d:4b:a1|0|6|0|0|0|0
44:07:0b:2f:49:8b|6|0|0|0|0|0
