43
b4:e6:2d:f6:b6:a5
68:02:b8:1e:7f:1f|1266|0|120|32|23720|988
ff:ff:ff:ff:ff:ff|0|2998|0|8|0|622
6a:02:98:1e:7f:1f|1260|0|0|0|0|0
d8:b6:b7:7a:3a:61|779|0|8|75|1414|2030
b4:e6:2d:f6:b6:a5|0|2|0|3|0|390
0e:26:0a:2f:38:6b|0|0|19|0|456|0
70:ee:50:73:4e:36|0|0|33|0|854|0
b0:95:75:4b:b9:26|0|0|0|33|0|854
bc:54:51:02:a4:f0|0|0|26|1|848|26
01:00:5e:00:00:fb|0|0|0|8|0|1698
33:33:00:00:00:fb|0|0|0|8|0|1858
33:33:00:00:00:16|0|0|0|2|0|248
01:00:5e:00:00:16|0|0|0|2|0|180
4e:9b:05:55:9f:ce|2|6|0|0|0|0
80:58:f8:93:88:29|0|0|32|78|988|17854
e6:35:23:4e:ab:99|0|0|13|1|318|26
a4:3e:a0:a4:2a:46|0|82|0|0|0|0
64:b3:10:aa:e3:3c|0|7|0|0|0|0
26:17:dc:59:74:f7|0|0|17|0|408|0
3e:c4:4c:78:f7:01|0|4|0|0|0|0
33:33:ff:b6:34:20|0|0|0|12|0|1440
f0:72:ea:da:42:c6|0|2|0|0|0|0
f0:5c:77:1a:f1:64|0|7|0|0|0|0
c8:66:5d:1f:4f:54|0|6|0|3|0|72
fa:d5:68:89:90:42|0|7|0|0|0|0
54:88:0e:46:1b:78|0|44|0|0|0|0
00:0c:e7:31:56:f4|0|21|0|0|0|0
3a:8f:5b:08:32:52|2|0|0|0|0|0
00:0c:e7:73:1d:a3|0|6|0|0|0|0
1a:87:40:73:e2:42|0|22|0|0|0|0
7a:5c:0f:ee:0c:f5|2|18|0|0|0|0
f2:91:f8:c0:c5:5d|2|7|0|0|0|0
33:33:00:00:00:01|0|0|0|3|0|584
00:0c:e7:4b:e8:51|0|8|0|0|0|0
33:33:00:00:00:02|0|0|0|1|0|96
33:33:ff:1e:b6:60|0|0|0|1|0|112
00:0c:e7:8a:d3:34|0|6|0|0|0|0
cc:4b:73:b0:02:dc|0|7|0|0|0|0
00:0c:e7:b5:60:35|0|23|0|0|0|0
b6:49:78:4e:d7:76|0|8|0|0|0|0
be:82:5e:93:5b:65|0|6|0|0|0|0
92:62:bd:04:85:00|0|0|3|0|72|0
00:0c:e7:bf:4a:64|0|16|0|0|0|0
