27
b4:e6:2d:f6:b6:a5
68:02:b8:1e:7f:1f|1303|2|143|1|36769|155
ff:ff:ff:ff:ff:ff|0|2350|0|11|0|1220
6a:02:98:1e:7f:1f|1277|0|0|0|0|0
70:ee:50:73:4e:36|0|0|54|0|1400|0
b0:95:75:4b:b9:26|0|0|0|54|0|1400
b4:e6:2d:f6:b6:a5|0|2|0|4|0|482
c8:66:5d:1f:4f:54|0|12|0|0|0|0
a4:3e:a0:a4:2a:46|0|84|0|0|0|0
33:33:ff:c7:51:cd|0|0|0|3|0|360
10:1c:0c:1a:10:10|6|60|1|53|155|18627
33:33:00:00:00:16|0|0|0|4|0|696
01:00:5e:00:00:fb|0|0|0|29|0|6728
33:33:00:00:00:fb|0|0|0|27|0|7108
01:00:5e:00:00:02|0|0|0|2|0|160
1a:87:40:bb:68:99|0|18|0|0|0|0
33:33:00:00:00:01|0|0|0|3|0|584
33:33:00:00:00:02|0|0|0|2|0|200
33:33:ff:1e:b6:60|0|0|0|1|0|112
33:33:ff:47:43:51|0|0|0|1|0|120
33:33:ff:b3:95:2c|0|0|0|2|0|240
33:33:00:01:00:02|0|0|0|1|0|132
d2:3c:57:84:de:12|0|6|0|0|0|0
5e:da:97:8d:6b:bc|0|12|0|0|0|0
58:b1:0f:56:36:08|0|12|0|0|0|0
64:b3:10:aa:e3:3c|1|12|0|0|0|0
6e:ff:87:18:ef:d0|1|6|0|0|0|0
8a:a7:6c:77:11:e2|0|12|0|0|0|0
