34
b4:e6:2d:f6:b6:a5
68:02:b8:1e:7f:1f|1292|0|175|16|46438|404
ff:ff:ff:ff:ff:ff|0|2856|0|144|0|42565
6a:02:98:1e:7f:1f|1292|0|0|0|0|0
d8:b6:b7:7a:3a:61|604|1|9|39|602|944
b4:e6:2d:f6:b6:a5|0|2|0|4|0|482
33:33:00:00:00:01|0|0|0|4|0|816
33:33:00:00:00:02|0|0|0|1|0|96
33:33:ff:1e:b6:60|0|0|0|1|0|112
e2:c4:76:10:d1:86|0|2|0|0|0|0
0e:26:0a:2f:38:6b|1|2|31|1|744|26
e6:35:23:4e:ab:99|0|0|8|2|200|52
bc:54:51:02:a4:f0|0|0|0|4|0|472
26:17:dc:59:74:f7|0|0|0|2|0|52
9c:5d:12:d7:43:d4|0|6|0|0|0|0
80:58:f8:93:88:29|0|0|0|8|0|1048
01:00:5e:00:00:16|0|0|0|6|0|540
8e:48:1d:0c:0b:51|0|42|0|0|0|0
01:00:5e:00:00:fb|0|0|0|3|0|411
a4:3e:a0:a4:2a:46|0|109|0|0|0|0
7e:d4:21:c4:bb:04|0|6|0|0|0|0
54:2a:a2:48:a3:f0|0|58|0|0|0|0
c8:66:5d:1f:4f:54|0|12|0|0|0|0
b6:32:62:98:ba:4b|0|11|0|0|0|0
64:b3:10:aa:e3:3c|0|1|0|0|0|0
00:1c:bf:52:98:29|0|2|0|0|0|0
f2:d0:86:a4:85:4d|0|7|0|0|0|0
9e:da:63:cc:da:d4|2|0|0|0|0|0
2c:0e:3d:ac:4c:05|0|0|16|4|404|368
a0:cb:fd:f1:d7:be|0|3|0|0|0|0
92:b6:46:f6:2c:39|0|3|0|0|0|0
02:00:00:00:00:00|0|32|0|0|0|0
86:9a:6f:47:6e:d3|0|18|0|0|0|0
4e:9b:05:55:9f:ce|2|18|0|0|0|0
da:a1:19:65:bb:81|0|2|0|0|0|0
