32
b4:e6:2d:f6:c8:79
90:9a:4a:80:71:9a|1277|7|26|54|3173|8223
ff:ff:ff:ff:ff:ff|0|2334|0|0|0|0
28:6d:cd:09:2a:ea|0|0|27|3|5904|315
90:9a:4a:80:85:9e|1203|3|19|804|1928|19787
9e:ab:89:2d:82:91|3|24|804|18|19787|1844
68:ff:7b:c5:ca:c9|9|0|0|0|0|0
c0:87:eb:8e:48:ef|0|6|0|0|0|0
c0:06:c3:8f:c7:99|2|4|6|2|399|237
c0:06:c3:8f:c0:7b|4|8|12|8|1466|781
f4:f5:d8:8d:f2:58|0|3|0|0|0|0
a8:6d:aa:73:88:1d|0|41|0|0|0|0
f0:ef:86:21:66:5f|0|3|0|0|0|0
01:00:5e:00:00:01|0|0|0|1|0|84
1a:90:d2:98:f9:8e|0|3|0|0|0|0
a4:50:46:4c:af:3b|1|4|9|9|454|1386
b4:e6:2d:f6:c8:79|0|1|0|4|0|454
22:48:f8:26:26:64|13|75|0|0|0|0
44:07:0b:2f:49:8b|8|0|0|0|0|0
e6:1d:78:73:e4:e3|0|0|12|0|312|0
20:aa:4b:5b:e6:4b|0|0|0|12|0|312
da:a1:19:2e:2e:2e|1|4|0|0|0|0
46:3b:78:62:ec:7e|1|7|0|0|0|0
64:5d:86:d7:5d:f2|2|0|0|0|0|0
44:07:0b:70:9e:93|2|0|0|0|0|0
f0:f6:c1:d5:cb:42|0|3|0|0|0|0
ac:67:84:52:fe:0b|1|0|0|0|0|0
00:31:92:b2:52:69|1|0|0|0|0|0
b8:27:eb:81:9a:d6|1|0|0|0|0|0
04:ea:56:43:69:3f|1|0|0|0|0|0
08:9e:08:bc:6c:2b|0|1|0|0|0|0
20:df:b9:ac:28:3b|2|0|0|0|0|0
0a:02:20:0a:00:51|0|1|0|0|0|0
