28
b4:e6:2d:f6:b6:a5
68:02:b8:1e:7f:1f|1241|0|299|0|58654|0
ff:ff:ff:ff:ff:ff|0|3393|0|270|0|54750
d8:b6:b7:7a:3a:61|1235|0|14|58|1524|1622
6a:02:98:1e:7f:1f|1152|0|0|0|0|0
26:17:dc:59:74:f7|0|0|12|2|288|52
b4:e6:2d:f6:b6:a5|0|2|0|6|0|734
bc:54:51:02:a4:f0|0|0|20|5|702|880
80:58:f8:93:88:29|0|0|0|1|0|92
4e:9b:05:55:9f:ce|4|44|0|0|0|0
01:00:5e:00:00:fb|0|0|0|17|0|2382
f0:72:ea:da:42:c6|0|12|0|0|0|0
f8:a2:d6:57:37:ad|0|7|0|0|0|0
a4:3e:a0:a4:2a:46|0|122|0|0|0|0
e6:35:23:4e:ab:99|0|0|8|2|200|52
0e:26:0a:2f:38:6b|0|0|18|2|432|52
8a:96:b6:67:11:bb|5|0|0|0|0|0
8c:c5:b4:3b:6e:56|0|6|0|0|0|0
01:00:5e:00:00:01|0|0|0|1|0|88
ae:22:15:89:53:64|0|1|0|0|0|0
d8:8c:79:90:f4:9b|0|7|0|0|0|0
1a:87:40:68:d7:78|0|8|0|0|0|0
01:80:c2:00:00:0e|0|0|0|1|0|94
64:b3:10:aa:e3:3c|0|28|0|0|0|0
33:33:00:00:00:fb|0|0|0|1|0|210
33:33:00:00:00:01|0|0|0|3|0|584
33:33:00:00:00:02|0|0|0|1|0|96
33:33:ff:1e:b6:60|0|0|0|1|0|112
26:6f:1d:c2:e2:46|0|7|0|0|0|0
