33
b4:e6:2d:f6:b6:a5
d8:b6:b7:7a:3a:61|948|0|8|45|324|1310
ff:ff:ff:ff:ff:ff|0|3120|0|346|0|62589
68:02:b8:1e:7f:1f|1276|0|411|0|72556|0
6a:02:98:1e:7f:1f|1274|0|0|0|0|0
b4:e6:2d:f6:b6:a5|0|2|0|3|0|390
e6:35:23:4e:ab:99|0|0|13|2|318|52
01:00:5e:7f:ff:fa|0|0|0|20|0|2300
f8:77:b8:53:10:e8|10|88|0|0|0|0
0e:26:0a:2f:38:6b|0|0|2|0|48|0
00:1c:bf:52:98:29|0|18|0|0|0|0
6e:36:ad:07:c6:aa|0|2|0|0|0|0
01:00:5e:00:00:fb|0|0|0|17|0|3111
26:17:dc:59:74:f7|0|0|10|2|240|52
a4:3e:a0:a4:2a:46|0|151|0|0|0|0
bc:54:51:02:a4:f0|0|0|20|2|704|52
01:00:5e:00:00:16|0|0|0|8|0|720
26:94:9b:c4:cd:39|3|60|0|0|0|0
f0:5c:77:1a:f1:64|0|7|0|0|0|0
5e:ea:03:c3:af:63|0|5|0|0|0|0
d8:8c:79:90:f4:9b|0|7|0|0|0|0
c8:66:5d:1f:4f:54|0|12|0|0|0|0
24:46:c8:f7:fe:d9|0|12|0|0|0|0
64:b3:10:aa:e3:3c|0|11|0|0|0|0
