26
b4:e6:2d:f6:b6:a5
68:02:b8:1e:7f:1f|1317|0|643|0|104261|0
ff:ff:ff:ff:ff:ff|0|2353|0|338|0|62711
6a:02:98:1e:7f:1f|1295|0|0|0|0|0
70:ee:50:73:4e:36|0|0|24|0|624|0
b0:95:75:4b:b9:26|0|0|0|24|0|624
01:00:5e:00:00:fb|0|0|0|88|0|9152
33:33:00:00:00:fb|0|0|0|88|0|10912
7e:98:a4:b0:10:07|0|24|0|0|0|0
f0:72:ea:da:42:c6|0|6|0|0|0|0
33:33:00:00:00:0c|0|0|0|21|0|5958
01:00:5e:7f:ff:fa|0|0|0|27|0|6437
b4:e6:2d:f6:b6:a5|0|1|0|9|0|1025
33:33:00:01:00:03|0|0|0|36|0|4248
01:00:5e:00:00:fc|0|0|0|33|0|3234
e6:d5:61:d1:4e:8b|0|24|0|0|0|0
a4:3e:a0:a4:2a:46|0|96|0|0|0|0
dc:41:a9:b1:30:a0|0|21|0|0|0|0
10:1c:0c:1a:10:10|2|18|0|0|0|0
02:c4:be:93:de:36|0|12|0|0|0|0
24:46:c8:f7:fe:d9|0|6|0|0|0|0
c2:68:2d:fc:c7:c6|0|6|0|0|0|0
4e:9b:05:55:9f:ce|4|36|0|0|0|0
9c:5d:12:d7:43:d4|0|6|0|0|0|0
