20
b4:e6:2d:f6:b6:a5
68:02:b8:1e:7f:1f|1213|0|16|1|1946|26
ff:ff:ff:ff:ff:ff|0|2473|0|7|0|532
6a:02:98:1e:7f:1f|1211|0|0|0|0|0
d8:b6:b7:7a:3a:61|158|0|2|84|52|2250
b4:e6:2d:f6:b6:a5|0|2|0|3|0|390
33:33:00:00:00:01|0|0|0|4|0|816
33:33:00:00:00:02|0|0|0|1|0|96
33:33:ff:1e:b6:60|0|0|0|1|0|112
0e:26:0a:2f:38:6b|0|0|46|0|1104|0
70:ee:50:73:4e:36|0|0|17|0|440|0
b0:95:75:4b:b9:26|0|0|0|17|0|440
a2:3c:5b:e0:3d:e1|0|7|0|0|0|0
a4:3e:a0:a4:2a:46|0|70|0|0|0|0
e6:35:23:4e:ab:99|0|0|9|1|222|26
26:17:dc:59:74:f7|0|0|9|0|216|0
bc:54:51:02:a4:f0|0|0|20|1|708|26
c8:66:5d:1f:4f:54|0|12|0|0|0|0
80:58:f8:93:88:29|0|0|1|0|26|0
f0:5c:77:1a:f1:64|0|4|0|0|0|0
64:b3:10:aa:e3:3c|0|14|0|0|0|0
