27
b4:e6:2d:f6:b6:a5
68:02:b8:1e:7f:1f|1263|0|374|0|65453|0
ff:ff:ff:ff:ff:ff|0|2948|0|345|0|61879
6a:02:98:1e:7f:1f|1258|0|0|0|0|0
d8:b6:b7:7a:3a:61|698|0|10|39|628|1168
58:91:cf:92:d9:66|0|3|0|0|0|0
01:00:5e:7f:ff:fa|0|0|0|20|0|2300
e6:35:23:4e:ab:99|0|0|8|2|200|52
bc:54:51:02:a4:f0|0|0|18|4|656|472
26:17:dc:59:74:f7|0|0|12|2|288|52
0e:26:0a:2f:38:6b|0|0|1|2|24|52
b6:40:b1:5b:e7:2f|0|14|0|0|0|0
64:b3:10:aa:e3:3c|0|12|0|0|0|0
a4:3e:a0:a4:2a:46|0|141|0|0|0|0
00:1c:bf:52:98:29|0|2|0|0|0|0
b4:e6:2d:f6:b6:a5|0|1|0|4|0|482
f0:5c:77:1a:f1:64|0|13|0|0|0|0
0c:cb:85:ac:77:55|0|7|0|0|0|0
f0:72:ea:da:42:c6|0|3|0|0|0|0
f8:77:b8:53:10:e8|6|62|0|0|0|0
70:5f:a3:1e:1a:2c|0|6|0|0|0|0
78:9f:70:2b:86:c6|1|0|0|0|0|0
9c:5d:12:d7:43:d4|0|6|0|0|0|0
33:33:00:00:00:01|0|0|0|3|0|584
33:33:00:00:00:02|0|0|0|1|0|96
33:33:ff:1e:b6:60|0|0|0|1|0|112
0c:54:15:5d:f1:f6|0|2|0|0|0|0
c8:66:5d:1f:4f:54|0|6|0|0|0|0
