22
b4:e6:2d:f6:b6:a5
68:02:b8:1e:7f:1f|1231|3|140|0|46330|0
ff:ff:ff:ff:ff:ff|0|2351|0|7|0|832
6a:02:98:1e:7f:1f|1204|0|0|0|0|0
70:ee:50:73:4e:36|0|0|3|0|78|0
44:fe:3b:a8:69:27|0|0|0|3|0|78
b4:e6:2d:f6:b6:a5|0|1|0|3|0|390
10:1c:0c:1a:10:10|10|55|0|62|0|29308
33:33:00:00:00:01|0|0|0|3|0|584
64:b3:10:aa:e3:3c|1|12|0|0|0|0
f0:5c:77:1a:f1:64|0|6|0|0|0|0
01:00:5e:00:00:fb|0|0|0|27|0|6655
33:33:00:00:00:fb|0|0|0|25|0|6995
0a:d2:1d:94:b1:a2|0|6|0|0|0|0
a4:3e:a0:a4:2a:46|0|6|0|0|0|0
01:00:5e:00:00:02|0|0|0|2|0|160
33:33:00:00:00:16|0|0|0|5|0|720
33:33:00:00:00:02|0|0|0|1|0|104
33:33:ff:47:43:51|0|0|0|1|0|120
33:33:ff:8c:f9:e2|0|0|0|2|0|240
33:33:00:01:00:02|0|0|0|1|0|132
01:00:5e:00:00:16|0|0|0|1|0|90
c8:66:5d:1f:4f:54|0|6|0|0|0|0
