26
b4:e6:2d:f6:b6:a5
68:02:b8:1e:7f:1f|1256|0|300|0|59454|0
ff:ff:ff:ff:ff:ff|0|2425|0|261|0|52464
6a:02:98:1e:7f:1f|1255|0|0|0|0|0
b4:e6:2d:f6:b6:a5|0|1|0|3|0|390
a4:3e:a0:a4:2a:46|0|89|0|0|0|0
02:aa:3f:a7:c9:b1|41|0|0|0|0|0
02:aa:3f:a7:c9:b2|47|0|3|0|1182|0
e4:04:39:d1:6d:4a|0|1|0|0|0|0
10:1c:0c:1a:10:10|2|30|0|0|0|0
64:b3:10:aa:e3:3c|0|6|0|0|0|0
33:33:00:00:00:0c|0|0|0|2|0|1088
c8:66:5d:1f:4f:54|0|12|0|0|0|0
5c:f8:21:84:a4:31|0|1|0|0|0|0
33:33:00:00:00:01|0|0|0|3|0|584
33:33:00:00:00:16|0|0|0|5|0|620
01:00:5e:00:00:16|0|0|0|5|0|470
01:00:5e:7f:ff:fa|0|0|0|6|0|1278
01:00:5e:00:00:fb|0|0|0|8|0|1672
33:33:00:00:00:fb|0|0|0|8|0|1832
33:33:00:01:00:03|0|0|0|1|0|129
01:00:5e:00:00:fc|0|0|0|1|0|109
32:c3:51:de:4c:c0|0|3|0|0|0|0
56:d0:ac:4e:52:89|0|1|0|0|0|0
