40
b4:e6:2d:f6:c8:79
90:9a:4a:80:71:9a|1326|6|31|61|3419|9315
ff:ff:ff:ff:ff:ff|0|2918|0|42|0|7585
90:9a:4a:80:85:9e|1076|0|0|0|0|0
20:aa:4b:5b:e6:4b|568|0|43|0|7699|0
68:ff:7b:c5:ca:c9|88|0|0|0|0|0
b4:e6:2d:f6:c8:79|0|4|0|3|0|376
28:6d:cd:09:2a:ea|0|0|31|4|6744|474
10:fe:ed:dd:08:06|16|0|0|0|0|0
54:2a:a2:73:c6:e9|8|66|0|0|0|0
01:00:5e:00:00:fa|0|0|0|1|0|114
f0:ef:86:21:66:5f|0|3|0|0|0|0
50:e0:85:84:55:94|3|16|0|0|0|0
f0:ef:86:06:76:35|0|1|0|0|0|0
24:77:03:d4:12:38|4|9|0|0|0|0
c0:06:c3:8f:c0:7b|5|9|10|12|1084|1226
f0:f6:c1:d5:cb:42|0|6|0|0|0|0
c0:06:c3:8f:c7:99|0|0|7|4|543|474
62:52:9e:07:ab:a7|0|3|0|0|0|0
f4:f5:d8:8d:f2:58|2|2|0|0|0|0
06:fa:83:d1:d0:13|1|0|0|0|0|0
44:07:0b:70:9e:93|1|0|0|0|0|0
da:a1:19:98:37:5d|0|1|0|0|0|0
92:97:ac:41:97:2c|0|3|0|0|0|0
a4:50:46:4c:af:3b|1|1|13|8|944|869
3c:8d:20:4f:d8:e9|3|0|0|0|0|0
aa:fd:49:b5:a9:c3|0|4|0|0|0|0
b8:27:eb:81:9a:d6|0|1|0|0|0|0
ec:5c:68:84:b1:4b|0|27|0|0|0|0
3c:8d:20:19:41:be|3|3|0|0|0|0
54:60:09:e2:ee:aa|0|4|0|0|0|0
da:a1:19:27:a3:4a|0|2|0|0|0|0
da:a1:19:ff:ea:65|0|3|0|0|0|0
da:a1:19:e9:9d:18|1|2|0|0|0|0
44:07:0b:2f:49:8b|6|0|0|0|0|0
c4:5d:83:0a:48:c6|2|15|0|0|0|0
ac:67:84:5b:07:e3|1|0|0|0|0|0
44:46:87:a9:e4:4b|1|3|0|0|0|0
74:df:bf:45:ac:65|0|1|0|0|0|0
fa:3d:17:9b:1c:43|0|1|0|0|0|0
08:9e:08:bc:6c:2b|0|2|0|0|0|0
