44
b4:e6:2d:f6:c8:79
20:aa:4b:5b:e6:4b|446|0|33|0|4874|0
ff:ff:ff:ff:ff:ff|0|2782|0|34|0|4852
90:9a:4a:80:85:9e|1157|60|160|125|29927|3152
90:9a:4a:80:71:9a|1254|9|25|58|3160|8882
04:6c:59:1b:72:04|59|136|82|9|4536|2794
9e:ab:89:2d:82:91|1|42|49|86|1176|6708
68:ff:7b:c5:ca:c9|204|0|9|174|1499|4176
01:00:5e:00:00:fb|0|0|0|18|0|3321
b4:e6:2d:f6:c8:79|0|2|0|3|0|376
a0:78:17:a1:19:64|0|0|174|3|4176|234
76:b9:4f:5a:ff:96|0|2|0|0|0|0
28:6d:cd:09:2a:ea|0|0|28|4|6154|474
3e:5c:da:df:1e:87|0|3|0|0|0|0
a4:50:46:4c:af:3b|0|0|6|0|468|0
c0:06:c3:8f:c7:99|5|12|10|9|951|1269
b8:27:eb:81:9a:d6|0|2|0|0|0|0
50:e0:85:84:55:94|29|70|0|0|0|0
01:00:5e:7f:ff:fa|0|0|0|49|0|19963
c0:06:c3:8f:c0:7b|4|8|14|9|1309|1041
44:07:0b:2f:49:8b|7|0|0|0|0|0
b6:fa:61:ef:bc:29|0|1|0|0|0|0
