33
b4:e6:2d:f6:b6:a5
68:02:b8:1e:7f:1f|1254|0|156|0|15606|0
ff:ff:ff:ff:ff:ff|0|3520|0|145|0|13538
6a:02:98:1e:7f:1f|1253|0|0|0|0|0
d8:b6:b7:7a:3a:61|1278|0|180|117|173920|3090
bc:54:51:02:a4:f0|0|0|53|158|1546|171294
b4:e6:2d:f6:b6:a5|0|1|0|3|0|390
26:17:dc:59:74:f7|4|8|51|2|1224|52
01:00:5e:00:00:fb|0|0|0|8|0|1376
33:33:00:00:00:fb|0|0|0|2|0|474
0e:26:0a:2f:38:6b|0|0|5|2|120|52
33:33:00:00:00:16|0|0|0|2|0|256
01:00:5e:00:00:16|0|0|0|3|0|276
a4:3e:a0:a4:2a:46|0|136|0|0|0|0
70:ee:50:73:4e:36|0|0|143|0|3712|0
b0:95:75:4b:b9:26|0|0|0|143|0|3712
e6:35:23:4e:ab:99|0|0|8|2|200|52
01:80:c2:00:00:0e|0|0|0|1|0|94
00:1c:bf:52:98:29|0|13|0|0|0|0
02:2d:f5:4a:55:22|0|7|0|0|0|0
d8:8c:79:90:f4:9b|0|7|0|0|0|0
64:b3:10:aa:e3:3c|0|13|0|0|0|0
da:a1:19:de:d0:b4|0|7|0|0|0|0
c8:66:5d:1f:4f:54|0|6|0|0|0|0
f0:5c:77:1a:f1:64|0|6|0|0|0|0
c6:f8:ec:fd:3a:ac|1|12|0|0|0|0
36:52:d1:8e:c1:53|0|6|0|0|0|0
01:00:5e:00:00:01|0|0|0|1|0|88
01:00:5e:7f:ff:fa|0|0|0|4|0|1000
e6:d0:46:89:4b:18|1|12|0|0|0|0
06:0f:fd:ca:e5:70|2|25|0|0|0|0
c8:c7:50:54:2d:82|0|7|0|0|0|0
33:33:00:00:00:01|0|0|0|3|0|584
f0:72:ea:da:42:c6|0|7|0|0|0|0
