40
b4:e6:2d:f6:b6:a5
68:02:b8:1e:7f:1f|1327|0|317|12|57467|312
ff:ff:ff:ff:ff:ff|0|3492|0|213|0|20575
6a:02:98:1e:7f:1f|1326|0|0|0|0|0
d8:b6:b7:7a:3a:61|1363|0|18|29|2126|926
80:1f:02:b4:07:ae|0|0|12|0|312|0
b4:e6:2d:f6:b6:a5|0|1|0|5|0|577
01:00:5e:7f:ff:fa|0|0|0|81|0|33287
a4:3e:a0:a4:2a:46|0|102|0|0|0|0
bc:54:51:02:a4:f0|0|0|19|2|678|52
f6:ed:7f:85:ae:2a|0|12|0|0|0|0
7e:89:a3:50:89:86|2|14|0|0|0|0
33:33:00:00:00:01|0|0|0|3|0|584
33:33:00:00:00:02|0|0|0|1|0|96
33:33:ff:1e:b6:60|0|0|0|1|0|112
7a:8a:e6:a3:e0:fa|0|13|0|0|0|0
ea:0f:36:17:8a:07|0|12|0|0|0|0
e6:35:23:4e:ab:99|0|0|8|2|200|52
54:2a:a2:48:a3:f0|0|108|0|0|0|0
01:00:5e:00:00:fb|0|0|0|10|0|1749
33:33:00:00:00:fb|0|0|0|9|0|1839
01:00:5e:00:00:02|0|0|0|1|0|90
26:17:dc:59:74:f7|0|0|0|2|0|52
f8:77:b8:53:10:e8|12|141|0|0|0|0
