40
b4:e6:2d:f6:c8:79
90:9a:4a:80:71:9a|1452|47|4334|1896|5286880|576835
ff:ff:ff:ff:ff:ff|0|2348|0|1|0|76
90:9a:4a:80:85:9e|673|19|10|227|780|5894
68:ff:7b:c5:ca:c9|421|0|0|0|0|0
b4:e6:2d:f6:c8:79|0|1|0|6|0|723
a4:50:46:4c:af:3b|46|96|1877|4324|575409|5285833
3c:8d:20:4f:d8:e9|1|0|0|0|0|0
74:eb:80:1d:42:94|20|103|0|0|0|0
50:e0:85:84:55:94|4|13|0|0|0|0
04:6c:59:1b:72:04|19|31|224|6|6230|822
9e:ab:89:2d:82:91|0|0|4|5|96|390
44:07:0b:6c:b6:e3|2|0|0|0|0|0
20:aa:4b:5b:e6:4b|72|0|2|0|286|0
33:33:00:00:00:0c|0|0|0|1|0|210
22:48:f8:26:26:64|0|3|0|0|0|0
cc:f4:11:a1:a0:2c|7|5|0|0|0|0
a0:2c:36:28:1e:19|0|6|0|0|0|0
20:1f:3b:3a:bb:3d|5|0|0|0|0|0
44:07:0b:60:bf:75|2|0|0|0|0|0
c0:06:c3:8f:c7:99|0|0|7|1|423|78
2a:5d:a3:04:3a:77|0|1|0|0|0|0
f2:9e:75:f6:f8:91|0|2|0|0|0|0
