29
b4:e6:2d:f6:b6:a5
68:02:b8:1e:7f:1f|1232|0|256|0|25164|0
ff:ff:ff:ff:ff:ff|0|3268|0|229|0|22183
6a:02:98:1e:7f:1f|1231|0|0|0|0|0
d8:b6:b7:7a:3a:61|1022|0|10|58|991|1620
70:2e:22:8d:72:74|25|0|0|0|0|0
b4:e6:2d:f6:b6:a5|0|1|0|3|0|390
33:33:00:00:00:01|0|0|0|3|0|584
33:33:00:00:00:02|0|0|0|2|0|204
33:33:ff:1e:b6:60|0|0|0|1|0|112
01:00:5e:7f:ff:fa|0|0|0|20|0|2280
0e:26:0a:2f:38:6b|0|0|18|2|432|52
0a:87:11:f7:40:7c|0|7|0|0|0|0
bc:54:51:02:a4:f0|0|0|32|1|988|26
a4:3e:a0:a4:2a:46|0|161|0|0|0|0
e6:35:23:4e:ab:99|0|0|8|0|200|0
4e:9b:05:55:9f:ce|4|12|0|0|0|0
0c:54:15:5d:f1:f6|0|13|0|0|0|0
26:17:dc:59:74:f7|0|0|0|2|0|52
f0:72:ea:da:42:c6|0|6|0|0|0|0
72:9d:ab:27:87:35|0|6|0|0|0|0
9c:5d:12:d7:43:d4|0|6|0|0|0|0
c8:66:5d:1f:4f:54|0|6|0|0|0|0
78:9f:70:2b:86:c6|0|7|0|0|0|0
80:30:49:55:d3:2f|0|8|0|0|0|0
ec:2e:98:f0:f5:27|0|3|0|0|0|0
01:00:5e:00:00:01|0|0|0|1|0|88
64:b3:10:aa:e3:3c|0|8|0|0|0|0
5c:f8:21:84:a4:31|0|2|0|0|0|0
80:58:f8:93:88:29|0|0|0|2|0|184
