50
b4:e6:2d:f6:c8:79
90:9a:4a:80:71:9a|1236|8|233|201|68662|67633
ff:ff:ff:ff:ff:ff|0|2449|0|4|0|647
90:9a:4a:80:85:9e|1135|4|73|278|22667|7346
f2:b2:80:0a:ea:79|0|8|0|0|0|0
9e:ab:89:2d:82:91|4|12|142|7|3408|570
c0:06:c3:8f:c7:99|0|0|10|4|954|393
c0:06:c3:8f:c0:7b|4|9|10|8|917|866
b4:e6:2d:f6:c8:79|0|2|0|5|0|544
04:6c:59:1b:72:04|1|12|136|4|3938|312
10:fe:ed:dd:08:06|2|0|0|0|0|0
68:17:29:78:62:ed|0|1|0|0|0|0
01:00:5e:7f:ff:fa|0|0|0|55|0|20979
28:6d:cd:09:2a:ea|1|3|3|0|78|0
50:e0:85:84:55:94|2|6|0|0|0|0
68:ff:7b:c5:ca:c9|146|0|0|0|0|0
20:aa:4b:5b:e6:4b|35|0|2|0|428|0
44:07:0b:2f:49:8b|6|0|0|0|0|0
20:1f:3b:3a:bb:3d|6|0|0|0|0|0
f4:f5:d8:8d:f2:58|0|1|0|0|0|0
bc:54:2f:5e:b7:f3|1|4|0|0|0|0
46:3b:78:62:ec:7e|1|7|2|0|48|0
c4:12:f5:d1:17:6c|0|0|0|2|0|48
d2:2d:6b:20:14:6b|0|3|0|0|0|0
a4:50:46:4c:af:3b|3|5|178|216|65684|66859
22:48:f8:26:26:64|1|1|4|0|96|0
4a:7c:e3:27:a9:6b|2|0|0|0|0|0
01:00:5e:00:00:01|0|0|0|1|0|84
01:00:5e:00:00:fb|0|0|0|1|0|186
08:d2:3e:73:3b:6f|0|3|0|0|0|0
01:00:5e:00:00:16|0|0|0|2|0|176
f2:c9:00:ad:7e:da|1|6|0|0|0|0
84:4b:f5:19:a0:99|0|1|0|0|0|0
54:13:79:4a:51:ad|7|0|0|0|0|0
b8:27:eb:81:9a:d6|0|4|0|0|0|0
88:46:04:50:5c:49|0|8|0|0|0|0
44:07:0b:70:9e:93|1|0|0|0|0|0
33:33:00:00:00:fb|0|0|0|1|0|141
02:00:00:00:00:00|0|2|0|0|0|0
02:a3:71:9c:9f:70|0|3|0|0|0|0
da:a1:19:d2:1a:3b|0|2|0|0|0|0
54:60:09:e2:ee:aa|0|3|0|0|0|0
f0:f6:c1:d5:cb:42|0|8|0|0|0|0
d8:47:32:54:de:63|0|4|0|0|0|0
1e:1b:91:d9:7b:8c|0|2|0|0|0|0
04:d9:f5:a2:ea:c0|0|0|0|4|0|96
de:07:78:9d:90:80|0|1|0|0|0|0
02:ad:59:8d:aa:06|1|8|0|0|0|0
