40
b4:e6:2d:f6:b6:a5
68:02:b8:1e:7f:1f|1386|0|485|14|114018|364
ff:ff:ff:ff:ff:ff|0|2387|0|324|0|60218
6a:02:98:1e:7f:1f|1385|0|0|0|0|0
70:ee:50:73:4e:36|0|0|36|0|932|0
b0:95:75:4b:b9:26|0|0|0|36|0|932
4e:9b:05:55:9f:ce|5|6|0|0|0|0
01:00:5e:00:00:fb|0|0|0|22|0|6538
3a:f8:09:ca:ee:ee|0|12|0|0|0|0
b4:e6:2d:f6:b6:a5|0|1|0|4|0|482
01:00:5e:7f:ff:fa|0|0|0|96|0|38042
a4:3e:a0:a4:2a:46|0|72|0|0|0|0
80:1f:02:b4:07:ae|1|12|14|12|364|1499
64:b3:10:aa:e3:3c|0|18|0|0|0|0
da:a1:19:96:6a:f9|1|0|0|0|0|0
c0:ee:fb:43:db:fb|2|0|0|0|0|0
0a:53:ef:7b:40:8d|2|0|0|0|0|0
22:8a:df:4a:27:b5|2|6|0|0|0|0
10:1c:0c:1a:10:10|3|0|0|0|0|0
fe:6e:93:86:42:25|0|12|0|0|0|0
02:00:00:00:00:00|11|108|0|0|0|0
a2:f4:c7:20:7b:77|0|12|0|0|0|0
d2:a2:60:5c:28:c9|0|12|0|0|0|0
9a:e5:99:83:f2:f2|2|12|0|0|0|0
26:94:9b:c4:cd:39|4|24|0|0|0|0
01:00:5e:00:00:16|0|0|0|6|0|540
86:d3:72:37:63:d0|0|6|0|0|0|0
00:0c:e7:5d:7b:21|0|18|0|0|0|0
33:33:00:00:00:01|0|0|0|3|0|584
33:33:00:00:00:02|0|0|0|1|0|96
33:33:ff:1e:b6:60|0|0|0|1|0|112
00:0c:e7:7d:3b:02|0|18|0|0|0|0
01:80:c2:00:00:0e|0|0|0|1|0|94
96:38:51:95:1a:ae|0|12|0|0|0|0
80:58:f8:93:88:29|6|24|0|0|0|0
16:00:08:b4:0d:27|2|12|0|0|0|0
62:8f:14:04:02:2f|2|12|0|0|0|0
33:33:00:00:00:fb|0|0|0|13|0|5565
33:33:00:00:00:16|0|0|0|2|0|248
92:ff:e7:77:ec:85|0|12|0|0|0|0
7a:66:88:6c:5a:59|0|6|0|0|0|0
