42
b4:e6:2d:f6:c8:79
90:9a:4a:80:71:9a|1230|7|40|92|4589|12029
ff:ff:ff:ff:ff:ff|0|2500|0|24|0|2865
90:9a:4a:80:85:9e|1067|10|61|359|16105|11245
b4:e6:2d:f6:c8:79|0|1|0|4|0|471
20:aa:4b:5b:e6:4b|323|0|38|47|5076|1430
04:6c:59:1b:72:04|7|19|185|4|7069|1006
a4:50:46:4c:af:3b|4|7|78|33|11157|3884
a6:23:9c:e5:b4:cb|5|36|0|0|0|0
da:a1:19:0b:1d:01|1|0|0|0|0|0
9e:ab:89:2d:82:91|3|8|174|4|4176|336
02:5a:18:10:cd:a0|1|5|0|0|0|0
e6:1d:78:73:e4:e3|0|1|47|15|1430|2381
b8:27:eb:81:9a:d6|0|3|0|0|0|0
c0:06:c3:8f:c7:99|0|0|6|2|453|156
44:07:0b:70:9e:93|3|0|0|0|0|0
7c:2e:bd:f4:94:ee|6|0|0|0|0|0
ec:5c:68:84:b1:4b|1|18|0|0|0|0
c0:06:c3:8f:c0:7b|2|4|5|1|341|78
24:77:03:d4:12:38|2|19|0|0|0|0
4e:25:2a:85:d6:d5|0|3|0|0|0|0
00:08:07:76:35:b7|0|4|0|0|0|0
28:6d:cd:09:2a:ea|1|3|3|0|78|0
