41
b4:e6:2d:f6:c8:79
90:9a:4a:80:71:9a|1245|10|1255|1132|833717|429052
ff:ff:ff:ff:ff:ff|0|3233|0|35|0|7222
a4:50:46:4c:af:3b|16|33|1087|1242|420422|831689
90:9a:4a:80:85:9e|1147|0|3|2|234|48
20:aa:4b:5b:e6:4b|932|0|36|0|7336|0
28:6d:cd:09:2a:ea|0|0|34|4|7494|474
f0:ef:86:06:76:35|0|4|0|0|0|0
68:ff:7b:c5:ca:c9|37|0|1|0|78|0
f0:ef:86:05:a3:fa|0|12|0|0|0|0
a0:2c:36:28:1e:19|0|30|0|0|0|0
44:07:0b:2f:49:8b|10|0|0|0|0|0
da:a1:19:be:08:af|0|1|0|0|0|0
9e:ab:89:2d:82:91|0|0|2|3|48|234
c0:06:c3:8f:c7:99|0|0|8|4|702|474
44:07:0b:70:9e:93|2|0|0|0|0|0
10:fe:ed:dd:08:06|1|0|0|0|0|0
54:60:09:e2:ee:aa|0|4|0|0|0|0
c0:06:c3:8f:c0:7b|1|2|3|1|434|626
b4:e6:2d:f6:c8:79|0|5|0|4|0|454
b8:27:eb:81:9a:d6|0|8|0|0|0|0
20:1f:3b:3a:bb:3d|5|0|0|0|0|0
62:29:5b:37:f9:78|0|3|0|0|0|0
da:a1:19:8d:1e:18|0|8|0|0|0|0
1e:a0:e5:f3:f8:7b|0|1|0|0|0|0
1a:a5:c3:61:4f:b6|0|0|0|1|0|78
8e:83:ed:e4:03:5a|0|3|0|0|0|0
f4:f5:d8:8d:f2:58|0|4|0|0|0|0
20:f4:78:24:ce:e8|0|6|0|0|0|0
f4:f5:d8:84:58:92|0|1|0|0|0|0
7a:d1:cd:37:78:cb|0|2|0|0|0|0
50:d4:f7:dc:1f:d0|1|0|0|0|0|0
ea:40:c2:93:27:ad|0|1|0|0|0|0
ee:90:03:78:76:16|0|3|0|0|0|0
b8:27:eb:3b:22:38|0|4|0|0|0|0
01:00:5e:00:00:fa|0|0|0|1|0|114
e4:5f:01:5c:9d:89|0|4|0|0|0|0
00:08:07:76:35:b7|0|7|0|0|0|0
42:bf:d3:a1:d1:aa|0|1|0|0|0|0
a4:77:33:63:f5:7e|0|5|0|0|0|0
6e:27:71:3a:3b:14|0|1|0|0|0|0
da:fd:6a:50:01:9c|0|1|0|0|0|0
