32
b4:e6:2d:f6:c8:79
20:aa:4b:5b:e6:4b|718|0|34|28|4780|832
ff:ff:ff:ff:ff:ff|0|2605|0|32|0|4590
90:9a:4a:80:71:9a|1284|8|22|70|1858|9748
e6:1d:78:73:e4:e3|0|0|28|0|832|0
90:9a:4a:80:85:9e|683|0|4|5|318|120
28:6d:cd:09:2a:ea|0|0|29|2|6576|156
68:ff:7b:c5:ca:c9|80|0|0|0|0|0
c0:06:c3:8f:c0:7b|6|12|15|3|1729|234
b4:e6:2d:f6:c8:79|0|3|0|4|0|454
80:91:33:25:67:05|0|95|0|0|0|0
b8:27:eb:81:9a:d6|0|3|0|0|0|0
54:60:09:e2:ee:aa|0|3|0|0|0|0
f4:f5:d8:8d:f2:58|2|7|0|0|0|0
a4:50:46:4c:af:3b|0|0|20|2|1044|156
20:1f:3b:3a:bb:3d|5|0|0|0|0|0
44:07:0b:70:9e:93|20|48|0|0|0|0
e4:5f:01:5c:9d:89|0|7|0|0|0|0
f0:ef:86:06:76:35|0|10|0|0|0|0
9e:ab:89:2d:82:91|0|3|5|3|120|234
a0:2c:36:28:1e:19|0|3|0|0|0|0
c0:06:c3:8f:c7:99|2|4|6|11|399|858
3c:8d:20:4f:d8:e9|3|0|0|0|0|0
44:07:0b:6c:b6:e3|3|0|0|0|0|0
44:07:0b:89:e4:ab|6|0|0|0|0|0
44:07:0b:2f:49:8b|5|0|0|0|0|0
01:00:5e:00:00:01|0|0|0|2|0|160
08:9e:08:bc:6c:2b|0|2|0|0|0|0
38:f9:d3:b3:0c:da|2|0|0|0|0|0
00:08:07:76:35:b7|0|4|0|0|0|0
58:ef:68:2a:26:ec|1|0|0|0|0|0
e6:69:cd:e8:47:16|0|3|0|0|0|0
01:00:5e:00:00:fa|0|0|0|1|0|114
