24
b4:e6:2d:f6:b6:a5
68:02:b8:1e:7f:1f|1215|0|15|4|1714|104
ff:ff:ff:ff:ff:ff|0|3258|0|9|0|1117
6a:02:98:1e:7f:1f|1213|0|0|0|0|0
d8:b6:b7:7a:3a:61|959|0|10|31|855|976
01:00:5e:00:00:01|0|0|0|1|0|88
b4:e6:2d:f6:b6:a5|0|1|0|3|0|390
e6:35:23:4e:ab:99|0|0|8|2|200|52
64:b3:10:aa:e3:3c|0|7|0|0|0|0
78:9f:70:2b:86:c6|2|0|0|0|0|0
bc:54:51:02:a4:f0|0|0|20|1|704|26
a4:3e:a0:a4:2a:46|0|94|0|0|0|0
80:58:f8:93:88:29|0|0|4|0|104|0
70:ee:50:73:4e:36|0|0|24|0|624|0
b0:95:75:4b:b9:26|0|0|0|24|0|624
26:17:dc:59:74:f7|0|0|0|2|0|52
0e:26:0a:2f:38:6b|0|0|3|2|72|52
c8:66:5d:1f:4f:54|0|17|0|0|0|0
d8:8c:79:90:f4:9b|0|3|0|0|0|0
04:d6:aa:23:7a:38|0|7|0|0|0|0
da:a1:19:3a:2f:5a|0|6|0|0|0|0
70:2e:22:8d:72:74|4|0|0|0|0|0
33:33:00:00:00:01|0|0|0|3|0|584
33:33:00:00:00:02|0|0|0|1|0|96
