45
b4:e6:2d:f6:c8:79
90:9a:4a:80:85:9e|1131|4|1447|291|2043353|10260
ff:ff:ff:ff:ff:ff|0|3245|0|38|0|6550
9e:ab:89:2d:82:91|4|29|291|1446|10260|2043269
90:9a:4a:80:71:9a|1232|5|106|62|10412|9164
20:aa:4b:5b:e6:4b|660|0|39|0|6626|0
68:ff:7b:c5:ca:c9|337|0|0|0|0|0
44:07:0b:2f:49:8b|10|0|0|0|0|0
b4:e6:2d:f6:c8:79|0|4|0|3|0|376
c0:06:c3:8f:c7:99|0|0|8|71|690|5700
28:6d:cd:09:2a:ea|0|0|30|15|6654|2223
00:08:07:76:35:b7|0|1|0|0|0|0
a4:50:46:4c:af:3b|1|2|14|5|736|462
da:a1:19:81:81:81|1|2|0|0|0|0
e4:5f:01:5c:9d:89|0|1|0|0|0|0
c0:06:c3:8f:c0:7b|4|8|10|12|1084|1651
b8:27:eb:81:9a:d6|0|3|0|0|0|0
f4:f2:6d:90:44:3c|1|0|0|0|0|0
08:9e:08:bc:6c:2b|0|1|0|0|0|0
9c:5a:81:3c:9b:3b|0|3|0|0|0|0
00:08:10:80:dc:7a|0|2|0|0|0|0
20:1f:3b:3a:bb:3d|3|0|0|0|0|0
84:cf:bf:8f:18:40|0|7|0|0|0|0
