36
b4:e6:2d:f6:c8:79
20:aa:4b:5b:e6:4b|704|0|16|0|2532|0
ff:ff:ff:ff:ff:ff|0|3571|0|17|0|2734
90:9a:4a:80:71:9a|1247|5|32|65|3759|8972
90:9a:4a:80:85:9e|1219|0|6|9|474|216
68:ff:7b:c5:ca:c9|631|0|0|0|0|0
a4:50:46:4c:af:3b|1|3|23|8|1584|1188
50:e0:85:84:55:94|6|24|0|0|0|0
f0:ef:86:06:76:35|0|33|0|0|0|0
28:6d:cd:09:2a:ea|0|0|28|4|6154|474
b4:e6:2d:f6:c8:79|0|1|0|4|0|454
f4:f5:d8:8d:f2:58|0|10|0|0|0|0
14:f6:d8:d5:30:90|0|9|0|0|0|0
80:91:33:25:67:05|15|108|0|0|0|0
00:08:07:76:35:b7|0|7|0|0|0|0
e4:5f:01:5c:9d:89|0|5|0|0|0|0
f4:f5:d8:84:58:92|0|2|0|0|0|0
08:9e:08:bc:6c:2b|0|4|0|0|0|0
c0:06:c3:8f:c7:99|0|0|5|2|309|237
50:2f:9b:d1:a8:d5|0|5|0|0|0|0
c0:06:c3:8f:c0:7b|4|8|9|14|925|1406
9e:ab:89:2d:82:91|0|0|9|5|216|390
00:24:d6:f5:65:ef|0|2|0|0|0|0
be:8f:a6:53:b5:d8|0|3|0|0|0|0
