23
b4:e6:2d:f6:b6:a5
68:02:b8:1e:7f:1f|1290|0|358|12|63961|312
33:33:00:00:00:01|0|0|0|3|0|584
33:33:00:00:00:02|0|0|0|1|0|96
33:33:ff:1e:b6:60|0|0|0|1|0|112
ff:ff:ff:ff:ff:ff|0|2354|0|250|0|24067
6a:02:98:1e:7f:1f|1288|0|0|0|0|0
b4:e6:2d:f6:b6:a5|0|1|0|3|0|390
80:1f:02:b4:07:ae|0|0|12|0|312|0
01:00:5e:7f:ff:fa|0|0|0|90|0|36688
70:ee:50:73:4e:36|0|0|21|0|546|0
b0:95:75:4b:b9:26|0|0|0|21|0|546
a4:3e:a0:a4:2a:46|0|78|0|0|0|0
c8:66:5d:1f:4f:54|0|6|0|0|0|0
f8:77:b8:53:10:e8|8|101|0|0|0|0
88:9f:6f:ab:69:ae|0|42|0|0|0|0
44:fe:3b:06:5c:71|1|0|0|0|0|0
2c:db:07:46:b4:19|0|1|0|0|0|0
10:1c:0c:1a:10:10|2|0|0|0|0|0
01:00:5e:00:00:fb|0|0|0|3|0|768
33:33:00:00:00:fb|0|0|0|3|0|828
33:33:00:00:00:16|0|0|0|2|0|248
01:00:5e:00:00:16|0|0|0|2|0|180
64:b3:10:aa:e3:3c|0|6|0|0|0|0
