34
b4:e6:2d:f6:c8:79
90:9a:4a:80:71:9a|1255|14|222|254|112700|49358
ff:ff:ff:ff:ff:ff|0|2411|0|13|0|1376
90:9a:4a:80:85:9e|1331|91|65|360|17023|8640
04:6c:59:1b:72:04|83|169|0|3|0|234
34:02:86:11:c3:80|0|3|0|0|0|0
20:aa:4b:5b:e6:4b|102|0|12|0|1238|0
33:33:00:00:00:16|0|0|0|1|0|124
c0:06:c3:8f:c0:7b|6|12|6|16|473|1744
9e:ab:89:2d:82:91|8|34|360|10|8640|2305
01:00:5e:00:00:fb|0|0|0|14|0|2678
b4:e6:2d:f6:c8:79|0|1|0|5|0|626
28:6d:cd:09:2a:ea|0|0|27|5|5995|633
52:1c:2b:6e:e3:01|0|3|0|0|0|0
01:00:5e:00:00:fc|0|0|0|1|0|98
01:00:5e:7f:ff:fa|0|0|0|28|0|10822
c0:06:c3:8f:c7:99|4|8|8|4|702|474
a4:50:46:4c:af:3b|4|9|213|192|42188|109223
aa:0e:58:2b:3b:a3|4|0|0|0|0|0
74:eb:80:1d:42:94|2|9|0|0|0|0
f0:f6:c1:d5:cb:42|0|6|0|0|0|0
9e:e0:c7:4c:63:99|0|3|0|0|0|0
44:07:0b:70:9e:93|1|0|0|0|0|0
01:00:5e:00:00:16|0|0|0|7|0|624
24:77:03:d4:12:38|1|0|0|0|0|0
7e:3c:6a:92:b2:05|0|3|0|0|0|0
44:07:0b:2f:49:8b|2|0|0|0|0|0
9a:18:a5:59:bc:50|0|3|0|0|0|0
00:08:07:76:35:b7|0|3|0|0|0|0
00:31:92:b2:52:69|1|0|0|0|0|0
da:a1:19:0f:19:70|0|6|0|0|0|0
1c:99:57:9f:9a:fc|1|0|0|0|0|0
36:92:0d:f4:de:56|5|15|0|0|0|0
20:1f:3b:3a:bb:3d|2|0|0|0|0|0
da:a1:19:b1:57:1d|2|11|0|0|0|0
