25
b4:e6:2d:f6:b6:a5
d8:b6:b7:7a:3a:61|1306|0|8|64|270|1766
ff:ff:ff:ff:ff:ff|0|3532|0|211|0|20305
68:02:b8:1e:7f:1f|1278|0|309|13|57723|390
6a:02:98:1e:7f:1f|1277|0|0|0|0|0
01:00:5e:00:00:01|0|0|0|1|0|88
88:9f:6f:ab:69:ae|0|14|0|0|0|0
01:00:5e:7f:ff:fa|0|0|0|88|0|36112
4c:fc:aa:04:98:e5|7|0|0|0|0|0
26:17:dc:59:74:f7|0|0|11|1|264|26
b4:e6:2d:f6:b6:a5|0|1|0|4|0|482
a4:3e:a0:a4:2a:46|0|157|0|0|0|0
bc:54:51:02:a4:f0|0|0|41|2|1206|52
e6:35:23:4e:ab:99|0|0|8|2|200|52
80:1f:02:b4:07:ae|0|0|13|2|390|192
0e:26:0a:2f:38:6b|0|0|4|2|96|52
70:ee:50:73:4e:36|0|0|20|0|512|0
b0:95:75:4b:b9:26|0|0|0|20|0|512
f8:77:b8:53:10:e8|12|113|0|0|0|0
9c:5d:12:d7:43:d4|0|6|0|0|0|0
84:16:f9:07:68:71|0|13|0|0|0|0
82:ea:71:ed:60:6a|0|14|0|0|0|0
64:b3:10:aa:e3:3c|0|6|0|0|0|0
e0:9d:31:02:83:40|0|24|0|0|0|0
