37
b4:e6:2d:f6:c8:79
90:9a:4a:80:71:9a|1345|7|25|55|3814|8480
ff:ff:ff:ff:ff:ff|0|2412|0|26|0|4838
90:9a:4a:80:85:9e|1181|0|7|1663|552|39990
68:ff:7b:c5:ca:c9|53|0|0|0|0|0
28:6d:cd:09:2a:ea|0|0|27|7|5904|951
9e:ab:89:2d:82:91|0|4|1663|6|39990|468
b4:e6:2d:f6:c8:79|0|2|0|3|0|376
20:aa:4b:5b:e6:4b|33|0|30|34|6035|884
a4:50:46:4c:af:3b|1|1|13|7|988|1113
e6:1d:78:73:e4:e3|1|6|34|0|884|0
54:2a:a2:73:c6:e9|25|102|0|0|0|0
c0:06:c3:8f:c0:7b|3|9|9|5|827|511
a0:2c:36:28:1e:19|0|3|0|0|0|0
a8:6d:aa:73:88:1d|0|32|0|0|0|0
20:df:b9:ac:28:3b|3|0|0|0|0|0
48:5a:b6:22:0c:7e|6|42|0|0|0|0
c0:06:c3:8f:c7:99|3|6|6|3|761|863
01:00:5e:00:00:fb|0|0|0|4|0|1203
f0:f6:c1:d5:cb:42|0|7|0|0|0|0
f4:f5:d8:8d:f2:58|3|0|0|0|0|0
b8:27:eb:81:9a:d6|1|1|0|0|0|0
01:00:5e:00:00:01|0|0|0|1|0|84
38:8b:59:29:24:78|1|0|0|0|0|0
f0:ef:86:06:76:35|0|2|0|0|0|0
06:7a:6e:9e:bd:0b|0|3|0|0|0|0
3a:43:04:71:d5:39|1|3|0|0|0|0
54:60:09:e2:ee:aa|0|4|0|0|0|0
44:07:0b:70:9e:93|2|0|0|0|0|0
44:07:0b:2f:49:8b|3|0|1|0|98|0
f0:79:59:d6:09:10|0|0|0|1|0|98
da:a1:19:80:f3:f9|0|1|0|0|0|0
01:00:5e:00:00:fa|0|0|0|1|0|114
50:d4:f7:dc:1f:d0|0|0|1|0|120|0
32:ad:57:b0:11:68|3|10|0|0|0|0
62:09:3b:c6:76:20|1|6|0|0|0|0
a6:23:9c:e5:b4:cb|0|3|0|0|0|0
d2:d8:8b:74:9f:6b|0|3|0|0|0|0
