32
b4:e6:2d:f6:b6:a5
6a:02:98:1e:7f:1f|1296|0|0|0|0|0
ff:ff:ff:ff:ff:ff|0|3443|0|346|0|62198
d8:b6:b7:7a:3a:61|1228|0|9|47|296|1544
68:02:b8:1e:7f:1f|1295|0|480|13|113703|338
80:1f:02:b4:07:ae|0|0|13|0|338|0
b4:e6:2d:f6:b6:a5|0|1|0|3|0|390
a4:3e:a0:a4:2a:46|0|164|0|0|0|0
54:2a:a2:48:a3:f0|0|72|0|0|0|0
01:00:5e:7f:ff:fa|0|0|0|94|0|38429
64:b3:10:aa:e3:3c|0|26|0|0|0|0
bc:54:51:02:a4:f0|0|0|25|2|1008|52
16:f9:fa:95:60:62|1|0|0|0|0|0
e6:35:23:4e:ab:99|0|0|8|2|200|52
33:33:00:00:00:01|0|0|0|3|0|584
33:33:00:00:00:02|0|0|0|1|0|96
33:33:ff:1e:b6:60|0|0|0|1|0|112
26:17:dc:59:74:f7|0|0|12|2|288|52
2e:42:52:44:b0:27|1|7|0|0|0|0
9c:5a:44:ec:4f:2d|0|7|0|0|0|0
84:16:f9:07:68:71|0|4|0|0|0|0
f8:77:b8:53:10:e8|6|69|0|0|0|0
0e:26:0a:2f:38:6b|0|0|2|2|48|52
4a:e7:f5:a1:6f:c0|1|12|0|0|0|0
01:00:5e:00:00:fb|0|0|0|14|0|5593
33:33:00:00:00:fb|0|0|0|14|0|5873
33:33:00:00:00:16|0|0|0|2|0|248
01:00:5e:00:00:16|0|0|0|2|0|180
c8:66:5d:1f:4f:54|0|12|0|0|0|0
5e:55:91:2b:a1:40|0|7|0|0|0|0
01:00:5e:00:00:01|0|0|0|1|0|88
f0:5c:77:1a:f1:64|0|6|0|0|0|0
0a:43:a7:98:91:c5|2|0|0|0|0|0
