23
b4:e6:2d:f6:b6:a5
68:02:b8:1e:7f:1f|1240|0|20|0|3386|0
ff:ff:ff:ff:ff:ff|0|2404|0|1|0|94
6a:02:98:1e:7f:1f|1236|0|0|0|0|0
44:fe:3b:06:5c:71|83|0|1|0|94|0
b4:e6:2d:f6:b6:a5|0|2|0|5|0|574
72:fe:3b:06:5c:73|14|0|0|0|0|0
a4:3e:a0:a4:2a:46|0|103|0|0|0|0
30:35:ad:7a:2f:04|0|2|0|0|0|0
10:1c:0c:1a:10:10|4|18|0|0|0|0
f0:5c:77:1a:f1:64|0|2|0|0|0|0
70:ee:50:73:4e:36|0|0|22|0|566|0
b0:95:75:4b:b9:26|0|0|0|22|0|566
7a:66:12:64:49:92|0|1|0|0|0|0
64:b3:10:aa:e3:3c|0|22|0|0|0|0
9c:5d:12:d7:43:d4|0|6|0|0|0|0
33:33:00:00:00:01|0|0|0|3|0|584
d8:8c:79:90:f4:9b|0|6|0|0|0|0
c8:66:5d:1f:4f:54|0|6|0|0|0|0
26:6f:1d:c2:e2:46|0|5|0|0|0|0
01:00:5e:00:00:fb|0|0|0|4|0|860
33:33:00:00:00:fb|0|0|0|4|0|940
33:33:00:00:00:16|0|0|0|2|0|248
01:00:5e:00:00:16|0|0|0|2|0|180
