29
b4:e6:2d:f6:b6:a5
68:02:b8:1e:7f:1f|1285|6|1127|33|722054|1092
ff:ff:ff:ff:ff:ff|0|2353|0|353|0|63829
6a:02:98:1e:7f:1f|1271|0|0|0|0|0
b4:e6:2d:f6:b6:a5|0|1|0|3|0|390
01:00:5e:00:00:fb|0|0|0|79|0|10542
33:33:00:00:00:fb|0|0|0|76|0|11773
33:33:00:01:00:03|0|0|0|40|0|4884
01:00:5e:00:00:fc|0|0|0|40|0|4084
ae:1e:b9:43:08:82|1|0|0|0|0|0
a4:3e:a0:a4:2a:46|0|72|0|0|0|0
33:33:00:00:00:01|0|0|0|3|0|584
70:ee:50:73:4e:36|0|0|2|0|52|0
44:fe:3b:a8:69:27|0|0|0|2|0|52
10:1c:0c:1a:10:10|0|24|0|0|0|0
72:46:e4:9a:3b:44|2|0|0|0|0|0
33:33:ff:9c:db:af|0|0|0|9|0|1080
f0:5c:77:1a:f1:64|0|6|0|0|0|0
c8:66:5d:1f:4f:54|0|12|0|0|0|0
33:33:ff:a5:4e:19|0|0|0|1|0|120
33:33:00:00:00:02|0|0|0|1|0|96
33:33:ff:47:43:51|0|0|0|1|0|120
33:33:ff:d9:ec:4e|0|0|0|2|0|240
33:33:00:00:00:16|0|0|0|6|0|984
01:00:5e:00:00:02|0|0|0|2|0|180
33:33:00:01:00:02|0|0|0|1|0|132
4e:9b:05:55:9f:ce|11|73|33|510|1092|623016
62:45:b6:bc:8e:c5|0|6|0|0|0|0
64:b3:10:aa:e3:3c|1|12|0|0|0|0
ba:9f:31:f7:09:ae|0|6|0|0|0|0
