34
b4:e6:2d:f6:b6:a5
d8:b6:b7:7a:3a:61|1095|0|16|47|2342|1360
ff:ff:ff:ff:ff:ff|0|3239|0|260|0|53840
68:02:b8:1e:7f:1f|1255|0|275|0|56490|0
6a:02:98:1e:7f:1f|1253|0|0|0|0|0
bc:54:51:02:a4:f0|0|0|26|3|848|262
b4:e6:2d:f6:b6:a5|0|1|0|4|0|482
94:e2:3c:3e:11:65|0|58|0|0|0|0
f0:5c:77:1a:f1:64|0|7|0|0|0|0
0e:26:0a:2f:38:6b|0|0|13|1|312|26
a4:3e:a0:a4:2a:46|0|157|0|0|0|0
f0:72:ea:da:42:c6|0|21|0|0|0|0
e6:35:23:4e:ab:99|0|0|8|2|200|52
01:00:5e:00:00:fb|0|0|0|6|0|1280
33:33:00:00:00:fb|0|0|0|6|0|1400
26:17:dc:59:74:f7|0|0|0|2|0|52
01:00:5e:00:00:16|0|0|0|1|0|92
0c:54:15:5d:f1:f6|0|2|0|0|0|0
88:bd:45:85:14:21|0|7|0|0|0|0
00:0c:e7:e1:34:a4|0|7|0|0|0|0
64:b3:10:aa:e3:3c|0|22|0|0|0|0
26:6f:1d:c2:e2:46|0|7|0|0|0|0
33:33:00:00:00:01|0|0|0|3|0|584
00:0c:e7:c4:91:12|0|2|0|0|0|0
00:0c:e7:95:c1:7f|2|0|0|0|0|0
20:79:18:e7:01:8a|0|8|0|0|0|0
d2:b4:67:b2:73:28|0|7|0|0|0|0
9c:28:bf:71:06:76|0|5|0|0|0|0
5c:f5:da:b6:d8:02|0|6|0|0|0|0
84:16:f9:07:68:71|0|7|0|0|0|0
12:bb:a8:d4:85:ea|2|30|0|0|0|0
d8:8c:79:90:f4:9b|0|3|0|0|0|0
c8:66:5d:1f:4f:54|0|6|0|0|0|0
f6:de:2c:48:19:c7|0|5|0|0|0|0
01:00:5e:7f:ff:fa|0|0|0|3|0|762
