34
b4:e6:2d:f6:b6:a5
d8:b6:b7:7a:3a:61|1426|0|15|69|1967|1888
ff:ff:ff:ff:ff:ff|0|3553|0|325|0|61147
68:02:b8:1e:7f:1f|1267|1|607|76|140854|2184
6a:02:98:1e:7f:1f|1267|0|0|0|0|0
bc:54:51:02:a4:f0|0|0|26|2|848|52
b4:e6:2d:f6:b6:a5|0|1|0|4|0|482
70:ee:50:73:4e:36|0|0|12|0|312|0
b0:95:75:4b:b9:26|0|0|0|12|0|312
0e:26:0a:2f:38:6b|0|0|27|3|648|78
e6:35:23:4e:ab:99|0|0|8|2|200|52
01:00:5e:7f:ff:fa|0|0|0|68|0|32822
33:33:00:00:00:01|0|0|0|3|0|584
33:33:00:00:00:02|0|0|0|1|0|96
33:33:ff:1e:b6:60|0|0|0|1|0|112
da:a1:19:e3:b5:b9|0|10|0|0|0|0
a4:3e:a0:a4:2a:46|0|162|0|0|0|0
80:58:f8:93:88:29|19|65|76|209|2184|46791
26:17:dc:59:74:f7|0|0|8|0|192|0
54:2a:a2:48:a3:f0|0|98|0|0|0|0
8e:ce:84:5f:9c:42|4|26|0|0|0|0
f2:89:41:c1:45:b3|0|2|0|0|0|0
02:00:00:00:00:00|0|21|0|0|0|0
