31
b4:e6:2d:f6:b6:a5
68:02:b8:1e:7f:1f|1226|0|139|0|13355|0
ff:ff:ff:ff:ff:ff|0|3498|0|128|0|11906
6a:02:98:1e:7f:1f|1225|0|0|0|0|0
d8:b6:b7:7a:3a:61|1324|0|9|23|296|672
a4:3e:a0:a4:2a:46|0|120|0|0|0|0
b4:e6:2d:f6:b6:a5|0|2|0|3|0|390
bc:54:51:02:a4:f0|0|0|12|2|400|52
66:6c:ee:3a:be:7e|0|7|0|0|0|0
01:00:5e:00:00:fb|0|0|0|6|0|822
8e:ce:84:5f:9c:42|1|19|0|0|0|0
0e:26:0a:2f:38:6b|0|0|3|2|72|52
e6:35:23:4e:ab:99|0|0|8|2|200|52
64:b3:10:aa:e3:3c|0|22|0|0|0|0
62:10:00:90:da:bc|0|1|0|0|0|0
26:17:dc:59:74:f7|0|0|0|2|0|52
26:46:c8:1c:14:93|0|7|0|0|0|0
00:0c:e7:aa:25:7c|0|7|0|0|0|0
ba:64:16:5c:70:ac|1|0|1|0|24|0
68:02:b8:2e:8d:67|0|0|0|1|0|24
f0:72:ea:da:42:c6|0|21|0|0|0|0
4e:9b:05:55:9f:ce|0|7|0|0|0|0
d8:8c:79:90:f4:9b|0|7|0|0|0|0
00:0c:e7:1a:98:bd|0|7|0|0|0|0
