20
b4:e6:2d:f6:b6:a5
68:02:b8:1e:7f:1f|1298|0|379|11|73394|286
ff:ff:ff:ff:ff:ff|0|2357|0|244|0|23210
6a:02:98:1e:7f:1f|1283|0|0|0|0|0
b4:e6:2d:f6:b6:a5|0|1|0|3|0|390
01:00:5e:7f:ff:fa|0|0|0|118|0|47374
01:00:5e:00:00:fb|0|0|0|4|0|795
33:33:00:00:00:fb|0|0|0|4|0|875
64:b3:10:aa:e3:3c|0|12|0|0|0|0
80:1f:02:b4:07:ae|0|0|11|0|286|0
a4:3e:a0:a4:2a:46|0|66|0|0|0|0
c8:66:5d:1f:4f:54|0|12|0|0|0|0
f8:77:b8:53:10:e8|12|90|0|0|0|0
ca:5c:c9:73:6f:f4|0|6|0|0|0|0
33:33:00:00:00:16|0|0|0|2|0|248
01:00:5e:00:00:16|0|0|0|2|0|180
1a:87:40:a4:24:d3|0|18|0|0|0|0
9a:81:d8:c2:4d:9f|0|12|0|0|0|0
2e:1d:1c:f5:38:f2|0|14|0|2|0|322
ba:a6:46:fe:02:a7|0|6|0|0|0|0
ac:f8:cc:92:07:e1|1|0|0|0|0|0
