47
b4:e6:2d:f6:c8:79
20:aa:4b:5b:e6:4b|480|0|33|0|5090|0
ff:ff:ff:ff:ff:ff|0|2619|0|58|0|8182
90:9a:4a:80:71:9a|1268|4|160|239|72095|67806
a4:50:46:4c:af:3b|1|1|192|136|59557|69393
10:fe:ed:dd:08:06|25|0|0|0|0|0
90:9a:4a:80:85:9e|1035|22|189|794|33939|19696
b4:e6:2d:f6:c8:79|0|2|0|4|0|471
44:07:0b:70:9e:93|3|0|0|0|0|0
9e:ab:89:2d:82:91|6|39|632|10|15246|2014
3a:2e:95:3c:20:89|0|6|0|0|0|0
f4:f5:d8:8d:f2:58|0|3|0|0|0|0
c0:06:c3:8f:c7:99|0|0|9|5|792|633
cc:f4:11:a1:a0:2c|1|0|0|0|0|0
28:6d:cd:09:2a:ea|0|0|30|5|6654|552
54:2a:a2:73:c6:e9|2|57|0|0|0|0
7c:b2:7d:d3:ca:b1|0|2|0|0|0|0
01:00:5e:7f:ff:fa|0|0|0|54|0|16288
50:e0:85:84:55:94|3|12|0|0|0|0
48:5a:b6:22:0c:7e|0|18|0|0|0|0
04:6c:59:1b:72:04|18|38|162|4|4450|478
01:00:5e:00:00:16|0|0|0|17|0|1520
01:00:5e:00:00:fb|0|0|0|61|0|8760
c0:06:c3:8f:c0:7b|3|6|8|10|803|1046
01:00:5e:00:00:fc|0|0|0|14|0|1372
80:45:dd:a7:9e:f5|1|0|0|0|0|0
44:07:0b:2f:49:8b|8|0|0|0|0|0
a4:77:33:63:f5:7e|0|1|0|0|0|0
7a:fd:71:4f:85:45|1|0|0|0|0|0
68:ff:7b:c5:ca:c9|1|0|0|0|0|0
20:1f:3b:3a:bb:3d|2|0|0|0|0|0
56:68:61:2c:82:5b|0|10|0|0|0|0
1a:54:47:96:97:58|2|1|0|0|0|0
a6:23:9c:e5:b4:cb|2|2|0|0|0|0
00:08:03:bf:74:c3|0|2|0|0|0|0
01:00:5e:00:00:fa|0|0|0|1|0|114
33:33:00:00:00:fb|0|0|0|1|0|141
f0:ef:86:06:76:35|0|2|0|0|0|0
01:00:5e:00:00:01|0|0|0|2|0|160
e4:5f:01:5c:9d:89|0|2|0|0|0|0
2a:72:cd:04:31:fd|2|1|0|0|0|0
ca:47:94:ab:55:23|0|1|0|0|0|0
92:ce:d8:bd:57:01|0|3|0|0|0|0
54:60:09:e2:ee:aa|0|3|0|0|0|0
00:08:07:76:35:b7|0|3|0|0|0|0
0a:d7:35:fa:ca:96|0|2|0|0|0|0
ae:29:11:d4:6d:e3|0|1|0|0|0|0
ce:ad:41:8d:e9:56|0|1|0|0|0|0
