49
b4:e6:2d:f6:b6:a5
68:02:b8:1e:7f:1f|1284|0|273|7|54832|234
ff:ff:ff:ff:ff:ff|0|2497|0|260|0|51999
6a:02:98:1e:7f:1f|1281|0|0|0|0|0
02:aa:3f:a7:c9:b2|202|0|23|0|5905|0
5c:f8:21:84:a4:31|0|2|0|0|0|0
33:33:ff:02:17:66|0|0|0|3|0|360
b4:e6:2d:f6:b6:a5|0|1|0|6|0|746
a4:3e:a0:a4:2a:46|0|144|0|0|0|0
96:f8:ef:bd:41:52|0|5|0|0|0|0
02:aa:3f:a7:c9:b1|21|0|0|0|0|0
10:1c:0c:1a:10:10|3|17|0|0|0|0
52:e2:ea:ad:b3:7a|0|4|0|0|0|0
30:4b:07:dc:5e:1c|0|1|0|0|0|0
8c:79:67:d9:45:5f|0|2|0|0|0|0
a6:77:61:cd:98:03|0|3|0|0|0|0
ca:5c:c9:82:83:02|1|8|0|0|0|0
5e:a1:6d:5f:35:b0|5|7|0|0|0|0
46:fd:d4:23:2a:8d|0|2|0|0|0|0
02:00:00:00:00:00|0|9|0|0|0|0
26:94:9b:c4:cd:39|0|0|7|4|234|431
c8:66:5d:1f:4f:54|0|24|0|0|0|0
33:33:00:00:00:01|0|0|0|4|0|816
01:00:5e:00:00:fb|0|0|0|5|0|1330
1e:dd:69:37:b0:5a|0|5|0|0|0|0
01:00:5e:7f:ff:fa|0|0|0|4|0|2126
46:ee:a9:83:b5:ec|0|2|0|0|0|0
46:05:6e:bd:a4:b7|0|4|0|0|0|0
9e:39:0c:31:09:f0|0|1|0|0|0|0
33:33:ff:1e:b6:60|0|0|0|1|0|112
12:64:e5:41:67:0e|0|3|0|0|0|0
02:6c:ad:dc:73:ea|0|1|0|0|0|0
3a:11:eb:dd:eb:1d|0|4|0|0|0|0
16:ed:ab:47:fc:b7|0|2|0|0|0|0
33:33:00:00:00:fb|0|0|0|3|0|828
33:33:00:00:00:16|0|0|0|1|0|124
01:00:5e:00:00:16|0|0|0|2|0|180
da:a1:19:9c:97:94|0|2|0|0|0|0
be:91:68:66:76:3d|0|8|0|0|0|0
7a:7a:d1:39:dc:f6|0|2|0|0|0|0
f2:09:ae:f3:25:a8|0|3|0|0|0|0
64:b3:10:aa:e3:3c|0|12|0|0|0|0
96:f5:a1:b6:9d:d1|0|2|0|0|0|0
ca:58:fd:42:fc:2b|0|3|0|0|0|0
33:33:00:00:00:0c|0|0|0|3|0|1685
d8:8c:79:90:f4:9b|0|6|0|0|0|0
8e:2f:c2:cd:d4:df|2|6|0|0|0|0
1e:83:86:c4:c4:2d|0|2|0|0|0|0
