56
b4:e6:2d:f6:c8:79
90:9a:4a:80:85:9e|1035|27|400|249|426026|6693
ff:ff:ff:ff:ff:ff|0|2905|0|43|0|7555
90:9a:4a:80:71:9a|1242|12|22|112|2281|10283
36:a0:c9:38:22:be|0|6|0|0|0|0
68:ff:7b:c5:ca:c9|274|0|0|0|0|0
20:aa:4b:5b:e6:4b|533|0|33|0|6039|0
b4:e6:2d:f6:c8:79|0|2|0|4|0|471
9e:ab:89:2d:82:91|8|43|188|78|5107|35600
8e:4e:74:d8:76:be|0|1|0|0|0|0
6a:a7:b9:89:64:11|7|0|3|0|772|0
b0:a7:b9:89:64:1f|8|0|4|0|514|0
a4:50:46:4c:af:3b|5|4|93|11|8050|1155
94:9f:3e:84:df:5a|0|4|0|0|0|0
48:5a:b6:22:0c:7e|0|6|0|0|0|0
62:e8:50:36:b3:f3|1|0|0|0|0|0
01:00:5e:00:00:fb|0|0|0|1|0|121
44:07:0b:60:bf:75|2|0|0|0|0|0
01:00:5e:00:00:01|0|0|0|1|0|84
20:ad:56:50:72:ef|0|3|0|0|0|0
04:6c:59:1b:72:04|20|53|62|239|2018|362041
01:00:5e:7f:ff:fa|0|0|0|74|0|27942
50:e0:85:84:55:94|2|14|0|0|0|0
00:08:07:76:35:b7|0|5|0|0|0|0
c0:06:c3:8f:c7:99|2|7|6|1|399|78
c0:06:c3:8f:c0:7b|5|8|10|4|1084|421
28:6d:cd:09:2a:ea|0|0|3|2|750|156
74:df:bf:45:ac:65|0|2|0|0|0|0
f4:f5:d8:8d:f2:58|4|3|0|0|0|0
ea:f4:a9:40:1f:fd|0|1|0|0|0|0
a6:23:9c:e5:b4:cb|0|7|0|0|0|0
da:a1:19:54:54:54|1|6|0|0|0|0
04:4e:af:bc:a7:f7|0|1|0|0|0|0
b8:27:eb:81:9a:d6|0|3|0|0|0|0
b6:cf:ef:d4:6d:f8|0|1|0|0|0|0
ea:16:08:81:b3:63|0|3|0|0|0|0
d2:cc:f0:6f:4a:d5|0|1|0|0|0|0
06:c7:b9:c4:29:f4|0|3|0|0|0|0
1e:8e:7f:98:bd:8a|0|6|0|0|0|0
46:17:6f:b5:a5:8c|2|0|0|0|0|0
54:60:09:e2:ee:aa|0|1|0|0|0|0
6a:5f:e9:41:24:8a|0|3|0|0|0|0
1c:bf:ce:e3:fb:45|0|2|0|0|0|0
26:a6:64:40:a3:ed|0|2|0|0|0|0
aa:f8:3c:9d:da:29|0|1|0|0|0|0
ce:87:9b:4f:3a:35|0|1|0|0|0|0
01:00:5e:00:00:16|0|0|0|5|0|440
