23
b4:e6:2d:f6:b6:a5
68:02:b8:1e:7f:1f|1279|0|119|38|40075|1679
ff:ff:ff:ff:ff:ff|0|2348|0|14|0|1660
6a:02:98:1e:7f:1f|1277|0|0|0|0|0
4e:9b:05:55:9f:ce|0|0|38|24|1679|4323
b4:e6:2d:f6:b6:a5|0|2|0|3|0|390
33:33:00:00:00:01|0|0|0|1|0|232
70:ee:50:73:4e:36|0|0|159|0|4110|0
b0:95:75:4b:b9:26|0|0|0|159|0|4110
01:00:5e:7f:ff:fa|0|0|0|60|0|30806
a4:3e:a0:a4:2a:46|0|66|0|0|0|0
1a:87:40:9b:9c:1a|0|18|0|0|0|0
54:2a:a2:48:a3:f0|0|42|0|0|0|0
72:77:ea:f6:5c:58|2|24|0|0|0|0
10:1c:0c:1a:10:10|2|24|0|0|0|0
64:b3:10:aa:e3:3c|0|6|0|0|0|0
ec:2e:98:f0:f5:27|0|6|0|0|0|0
33:33:ff:05:4d:21|0|0|0|9|0|1080
01:00:5e:00:00:fb|0|0|0|4|0|752
33:33:00:00:00:fb|0|0|0|4|0|832
c0:ee:fb:43:db:fb|0|6|0|0|0|0
c8:66:5d:1f:4f:54|0|6|0|0|0|0
cc:88:26:04:86:b1|0|6|0|0|0|0
9c:5d:12:d7:43:d4|0|6|0|0|0|0
