71
b4:e6:2d:f6:c8:79
90:9a:4a:80:71:9a|1213|8|31|69|3616|10042
ff:ff:ff:ff:ff:ff|0|2369|0|12|0|2548
20:aa:4b:5b:e6:4b|538|0|15|135|2934|3562
de:ea:71:c2:c1:9a|1|2|0|0|0|0
90:9a:4a:80:85:9e|790|77|87|1211|24306|45903
04:6c:59:1b:72:04|72|131|0|3|0|258
68:ff:7b:c5:ca:c9|57|0|0|0|0|0
e6:1d:78:73:e4:e3|0|0|135|0|3562|0
a4:50:46:4c:af:3b|1|1|17|7|966|834
9e:ab:89:2d:82:91|5|25|1211|8|45903|2168
e6:37:9d:94:c7:ec|1|0|0|0|0|0
9a:b6:d1:de:ba:23|1|1|0|0|0|0
28:6d:cd:09:2a:ea|0|0|36|8|7593|912
33:33:00:00:00:fb|0|0|0|1|0|173
33:33:00:01:00:03|0|0|0|2|0|247
33:33:00:00:00:16|0|0|0|1|0|124
a6:23:9c:e5:b4:cb|4|7|0|0|0|0
f6:26:18:76:5e:18|1|0|0|0|0|0
4c:fc:aa:30:f4:e9|0|2|0|0|0|0
12:96:30:50:97:98|0|7|0|0|0|0
16:76:1a:6e:4c:48|1|3|0|0|0|0
fe:60:6d:18:a2:b9|2|4|0|0|0|0
02:00:00:00:00:00|2|2|0|0|0|0
1e:e8:29:e4:16:89|6|0|0|0|0|0
9a:a8:df:a0:14:7d|2|2|0|0|0|0
3c:f7:a4:fc:70:89|2|3|0|0|0|0
c0:06:c3:8f:c7:99|0|0|6|0|399|0
01:00:5e:7f:ff:fa|0|0|0|57|0|19548
6a:27:39:11:cb:d1|0|2|0|0|0|0
01:00:5e:00:00:fb|0|0|0|9|0|1364
c0:06:c3:8f:c0:7b|7|12|10|2|1084|156
ac:d1:b8:8d:4b:a1|0|2|0|0|0|0
01:00:5e:00:00:16|0|0|0|8|0|712
a0:99:9b:10:12:1f|0|2|0|0|0|0
da:a1:19:ee:ee:ee|0|2|0|0|0|0
12:e8:29:e4:16:89|2|0|0|0|0|0
b4:e6:2d:f6:c8:79|0|2|0|14|0|1714
1c:bf:ce:e3:fb:45|0|2|0|0|0|0
20:1f:3b:11:b9:af|0|1|0|0|0|0
20:1f:3b:3a:bb:3d|5|0|0|0|0|0
44:07:0b:6c:b6:e3|4|0|0|0|0|0
c0:87:eb:8e:48:ef|0|10|0|0|0|0
f4:f5:d8:8d:f2:58|3|4|0|0|0|0
3c:f0:11:c4:ac:66|1|0|0|0|0|0
54:60:09:e2:ee:aa|0|6|0|0|0|0
e4:5f:01:5c:9d:89|0|1|0|0|0|0
44:07:0b:2f:49:8b|11|0|0|0|0|0
3c:8d:20:4f:d8:e9|4|0|0|0|0|0
44:07:0b:70:9e:93|5|0|0|0|0|0
3e:d7:ef:73:22:2f|0|1|0|0|0|0
f2:47:e3:f3:84:9a|0|2|0|0|0|0
ec:5c:68:84:b1:4b|0|15|0|0|0|0
d2:10:aa:42:63:18|0|2|0|0|0|0
a4:50:46:42:f3:41|0|2|0|0|0|0
01:00:5e:00:00:fc|0|0|0|1|0|98
de:79:cd:a8:14:dd|0|1|0|0|0|0
a6:e6:cd:84:9c:24|0|0|2|0|48|0
6c:70:9f:ee:37:60|0|0|0|2|0|48
f0:ef:86:06:76:35|0|1|0|0|0|0
d8:ce:3a:8f:19:1f|0|1|0|0|0|0
06:12:62:18:03:6c|0|1|0|0|0|0
f4:f5:d8:84:58:92|0|1|0|0|0|0
8a:70:86:c0:c5:ef|1|6|0|0|0|0
92:cb:02:6a:46:60|0|1|0|0|0|0
b8:27:eb:81:9a:d6|0|1|0|0|0|0
16:07:4f:c5:3f:16|0|1|0|0|0|0
76:78:27:bc:20:c6|0|6|0|0|0|0
20:df:b9:ac:28:3b|2|0|0|0|0|0
44:46:87:a9:e4:4b|0|9|0|0|0|0
08:9e:08:bc:6c:2b|0|2|0|0|0|0
00:08:07:76:35:b7|0|1|0|0|0|0
