25
b4:e6:2d:f6:b6:a5
68:02:b8:1e:7f:1f|1245|0|154|0|45336|0
ff:ff:ff:ff:ff:ff|0|2348|0|138|0|42372
6a:02:98:1e:7f:1f|1243|0|0|0|0|0
33:33:00:00:00:16|0|0|0|2|0|248
01:00:5e:00:00:16|0|0|0|2|0|180
01:00:5e:00:00:fb|0|0|0|3|0|768
33:33:00:00:00:fb|0|0|0|3|0|828
10:1c:0c:1a:10:10|3|19|0|0|0|0
b4:e6:2d:f6:b6:a5|0|1|0|3|0|356
a4:3e:a0:a4:2a:46|0|104|0|0|0|0
44:fe:3b:06:5c:71|30|0|0|0|0|0
2c:db:07:46:b4:19|0|1|0|0|0|0
9a:0f:69:88:78:be|0|7|0|0|0|0
22:88:52:e9:65:fe|2|0|0|0|0|0
70:ee:50:73:4e:36|0|0|14|0|364|0
b0:95:75:4b:b9:26|0|0|0|14|0|364
f0:5c:77:1a:f1:64|0|3|0|0|0|0
8c:c5:b4:3b:6e:56|0|1|0|0|0|0
8a:06:24:19:df:36|0|1|0|0|0|0
64:b3:10:aa:e3:3c|0|15|0|0|0|0
be:af:f5:7e:d5:f9|0|2|0|0|0|0
30:35:ad:7a:2f:04|0|1|0|0|0|0
33:33:00:00:00:01|0|0|0|3|0|584
ba:b0:c3:eb:cc:d2|0|6|0|0|0|0
92:22:d2:18:66:7c|0|14|0|0|0|0
