30
b4:e6:2d:f6:b6:a5
68:02:b8:1e:7f:1f|1227|0|38|0|5483|0
ff:ff:ff:ff:ff:ff|0|3515|0|7|0|532
6a:02:98:1e:7f:1f|1225|0|0|0|0|0
d8:b6:b7:7a:3a:61|1286|0|9|56|296|1576
b4:e6:2d:f6:b6:a5|0|2|0|3|0|390
bc:54:51:02:a4:f0|0|0|20|2|704|52
26:17:dc:59:74:f7|0|0|18|2|432|52
a4:3e:a0:a4:2a:46|0|114|0|0|0|0
00:0c:e7:20:0f:89|0|7|0|0|0|0
e6:35:23:4e:ab:99|0|0|8|2|200|52
0e:26:0a:2f:38:6b|0|0|10|2|240|52
f0:72:ea:da:42:c6|0|7|0|0|0|0
0e:e8:7d:d3:02:08|0|7|0|0|0|0
01:00:5e:00:00:fb|0|0|0|10|0|1580
33:33:00:00:00:fb|0|0|0|8|0|1560
01:00:5e:00:00:02|0|0|0|2|0|180
c8:66:5d:1f:4f:54|0|19|0|0|0|0
01:00:5e:7f:ff:fa|0|0|0|1|0|201
33:33:00:00:00:01|0|0|0|3|0|584
33:33:00:00:00:02|0|0|0|1|0|96
33:33:ff:1e:b6:60|0|0|0|1|0|112
33:33:00:00:00:16|0|0|0|2|0|248
64:b3:10:aa:e3:3c|0|10|0|0|0|0
02:0c:7a:ab:22:84|0|7|0|0|0|0
5a:07:c6:ba:e0:9c|2|6|0|0|0|0
1a:87:40:18:77:96|0|26|0|0|0|0
d8:8c:79:90:f4:9b|0|7|0|0|0|0
01:00:5e:00:00:01|0|0|0|1|0|88
2e:fe:fe:34:40:bc|0|7|0|0|0|0
9c:5d:12:d7:43:d4|0|6|0|0|0|0
