63
b4:e6:2d:f6:c8:79
90:9a:4a:80:85:9e|1284|0|1457|10|1903315|240
ff:ff:ff:ff:ff:ff|0|3650|0|45|0|7466
90:9a:4a:80:71:9a|1304|2|12|38|1338|5488
68:ff:7b:c5:ca:c9|746|0|0|0|0|0
20:aa:4b:5b:e6:4b|552|0|32|0|4403|0
d8:47:32:54:de:63|0|2|0|0|0|0
b8:27:eb:81:9a:d6|0|1|0|0|0|0
b0:a7:b9:89:64:1f|26|1|14|0|3294|0
c0:06:c3:8f:c7:99|2|4|4|2|150|237
b4:e6:2d:f6:c8:79|0|3|0|5|0|549
9e:ab:89:2d:82:91|0|74|10|1407|240|1880856
28:6d:cd:09:2a:ea|0|0|22|4|4826|474
6a:a7:b9:89:64:11|17|0|9|0|2104|0
08:9e:08:bc:6c:2b|0|5|0|0|0|0
7c:b2:7d:d3:ca:b1|0|3|0|0|0|0
c0:06:c3:8f:c0:7b|0|0|4|0|96|0
00:08:07:76:35:b7|0|9|0|0|0|0
a4:50:46:4c:af:3b|0|0|8|1|416|78
01:00:5e:00:00:fa|0|0|0|3|0|342
a8:6d:aa:73:88:1d|3|34|0|0|0|0
94:9f:3e:84:df:5a|1|16|0|0|0|0
01:00:5e:7f:ff:fa|0|0|0|50|0|22856
01:00:5e:00:00:fb|0|0|0|4|0|511
1c:99:57:9f:9a:fc|4|15|0|0|0|0
e4:5f:01:5c:9d:89|0|2|0|0|0|0
e4:5f:01:78:c0:dc|0|1|0|0|0|0
38:8b:59:29:24:78|4|0|0|0|0|0
f4:f5:d8:8d:f2:58|4|0|0|0|0|0
33:33:00:00:00:01|0|0|0|1|0|120
84:d8:1b:29:48:82|1|0|2|0|240|0
50:e0:85:84:55:94|4|20|0|0|0|0
20:1f:3b:3a:bb:3d|14|52|0|0|0|0
3c:8d:20:4f:d8:e9|5|0|0|0|0|0
7c:d9:5c:62:1d:99|1|0|0|0|0|0
ac:67:84:52:fe:0b|3|0|0|0|0|0
44:07:0b:70:9e:93|1|0|0|0|0|0
44:07:0b:60:bf:75|4|0|0|0|0|0
74:df:bf:45:ac:65|0|6|0|0|0|0
01:00:5e:00:00:01|0|0|0|1|0|84
a6:23:9c:e5:b4:cb|12|61|0|0|0|0
44:07:0b:2f:49:8b|13|0|0|0|0|0
06:37:fd:ce:84:99|0|1|0|0|0|0
14:f6:d8:d4:ba:48|0|3|0|0|0|0
da:c7:14:94:b5:d2|0|2|0|0|0|0
7c:2e:bd:f4:94:ee|6|0|0|0|0|0
33:33:00:00:00:0c|0|0|0|2|0|1020
54:60:09:e2:ee:aa|0|7|0|0|0|0
aa:70:4f:a2:66:da|0|1|0|0|0|0
3e:9e:c1:ec:69:65|0|3|0|0|0|0
92:a3:80:2d:16:84|0|1|0|0|0|0
72:1e:c8:5b:51:f8|1|0|0|0|0|0
24:77:03:d4:12:38|1|15|0|0|0|0
1e:51:e0:56:b0:21|0|1|0|0|0|0
ea:56:d6:4a:f6:6b|0|2|0|0|0|0
f4:f5:d8:84:58:92|0|1|0|0|0|0
01:00:5e:00:00:fc|0|0|0|1|0|101
80:19:34:c9:97:85|1|5|0|0|0|0
54:60:09:01:a1:78|1|0|0|0|0|0
96:a7:a7:a6:98:f0|1|0|0|0|0|0
54:3a:d6:77:88:6e|2|7|0|0|0|0
ae:2e:33:d0:90:85|0|3|0|0|0|0
56:54:ac:2e:10:5b|0|3|0|0|0|0
f0:ef:86:06:76:35|0|2|0|0|0|0
