48
b4:e6:2d:f6:c8:79
90:9a:4a:80:71:9a|1382|14|144|336|24282|34617
ff:ff:ff:ff:ff:ff|0|2854|0|41|0|7501
a4:50:46:4c:af:3b|29|80|281|118|25307|21332
20:aa:4b:5b:e6:4b|642|0|44|0|7811|0
90:9a:4a:80:85:9e|1028|7|345|394|238663|9456
c0:06:c3:8f:c0:7b|6|12|14|13|1602|1389
9e:ab:89:2d:82:91|7|64|394|344|9456|238579
68:ff:7b:c5:ca:c9|43|0|2|0|156|0
48:5a:b6:22:0c:7e|0|9|0|0|0|0
28:6d:cd:09:2a:ea|0|0|31|4|6904|474
50:e0:85:84:55:94|7|21|0|0|0|0
c0:06:c3:8f:c7:99|0|0|10|5|804|633
b4:e6:2d:f6:c8:79|0|1|0|4|0|454
10:fe:ed:dd:08:06|19|0|0|0|0|0
3c:8d:20:4f:d8:e9|1|0|0|0|0|0
1a:a5:c3:61:4f:b6|0|0|0|2|0|156
54:2a:a2:73:c6:e9|6|42|0|0|0|0
c6:a4:fe:fd:79:bc|0|3|0|0|0|0
62:05:c0:7c:cc:32|0|3|0|0|0|0
0a:ba:15:ce:5c:9c|0|3|0|0|0|0
ec:5c:68:84:b1:4b|3|20|0|0|0|0
6e:a6:29:07:9e:68|0|3|0|0|0|0
42:6d:a8:7d:42:5a|0|3|0|0|0|0
54:60:09:e2:ee:aa|0|9|0|0|0|0
0e:7f:d4:2c:f2:21|0|2|0|0|0|0
f4:f5:d8:8d:f2:58|0|3|0|0|0|0
56:68:61:2c:82:5b|1|7|0|0|0|0
44:07:0b:2f:49:8b|5|0|0|0|0|0
02:00:00:00:00:00|1|3|0|0|0|0
44:07:0b:70:9e:93|5|0|0|0|0|0
54:13:79:4a:51:ad|10|0|0|0|0|0
44:07:0b:89:e4:ab|8|0|0|0|0|0
e4:5f:01:5c:9d:89|0|1|0|0|0|0
33:33:00:00:00:01|0|0|0|1|0|120
01:00:5e:00:00:01|0|0|0|2|0|160
3a:1f:00:41:20:f4|0|0|1|0|24|0
f4:f2:6d:90:44:3c|0|0|0|1|0|24
b8:27:eb:81:9a:d6|0|1|0|0|0|0
24:77:03:d4:12:38|6|13|0|0|0|0
9e:09:9e:5a:cf:c0|0|3|0|0|0|0
08:9e:08:49:f2:bd|0|4|0|0|0|0
20:f4:78:24:ce:e8|5|15|0|0|0|0
14:c1:4e:07:26:d2|1|0|0|0|0|0
aa:72:cc:7b:af:23|0|3|0|0|0|0
20:1f:3b:3a:bb:3d|1|0|0|0|0|0
44:46:87:a9:e4:4b|0|11|0|0|0|0
01:00:5e:00:00:fa|0|0|0|1|0|114
00:08:07:76:35:b7|0|2|0|0|0|0
