41
b4:e6:2d:f6:b6:a5
d8:b6:b7:7a:3a:61|1337|0|16|54|1078|1526
ff:ff:ff:ff:ff:ff|0|3526|0|275|0|56102
68:02:b8:1e:7f:1f|1233|0|339|0|68130|0
6a:02:98:1e:7f:1f|1232|0|0|0|0|0
bc:54:51:02:a4:f0|0|0|34|2|1038|52
26:17:dc:59:74:f7|0|0|12|2|288|52
b4:e6:2d:f6:b6:a5|0|1|0|4|0|482
70:ee:50:73:4e:36|0|0|76|0|1960|0
b0:95:75:4b:b9:26|0|0|0|76|0|1960
d2:5a:e6:d3:c8:c3|0|7|0|0|0|0
01:80:c2:00:00:0e|0|0|0|1|0|94
a4:3e:a0:a4:2a:46|0|86|0|0|0|0
01:00:5e:7f:ff:fa|0|0|0|36|0|7236
64:b3:10:aa:e3:3c|0|14|0|0|0|0
01:00:5e:00:00:fb|0|0|0|13|0|2277
e6:35:23:4e:ab:99|0|0|8|2|200|52
01:00:5e:00:00:01|0|0|0|1|0|88
01:00:5e:00:00:16|0|0|0|7|0|648
e4:04:39:d1:6d:4a|0|14|0|0|0|0
fe:ea:46:6c:51:14|0|7|0|0|0|0
cc:4b:73:b0:02:dc|0|13|0|0|0|0
da:a1:19:3c:34:91|0|10|0|0|0|0
ce:10:01:cd:b8:3f|0|4|0|0|0|0
33:33:00:00:00:fb|0|0|0|5|0|1241
33:33:00:00:00:16|0|0|0|2|0|248
ca:a1:cd:f4:97:4e|0|6|0|0|0|0
c8:66:5d:1f:4f:54|0|18|0|0|0|0
e6:55:06:c9:af:c9|0|7|0|0|0|0
0e:26:0a:2f:38:6b|0|0|0|2|0|52
62:83:98:49:0d:06|0|7|0|0|0|0
66:6e:ce:92:a5:06|1|7|0|0|0|0
da:59:04:d9:cc:1e|0|7|0|0|0|0
80:58:f8:93:88:29|8|26|0|0|0|0
33:33:00:00:00:01|0|0|0|3|0|584
3a:8d:af:00:6d:ba|0|7|0|0|0|0
7a:11:f8:97:67:f7|3|15|0|0|0|0
fe:00:75:22:f4:d6|0|11|0|0|0|0
04:27:28:b1:c0:16|0|2|0|0|0|0
f0:5c:77:1a:f1:64|0|7|0|0|0|0
a6:8e:10:66:f6:f9|0|7|0|0|0|0
42:47:92:7b:3d:e0|1|6|0|0|0|0
