32
b4:e6:2d:f6:c8:79
90:9a:4a:80:71:9a|1201|8|942|280|704769|62403
ff:ff:ff:ff:ff:ff|0|2376|0|44|0|8007
90:9a:4a:80:85:9e|1039|0|4|7|318|168
b4:e6:2d:f6:c8:79|0|3|0|3|0|376
68:ff:7b:c5:ca:c9|138|0|0|0|0|0
20:aa:4b:5b:e6:4b|63|0|45|0|8121|0
28:6d:cd:09:2a:ea|0|0|37|5|8676|1100
c0:06:c3:8f:c0:7b|4|8|10|19|917|2536
f4:f5:d8:8d:f2:58|1|0|0|0|0|0
e0:31:9e:08:67:f7|0|1|0|0|0|0
e4:5f:01:5c:9d:89|0|9|0|0|0|0
f0:ef:86:06:76:35|0|12|0|0|0|0
a0:2c:36:28:1e:19|0|3|0|0|0|0
9e:ab:89:2d:82:91|0|13|7|3|168|234
20:1f:3b:3a:bb:3d|6|0|0|0|0|0
3c:8d:20:4f:d8:e9|1|0|0|0|0|0
b8:27:eb:81:9a:d6|0|9|0|0|0|0
a4:50:46:4c:af:3b|4|6|226|908|52267|700049
c0:06:c3:8f:c7:99|0|0|7|7|543|708
44:07:0b:2f:49:8b|11|0|0|0|0|0
00:08:07:76:35:b7|0|6|0|0|0|0
44:46:87:a9:e4:4b|0|2|0|0|0|0
44:07:0b:70:9e:93|6|0|0|0|0|0
da:a1:19:b4:b4:b4|2|9|0|0|0|0
f0:ef:86:21:66:5f|0|6|0|0|0|0
1c:bf:ce:e3:fb:45|0|12|0|0|0|0
01:00:5e:00:00:01|0|0|0|1|0|84
44:07:0b:6c:b6:e3|1|0|0|0|0|0
01:00:5e:00:00:fa|0|0|0|1|0|114
50:d4:f7:59:b0:8b|1|0|0|0|0|0
ac:d1:b8:8d:4b:a1|0|1|0|0|0|0
44:07:0b:89:e4:ab|6|0|0|0|0|0
