36
b4:e6:2d:f6:c8:79
90:9a:4a:80:71:9a|1242|5|9|45|873|6633
ff:ff:ff:ff:ff:ff|0|1943|0|0|0|0
68:ff:7b:c5:ca:c9|322|0|1|0|78|0
90:9a:4a:80:85:9e|428|2|3|12|240|288
b4:e6:2d:f6:c8:79|0|1|0|4|0|471
c0:06:c3:8f:c0:7b|4|8|13|3|1561|246
3a:37:31:36:67:5d|1|6|0|0|0|0
c0:06:c3:8f:c7:99|0|0|6|1|399|78
ee:1b:94:a3:7a:55|1|0|0|0|0|0
20:1f:3b:3a:bb:3d|3|0|0|0|0|0
ce:24:25:cf:3f:ee|0|2|0|0|0|0
9e:ab:89:2d:82:91|2|1|12|2|288|156
01:00:5e:00:00:01|0|0|0|1|0|84
a4:50:46:4c:af:3b|0|0|23|1|4595|78
20:aa:4b:5b:e6:4b|9|0|0|0|0|0
b6:72:88:b0:16:5f|0|1|0|0|0|0
44:07:0b:70:9e:93|3|0|0|0|0|0
28:6d:cd:09:2a:ea|1|3|3|0|78|0
44:07:0b:2f:49:8b|14|0|0|0|0|0
20:df:b9:ac:28:3b|1|0|0|0|0|0
ec:5c:68:84:b1:4b|1|24|0|0|0|0
50:e0:85:84:55:94|3|9|0|0|0|0
f4:f2:6d:90:44:3c|2|0|0|0|0|0
