37
b4:e6:2d:f6:c8:79
90:9a:4a:80:85:9e|1137|0|4|3|312|72
ff:ff:ff:ff:ff:ff|0|3167|0|54|0|10488
20:aa:4b:5b:e6:4b|831|0|58|0|10912|0
90:9a:4a:80:71:9a|1273|10|15|64|1432|4963
68:ff:7b:c5:ca:c9|123|0|0|0|0|0
b4:e6:2d:f6:c8:79|0|1|0|3|0|376
e4:5f:01:5c:9d:89|0|16|0|0|0|0
a4:50:46:4c:af:3b|6|10|42|8|2807|744
20:1f:3b:3a:bb:3d|6|104|0|0|0|0
44:af:28:c1:8e:00|0|6|0|0|0|0
16:2c:f5:81:72:85|0|9|0|0|0|0
c0:06:c3:8f:c0:7b|3|7|13|2|1625|156
28:6d:cd:09:2a:ea|1|3|3|0|78|0
00:5f:67:7f:47:3e|3|0|0|0|0|0
00:08:07:76:35:b7|0|1|0|0|0|0
44:07:0b:70:9e:93|6|0|0|0|0|0
9e:ab:89:2d:82:91|0|0|3|4|72|312
c0:06:c3:8f:c7:99|0|0|6|2|453|156
f0:ef:86:06:76:35|0|3|0|0|0|0
44:07:0b:6c:b6:e3|4|0|0|0|0|0
a0:2c:36:28:1e:19|0|3|0|0|0|0
f0:ef:86:21:66:5f|0|9|0|0|0|0
01:00:5e:00:00:fa|0|0|0|2|0|228
f4:f5:d8:8d:f2:58|9|6|0|0|0|0
20:df:b9:ac:28:3b|3|0|0|0|0|0
44:07:0b:2f:49:8b|11|0|0|0|0|0
b8:27:eb:81:9a:d6|0|5|0|0|0|0
26:18:18:48:48:99|0|4|0|0|0|0
33:33:00:00:00:01|0|0|0|1|0|120
d6:f6:e2:c5:29:fc|0|12|0|0|0|0
8e:37:4e:5a:00:f3|0|9|0|0|0|0
f4:f2:6d:90:44:3c|1|0|0|0|0|0
01:00:5e:00:00:01|0|0|0|1|0|76
76:78:27:bc:20:c6|0|6|0|0|0|0
54:60:09:e2:ee:aa|0|13|0|0|0|0
d8:47:32:54:de:63|1|12|0|0|0|0
da:a1:19:b5:5f:a0|0|2|0|0|0|0
