27
b4:e6:2d:f6:b6:a5
d8:b6:b7:7a:3a:61|1298|0|11|70|1392|1855
ff:ff:ff:ff:ff:ff|0|3495|0|157|0|44158
6a:02:98:1e:7f:1f|1228|0|0|0|0|0
68:02:b8:1e:7f:1f|1232|0|166|0|45650|0
01:00:5e:7f:ff:fa|0|0|0|2|0|426
e6:35:23:4e:ab:99|0|0|6|2|152|52
70:ee:50:73:4e:36|0|0|23|0|598|0
b0:95:75:4b:b9:26|0|0|0|23|0|598
26:17:dc:59:74:f7|0|0|7|0|168|0
0e:26:0a:2f:38:6b|0|0|42|0|1008|0
26:6f:1d:c2:e2:46|0|7|0|0|0|0
a4:3e:a0:a4:2a:46|0|106|0|0|0|0
bc:54:51:02:a4:f0|0|0|15|2|527|52
0a:6d:b5:32:f9:ce|1|14|0|0|0|0
16:a0:34:68:e7:66|1|31|3|0|72|0
01:00:5e:00:00:01|0|0|0|1|0|88
c8:66:5d:1f:4f:55|0|0|0|3|0|72
c8:66:5d:1f:4f:54|0|6|0|0|0|0
b4:e6:2d:f6:b6:a5|0|1|0|4|0|482
f0:72:ea:da:42:c6|0|14|0|0|0|0
10:8e:e0:22:17:e8|0|6|0|0|0|0
f8:77:b8:53:10:e8|3|60|0|0|0|0
80:58:f8:93:88:29|4|28|0|0|0|0
33:33:00:00:00:01|0|0|0|3|0|584
01:00:5e:00:00:fb|0|0|0|3|0|570
33:33:00:00:00:fb|0|0|0|3|0|630
9a:b6:79:a6:d1:5b|1|0|0|0|0|0
