47
b4:e6:2d:f6:c8:79
90:9a:4a:80:71:9a|1261|10|228|710|65091|368178
ff:ff:ff:ff:ff:ff|0|2829|0|32|0|5173
90:9a:4a:80:85:9e|849|0|38|3|18311|72
68:ff:7b:c5:ca:c9|235|0|0|0|0|0
20:aa:4b:5b:e6:4b|664|0|36|11|5597|442
01:00:5e:00:00:fa|0|0|0|2|0|228
28:6d:cd:09:2a:ea|0|0|28|2|6154|156
b4:e6:2d:f6:c8:79|0|3|0|5|0|532
38:f9:d3:b3:0c:da|1|0|0|0|0|0
9e:ab:89:2d:82:91|0|45|3|31|72|15906
c0:06:c3:8f:c0:7b|4|8|11|3|1108|246
00:08:07:76:35:b7|0|3|0|0|0|0
e6:1d:78:73:e4:e3|0|0|11|0|442|0
a4:50:46:4c:af:3b|6|11|665|217|360517|64079
c0:06:c3:8f:c7:99|0|0|6|1|399|78
de:85:52:44:9e:46|0|1|0|0|0|0
44:07:0b:70:9e:93|13|51|0|0|0|0
01:00:5e:7f:ff:fa|0|0|0|6|0|2321
9c:5a:81:3c:9b:3b|0|7|0|0|0|0
f0:ef:86:21:66:5f|0|1|0|0|0|0
8e:51:d2:31:e9:cf|1|0|0|0|0|0
de:59:b2:85:18:df|0|1|0|0|0|0
92:03:59:66:fb:6d|0|1|0|0|0|0
a2:e0:6c:67:3c:21|0|10|0|0|0|0
88:3d:24:10:7e:ce|0|2|0|0|0|0
33:33:00:00:00:01|0|0|0|1|0|120
0e:ec:f1:2f:e0:50|0|7|0|0|0|0
44:07:0b:6c:b6:e3|2|0|0|0|0|0
f4:f5:d8:8d:f2:58|8|7|0|0|0|0
b2:47:84:60:26:3f|0|1|0|0|0|0
44:07:0b:2f:49:8b|11|0|0|0|0|0
01:00:5e:00:00:01|0|0|0|2|0|160
02:63:83:1c:84:08|1|0|0|0|0|0
66:fd:90:db:a1:23|0|3|0|0|0|0
1e:50:c2:cd:47:ae|0|2|0|0|0|0
e4:5f:01:5c:9d:89|0|4|0|0|0|0
8c:f5:a3:f1:23:90|0|5|0|0|0|0
34:c0:59:00:a0:8f|0|1|0|0|0|0
b8:27:eb:81:9a:d6|0|4|0|0|0|0
54:60:09:e2:ee:aa|0|3|0|0|0|0
c6:ae:d7:50:ea:92|0|2|0|0|0|0
ca:47:94:ab:55:23|0|5|0|0|0|0
00:24:d6:f5:65:ef|0|1|0|0|0|0
76:78:27:bc:20:c6|0|1|0|0|0|0
f0:ef:86:06:76:35|0|5|0|0|0|0
22:48:f8:26:26:64|2|15|0|0|0|0
a2:ca:18:44:f8:22|1|10|0|0|0|0
