39
b4:e6:2d:f6:c8:79
20:aa:4b:5b:e6:4b|712|0|52|37|9465|1118
ff:ff:ff:ff:ff:ff|0|3327|0|43|0|7298
90:9a:4a:80:71:9a|1305|11|36|70|4105|8586
90:9a:4a:80:85:9e|1164|0|0|0|0|0
b4:e6:2d:f6:c8:79|0|1|0|5|0|549
a0:78:17:a1:19:64|0|0|81|3|1944|234
68:ff:7b:c5:ca:c9|332|0|3|81|234|1944
28:6d:cd:09:2a:ea|0|0|23|4|5064|474
e6:1d:78:73:e4:e3|0|0|37|0|1118|0
50:e0:85:84:55:94|27|95|0|0|0|0
a4:50:46:4c:af:3b|2|6|29|14|1736|1583
c0:06:c3:8f:c7:99|5|10|9|5|861|633
ec:5c:68:84:b1:4b|1|27|0|0|0|0
c0:06:c3:8f:c0:7b|4|8|9|8|925|866
01:00:5e:00:00:fb|0|0|0|6|0|1857
82:60:08:22:18:25|0|2|0|0|0|0
44:46:87:a9:e4:4b|0|10|0|0|0|0
01:00:5e:00:00:fa|0|0|0|1|0|114
ce:ac:8c:0a:4e:eb|0|9|0|0|0|0
44:07:0b:2f:49:8b|9|0|0|0|0|0
1c:bf:ce:e3:fb:45|0|12|0|0|0|0
f0:5c:77:2f:34:47|1|0|0|0|0|0
00:5f:67:7f:47:3e|1|0|0|0|0|0
f0:ef:86:06:76:35|0|8|0|0|0|0
00:08:07:76:35:b7|0|6|0|0|0|0
e2:37:e4:1f:27:86|0|8|0|0|0|0
f4:f5:d8:8d:f2:58|6|9|0|0|0|0
90:9a:4a:80:6d:41|1|0|0|0|0|0
74:df:bf:45:ac:65|0|1|0|0|0|0
34:cf:f6:83:7c:87|1|0|0|0|0|0
54:60:09:e2:ee:aa|0|11|0|0|0|0
01:00:5e:00:00:01|0|0|0|1|0|76
33:33:00:00:00:01|0|0|0|1|0|120
a2:ff:2b:d3:94:65|2|7|0|0|0|0
6e:dc:b2:72:c3:9e|1|4|0|0|0|0
08:9e:08:bc:6c:2b|0|1|0|0|0|0
3c:f0:11:c4:ac:66|1|0|0|0|0|0
b8:27:eb:81:9a:d6|0|3|0|0|0|0
44:07:0b:70:9e:93|1|0|0|0|0|0
