34
b4:e6:2d:f6:b6:a5
68:02:b8:1e:7f:1f|1257|0|241|66|26335|2020
ff:ff:ff:ff:ff:ff|0|3511|0|152|0|14066
d8:b6:b7:7a:3a:61|1246|0|10|60|1838|1668
6a:02:98:1e:7f:1f|1255|0|0|0|0|0
bc:54:51:02:a4:f0|0|0|35|3|1060|1594
01:00:5e:00:00:fb|0|0|0|4|0|1024
33:33:00:00:00:fb|0|0|0|3|0|828
84:16:f9:07:68:71|0|7|0|0|0|0
a4:3e:a0:a4:2a:46|0|84|0|0|0|0
70:ee:50:73:4e:36|0|0|13|0|334|0
b0:95:75:4b:b9:26|0|0|0|13|0|334
26:94:9b:c4:cd:39|0|0|42|6|1292|711
aa:90:a2:fc:13:c3|1|1|0|0|0|0
ea:13:ce:60:32:48|1|12|0|0|0|0
80:58:f8:93:88:29|14|44|24|65|728|8245
0e:26:0a:2f:38:6b|0|0|6|2|144|52
e6:35:23:4e:ab:99|0|0|9|2|224|52
82:1b:5f:2a:9d:7b|2|0|0|0|0|0
00:1c:bf:52:98:29|0|14|0|0|0|0
26:17:dc:59:74:f7|0|0|10|2|240|52
b4:e6:2d:f6:b6:a5|0|3|0|6|0|669
cc:4b:73:9c:26:f2|0|6|0|0|0|0
82:4e:a2:c6:75:2a|0|13|0|0|0|0
c8:66:5d:1f:4f:54|0|13|0|0|0|0
4e:9b:05:55:9f:ce|2|20|0|0|0|0
33:33:00:00:00:01|0|0|0|3|0|584
33:33:00:00:00:02|0|0|0|1|0|96
33:33:ff:1e:b6:60|0|0|0|1|0|112
70:c9:4e:74:42:3f|0|7|0|0|0|0
cc:4b:73:b0:02:dc|0|13|0|0|0|0
f0:72:ea:da:42:c6|0|7|0|0|0|0
d8:8c:79:90:f4:9b|0|7|0|0|0|0
64:b3:10:aa:e3:3c|0|16|0|0|0|0
01:00:5e:00:00:01|0|0|0|1|0|88
