24
b4:e6:2d:f6:b6:a5
68:02:b8:1e:7f:1f|1300|13|131|4|28504|576
ff:ff:ff:ff:ff:ff|0|2361|0|9|0|1284
6a:02:98:1e:7f:1f|1256|0|0|0|0|0
a4:3e:a0:a4:2a:46|0|72|0|0|0|0
70:ee:50:73:4e:36|0|0|96|0|2480|0
b0:95:75:4b:b9:26|0|0|0|96|0|2480
10:1c:0c:1a:10:10|27|73|4|43|576|9264
b4:e6:2d:f6:b6:a5|0|1|0|4|0|482
c8:66:5d:1f:4f:54|0|12|0|0|0|0
64:b3:10:aa:e3:3c|1|12|0|0|0|0
58:b1:0f:56:36:08|0|6|0|0|0|0
01:00:5e:00:00:fb|0|0|0|30|0|7395
33:33:00:00:00:fb|0|0|0|26|0|7595
33:33:00:00:00:16|0|0|0|6|0|864
01:00:5e:00:00:02|0|0|0|4|0|320
1a:87:40:93:91:d1|0|12|0|0|0|0
4a:05:18:ff:fd:9b|2|12|0|0|0|0
46:a1:52:bb:ad:23|0|6|0|0|0|0
33:33:00:00:00:01|0|0|0|3|0|584
3a:21:f5:34:ff:86|0|6|0|0|0|0
33:33:00:00:00:02|0|0|0|1|0|104
33:33:ff:47:43:51|0|0|0|1|0|120
33:33:ff:1b:80:95|0|0|0|3|0|360
33:33:00:01:00:02|0|0|0|1|0|132
