16
b4:e6:2d:f6:b6:a5
68:02:b8:1e:7f:1f|1272|0|7|0|1066|0
ff:ff:ff:ff:ff:ff|0|2346|0|0|0|0
6a:02:98:1e:7f:1f|1271|0|0|0|0|0
70:ee:50:73:4e:36|0|0|53|0|1376|0
b0:95:75:4b:b9:26|0|0|0|53|0|1376
a4:3e:a0:a4:2a:46|0|96|0|0|0|0
10:1c:0c:1a:10:10|1|30|0|0|0|0
33:33:00:00:00:01|0|0|0|3|0|584
b4:e6:2d:f6:b6:a5|0|1|0|4|0|482
12:75:eb:42:20:5c|0|6|0|0|0|0
92:4e:12:97:c9:71|0|6|0|0|0|0
64:b3:10:aa:e3:3c|1|12|0|0|0|0
c8:66:5d:1f:4f:54|0|18|0|0|0|0
58:b1:0f:56:36:08|0|18|0|0|0|0
9c:5d:12:d7:43:d4|0|6|0|0|0|0
f0:5c:77:1a:f1:64|0|6|0|0|0|0
