34
b4:e6:2d:f6:b6:a5
d8:b6:b7:7a:3a:61|1334|0|14|60|1406|1670
ff:ff:ff:ff:ff:ff|0|3455|0|275|0|56102
68:02:b8:1e:7f:1f|1264|0|291|0|59100|0
6a:02:98:1e:7f:1f|1261|0|0|0|0|0
b4:e6:2d:f6:b6:a5|0|2|0|3|0|390
26:6f:1d:c2:e2:46|0|14|0|0|0|0
de:51:ca:c5:39:ce|0|6|0|0|0|0
f0:72:ea:da:42:c6|0|14|0|0|0|0
01:00:5e:00:00:01|0|0|0|1|0|88
a4:3e:a0:a4:2a:46|0|144|0|0|0|0
e6:35:23:4e:ab:99|0|0|8|2|200|52
42:13:66:62:67:93|2|7|0|0|0|0
cc:88:26:36:b9:a7|1|7|0|0|0|0
26:17:dc:59:74:f7|0|0|26|2|624|52
c8:66:5d:1f:4f:54|0|19|0|0|0|0
4a:91:b9:85:79:28|0|13|0|0|0|0
3e:22:fb:aa:30:4e|0|13|0|0|0|0
bc:54:51:02:a4:f0|0|0|19|2|678|52
84:16:f9:07:68:71|0|21|0|0|0|0
0e:26:0a:2f:38:6b|0|0|7|2|168|52
5a:6b:27:b0:4a:fa|0|17|0|0|0|0
3e:1c:7f:71:b4:87|0|7|0|0|0|0
0c:54:15:5d:f1:f6|0|11|0|0|0|0
