37
b4:e6:2d:f6:c8:79
90:9a:4a:80:85:9e|1039|5|52|99|18248|2444
ff:ff:ff:ff:ff:ff|0|2495|0|3|0|316
90:9a:4a:80:71:9a|1264|10|581|180|243179|75277
68:ff:7b:c5:ca:c9|233|0|0|0|0|0
20:aa:4b:5b:e6:4b|73|0|1|0|76|0
50:e0:85:84:55:94|4|12|0|0|0|0
a4:50:46:4c:af:3b|6|11|156|564|73056|241012
9e:ab:89:2d:82:91|4|6|97|3|2328|234
c0:06:c3:8f:c7:99|0|0|6|2|399|237
28:6d:cd:09:2a:ea|1|3|3|0|78|0
fa:06:b9:00:76:01|1|3|0|0|0|0
04:6c:59:1b:72:04|1|2|2|4|116|1784
01:00:5e:7f:ff:fa|0|0|0|32|0|14622
01:00:5e:00:00:fb|0|0|0|5|0|844
01:00:5e:00:00:01|0|0|0|1|0|84
01:00:5e:00:00:16|0|0|0|5|0|440
c0:06:c3:8f:c0:7b|3|6|15|11|1744|1476
92:49:f8:0a:74:ba|0|11|0|0|0|0
8a:2f:04:bc:73:0b|0|6|0|0|0|0
b4:e6:2d:f6:c8:79|0|3|0|4|0|454
da:a1:19:b0:b0:b0|2|4|0|0|0|0
46:3b:78:62:ec:7e|1|19|0|0|0|0
