54
b4:e6:2d:f6:b6:a5
68:02:b8:1e:7f:1f|1363|0|200|0|40406|0
ff:ff:ff:ff:ff:ff|0|2563|0|201|0|40392
6a:02:98:1e:7f:1f|1360|0|0|0|0|0
02:aa:3f:a7:c9:b1|110|0|0|0|0|0
02:aa:3f:a7:c9:b2|149|0|15|0|4645|0
66:c2:cd:74:41:79|0|4|0|0|0|0
b4:e6:2d:f6:b6:a5|0|2|0|3|0|390
10:1c:0c:1a:10:10|3|18|0|0|0|0
a4:3e:a0:a4:2a:46|0|144|0|0|0|0
1a:dc:a4:33:6e:b2|0|6|0|0|0|0
12:1c:9e:42:94:2a|0|18|0|0|0|0
01:00:5e:7f:ff:fa|0|0|0|1|0|507
ba:9f:31:f7:09:ae|0|107|0|0|0|0
e2:cd:1f:5c:bf:25|0|1|0|0|0|0
ee:71:2a:b7:3b:16|0|1|0|0|0|0
01:80:c2:00:00:0e|0|0|0|1|0|94
be:43:0a:e4:2d:89|0|2|0|0|0|0
33:33:ff:02:17:66|0|0|0|3|0|360
5a:e3:ad:26:a6:9a|0|1|0|0|0|0
6e:3c:8e:40:a1:0e|0|1|0|0|0|0
22:74:ee:ef:87:c9|0|2|0|0|0|0
86:50:6f:2c:96:da|0|2|0|0|0|0
5c:f8:21:84:a4:31|0|4|0|0|0|0
fe:c2:c7:08:7b:8f|0|2|0|0|0|0
aa:f0:da:9b:ab:fe|0|6|0|0|0|0
3a:28:9b:46:38:b4|1|0|0|0|0|0
c6:ab:47:3f:b5:8b|0|2|0|0|0|0
56:28:ac:7d:a6:4d|0|1|0|0|0|0
4a:da:48:57:b3:07|0|1|0|0|0|0
30:4b:07:2e:3d:97|0|1|0|0|0|0
30:4b:07:93:c7:28|0|3|0|0|0|0
3a:3e:42:1c:28:ff|0|5|0|0|0|0
f6:03:77:6b:51:2e|0|2|0|0|0|0
de:ea:f6:43:e8:aa|0|6|0|0|0|0
fe:82:53:40:c6:cb|0|12|0|0|0|0
4a:bb:dd:18:c7:f5|0|1|0|0|0|0
64:b3:10:aa:e3:3c|0|24|0|0|0|0
12:d9:ed:47:e6:e9|0|2|0|0|0|0
da:a3:76:37:8f:24|0|1|0|0|0|0
a2:d4:f4:82:1a:a2|1|6|0|0|0|0
2a:5d:63:8c:bb:25|0|1|0|0|0|0
3e:10:06:aa:07:4f|1|6|0|0|0|0
8a:00:c6:82:20:c7|0|1|0|0|0|0
52:5e:2d:dc:10:c7|0|8|0|0|0|0
33:33:00:00:00:0c|0|0|0|6|0|3308
26:cf:ec:29:2d:e8|0|6|0|0|0|0
ae:44:e2:db:94:c8|0|1|0|0|0|0
ea:49:1e:83:fa:71|1|0|0|0|0|0
6a:85:43:d8:22:76|0|1|0|0|0|0
