30
b4:e6:2d:f6:b6:a5
68:02:b8:1e:7f:1f|1300|0|242|0|50309|0
ff:ff:ff:ff:ff:ff|0|2799|0|170|0|16933
01:00:5e:7f:ff:fa|0|0|0|60|0|30806
6a:02:98:1e:7f:1f|1303|0|0|0|0|0
d8:b6:b7:7a:3a:61|514|0|4|46|206|1336
b4:e6:2d:f6:b6:a5|0|1|0|3|0|390
26:17:dc:59:74:f7|0|0|1|1|24|26
54:2a:a2:48:a3:f0|0|81|0|0|0|0
a4:3e:a0:a4:2a:46|0|30|0|0|0|0
70:ee:50:73:4e:36|0|0|29|0|750|0
b0:95:75:4b:b9:26|0|0|0|29|0|750
bc:54:51:02:a4:f0|0|0|36|0|1088|0
e6:35:23:4e:ab:99|0|0|8|0|200|0
8c:8d:28:f7:44:4b|0|13|0|0|0|0
f8:77:b8:53:10:e8|10|102|0|0|0|0
ba:9f:31:f7:09:ae|0|29|0|0|0|0
00:0c:e7:90:4a:c7|0|6|0|0|0|0
c8:66:5d:1f:4f:54|0|12|0|0|0|0
01:00:5e:00:00:fb|0|0|0|3|0|768
33:33:00:00:00:fb|0|0|0|3|0|828
0e:26:0a:2f:38:6b|0|0|1|2|24|52
e8:df:70:a6:5d:05|0|3|0|0|0|0
1a:9a:73:79:2f:35|2|12|0|0|0|0
5c:f5:da:b6:d8:02|0|2|0|0|0|0
d2:d3:eb:1f:fc:8d|0|12|0|0|0|0
1c:cc:d6:f7:de:a0|0|7|0|0|0|0
33:33:00:00:00:16|0|0|0|1|0|128
24:46:c8:f7:fe:d9|0|6|0|0|0|0
33:33:00:00:00:01|0|0|0|3|0|584
64:b3:10:aa:e3:3c|0|14|0|0|0|0
