42
b4:e6:2d:f6:c8:79
90:9a:4a:80:71:9a|1513|53|3548|1954|4362204|490561
ff:ff:ff:ff:ff:ff|0|2283|0|53|0|9450
90:9a:4a:80:85:9e|1019|0|4|0|312|0
28:6d:cd:09:2a:ea|1|3|3|0|78|0
a4:50:46:4c:af:3b|68|137|1933|3540|488590|4360890
20:aa:4b:5b:e6:4b|80|0|70|83|12700|2314
ac:67:84:5b:07:e3|2|97|0|0|0|0
1c:bf:ce:e3:fb:45|0|8|0|0|0|0
68:ff:7b:c5:ca:c9|54|0|2|0|156|0
e4:5f:01:78:c0:dc|0|3|0|0|0|0
c0:06:c3:8f:c0:7b|4|8|12|3|1494|782
54:60:09:e2:ee:aa|0|8|0|0|0|0
a0:2c:36:28:1e:19|0|50|0|0|0|0
1a:a5:c3:61:4f:b6|0|3|0|2|0|156
20:1f:3b:3a:bb:3d|42|102|0|0|0|0
10:fe:ed:dd:08:06|8|0|0|0|0|0
33:33:00:00:00:0c|0|0|0|14|0|2940
e6:1d:78:73:e4:e3|0|0|83|0|2314|0
c0:06:c3:8f:c7:99|0|0|6|1|399|78
01:00:5e:00:00:01|0|0|0|1|0|76
9e:ab:89:2d:82:91|0|0|0|4|0|312
b8:27:eb:81:9a:d6|0|11|0|0|0|0
f4:f5:d8:8d:f2:58|0|1|0|0|0|0
a4:77:33:63:f5:7e|0|2|0|0|0|0
b4:e6:2d:f6:c8:79|0|4|0|4|0|454
44:07:0b:6c:b6:e3|7|0|0|0|0|0
2e:45:9d:07:ae:36|0|1|0|0|0|0
b8:27:eb:3b:22:38|0|3|0|0|0|0
ec:5c:68:84:b1:4b|3|24|0|0|0|0
44:07:0b:70:9e:93|5|0|0|0|0|0
44:07:0b:2f:49:8b|9|0|0|0|0|0
f4:f2:6d:90:44:3c|1|0|0|0|0|0
44:07:0b:60:bf:75|2|0|0|0|0|0
e4:5f:01:5c:9d:89|0|2|0|0|0|0
06:2f:af:b5:0b:56|0|1|0|0|0|0
01:00:5e:00:00:fa|0|0|0|1|0|114
16:d5:76:5f:86:09|0|6|0|0|0|0
18:e8:29:91:3d:5e|1|0|0|0|0|0
00:08:07:76:35:b7|0|2|0|0|0|0
33:33:00:00:00:01|0|0|0|1|0|120
82:22:42:66:61:21|0|5|0|0|0|0
16:4b:ab:c3:6a:e9|0|2|0|0|0|0
