54
b4:e6:2d:f6:c8:79
90:9a:4a:80:71:9a|1268|5|9|37|844|3098
ff:ff:ff:ff:ff:ff|0|2224|0|32|0|5119
68:ff:7b:c5:ca:c9|358|0|6|0|743|0
20:aa:4b:5b:e6:4b|379|0|44|5|7766|234
90:9a:4a:80:85:9e|353|0|1390|0|1891469|0
01:00:5e:7f:ff:fa|0|0|0|42|0|14002
b4:e6:2d:f6:c8:79|0|2|0|3|0|376
1e:9e:87:06:1e:40|1|5|0|0|0|0
b8:27:eb:81:9a:d6|0|1|0|0|0|0
e6:77:14:4c:cc:33|0|0|0|6|0|743
01:00:5e:00:00:fa|0|0|0|1|0|114
88:3d:24:10:7e:ce|0|2|0|0|0|0
f0:ef:86:06:76:35|0|3|0|0|0|0
9e:ab:89:2d:82:91|0|22|0|1347|0|1877383
c0:06:c3:8f:c7:99|0|0|8|1|648|78
33:33:00:00:00:0c|0|0|0|7|0|1470
a4:77:33:63:f5:7e|0|3|0|0|0|0
f4:f5:d8:8d:f2:58|0|1|0|0|0|0
8e:f9:90:b7:cf:f4|0|5|0|0|0|0
e6:1d:78:73:e4:e3|0|0|5|0|234|0
01:00:5e:00:00:fb|0|0|0|3|0|987
12:e8:29:91:3d:5e|2|0|0|0|0|0
48:5a:b6:22:0c:7e|0|20|0|0|0|0
74:eb:80:1d:42:94|5|4|0|0|0|0
c0:06:c3:8f:c0:7b|4|8|10|3|1084|234
a4:50:46:4c:af:3b|0|2|17|2|1314|156
44:07:0b:2f:49:8b|9|0|0|0|0|0
da:a1:19:3a:3a:3a|0|2|0|0|0|0
10:fe:ed:dd:08:06|2|0|0|0|0|0
ec:5c:68:84:b1:4b|4|8|0|0|0|0
a0:2c:36:28:1e:19|0|3|0|0|0|0
f4:f2:6d:90:44:3c|1|0|0|0|0|0
cc:f4:11:a1:a0:2c|0|1|0|0|0|0
34:f6:4b:e3:9c:e8|0|12|0|0|0|0
a6:aa:41:77:19:15|0|1|0|0|0|0
28:6d:cd:09:2a:ea|1|3|2|0|52|0
74:df:bf:45:ac:65|0|2|0|0|0|0
01:00:5e:00:00:01|0|0|0|2|0|160
56:68:61:2c:82:5b|1|2|0|0|0|0
0a:5e:f6:25:2c:84|1|4|0|0|0|0
44:07:0b:70:9e:93|5|0|0|0|0|0
46:3b:78:62:ec:7e|0|11|0|0|0|0
44:07:0b:60:bf:75|1|0|0|0|0|0
e4:5f:01:5c:9d:89|0|3|0|0|0|0
ac:d6:18:05:2a:70|1|16|0|0|0|0
00:08:10:80:dc:7a|0|1|0|0|0|0
ea:e4:4e:02:21:ab|1|1|0|0|0|0
0a:6c:25:19:16:fb|1|6|0|0|0|0
44:07:0b:6c:b6:e3|3|0|0|0|0|0
8c:70:5a:60:0e:bc|1|5|0|0|0|0
5e:ad:f4:e4:a1:75|0|1|0|0|0|0
20:f4:78:24:ce:e8|0|7|0|0|0|0
ce:b4:65:bb:aa:f3|0|2|0|0|0|0
54:60:09:e2:ee:aa|0|4|0|0|0|0
