44
b4:e6:2d:f6:c8:79
90:9a:4a:80:85:9e|929|76|32|37|6231|896
04:6c:59:1b:72:04|76|156|8|7|1816|1946
ff:ff:ff:ff:ff:ff|0|2476|0|11|0|1388
90:9a:4a:80:71:9a|1203|6|13|59|1156|9071
20:aa:4b:5b:e6:4b|461|0|10|1|1306|78
68:ff:7b:c5:ca:c9|68|0|0|0|0|0
c0:06:c3:8f:c7:99|0|0|7|5|477|390
01:00:5e:7f:ff:fa|0|0|0|15|0|4475
b4:e6:2d:f6:c8:79|0|2|0|3|0|376
20:1f:3b:3a:bb:3d|5|0|0|0|0|0
28:6d:cd:09:2a:ea|0|0|29|2|6404|156
84:4b:f5:19:a0:99|0|2|0|0|0|0
9e:ab:89:2d:82:91|0|1|33|4|792|312
01:00:5e:00:00:01|0|0|0|1|0|84
a0:99:9b:10:12:1f|0|6|0|0|0|0
9c:5a:81:3c:9b:3b|0|3|0|0|0|0
01:00:5e:00:00:16|0|0|0|3|0|264
a4:50:46:4c:af:3b|2|2|13|1|1106|78
01:00:5e:00:00:fb|0|0|0|3|0|552
c0:06:c3:8f:c0:7b|4|8|10|2|1084|156
9e:e0:c7:4c:63:99|0|2|0|0|0|0
7a:c7:a7:ea:95:37|0|2|0|0|0|0
02:60:1b:fb:52:98|0|7|0|0|0|0
f4:f5:d8:8d:f2:58|1|1|0|0|0|0
72:bd:17:dc:1e:44|1|0|0|0|0|0
01:00:5e:00:00:fa|0|0|0|2|0|228
94:ee:9f:9f:fe:89|0|2|0|0|0|0
38:f9:d3:b3:0c:da|4|0|0|0|0|0
a6:23:9c:e5:b4:cb|2|0|0|0|0|0
44:07:0b:2f:49:8b|7|0|0|0|0|0
e6:1d:78:73:e4:e3|0|0|1|0|78|0
1e:e8:29:91:3d:5e|3|0|0|0|0|0
a4:50:46:42:f3:41|0|1|0|0|0|0
f2:a6:f1:85:7e:3b|0|1|0|0|0|0
44:07:0b:89:e4:ab|9|0|0|0|0|0
20:df:b9:ac:28:3b|2|0|0|0|0|0
48:d7:05:bb:7a:67|0|9|0|0|0|0
56:5f:20:78:2c:1b|0|1|0|0|0|0
da:a1:19:8b:8b:8b|0|6|0|0|0|0
44:07:0b:70:9e:93|1|0|0|0|0|0
1e:10:f7:10:88:99|1|0|0|0|0|0
0a:1d:cf:9d:55:88|4|11|0|0|0|0
e4:5f:01:5c:9d:89|0|1|0|0|0|0
3a:a5:9b:1f:7f:2e|0|1|0|0|0|0
