45
b4:e6:2d:f6:c8:79
90:9a:4a:80:71:9a|1274|8|26|71|2849|8998
ff:ff:ff:ff:ff:ff|0|3684|0|48|0|8883
20:aa:4b:5b:e6:4b|693|0|50|82|9073|1968
68:ff:7b:c5:ca:c9|662|0|0|0|0|0
90:9a:4a:80:85:9e|1252|10|62|165|23091|3960
c0:06:c3:8f:c0:7b|5|11|13|9|1411|944
b4:e6:2d:f6:c8:79|0|2|0|4|0|471
cc:50:e3:f0:6b:20|0|0|82|0|1968|0
da:a1:19:f5:f5:f5|3|8|0|0|0|0
01:00:5e:7f:ff:fa|0|0|0|54|0|22359
9e:ab:89:2d:82:91|10|40|165|7|3960|648
94:9f:3e:84:df:5a|1|6|0|0|0|0
44:07:0b:6c:b6:e3|4|0|0|0|0|0
00:08:07:76:35:b7|0|2|0|0|0|0
28:6d:cd:09:2a:ea|0|0|24|4|5245|474
48:e7:da:e7:6d:81|1|0|0|0|0|0
a4:50:46:4c:af:3b|1|4|26|4|1640|408
f0:ef:86:05:a3:fa|0|14|0|0|0|0
c0:06:c3:8f:c7:99|2|8|8|5|702|552
22:48:f8:26:26:64|0|59|0|0|0|0
56:68:61:2c:82:5b|2|7|0|0|0|0
3c:8d:20:4f:d8:e9|3|0|0|0|0|0
