21
b4:e6:2d:f6:b6:a5
d8:b6:b7:7a:3a:61|1296|0|10|24|614|716
ff:ff:ff:ff:ff:ff|0|3514|0|2|0|160
68:02:b8:1e:7f:1f|1226|0|47|0|8753|0
6a:02:98:1e:7f:1f|1226|0|0|0|0|0
01:00:5e:7f:ff:fa|0|0|0|36|0|7236
a4:3e:a0:a4:2a:46|0|138|0|0|0|0
0e:26:0a:2f:38:6b|0|0|9|2|216|52
70:ee:50:73:4e:36|0|0|27|0|694|0
b0:95:75:4b:b9:26|0|0|0|27|0|694
96:cc:e4:9e:75:8f|0|7|0|0|0|0
e6:35:23:4e:ab:99|0|0|14|2|476|52
b4:e6:2d:f6:b6:a5|0|1|0|8|0|933
22:af:da:81:ca:31|0|20|0|0|0|0
f0:72:ea:da:42:c6|0|21|0|0|0|0
c8:66:5d:1f:4f:54|0|12|0|0|0|0
bc:54:51:02:a4:f0|0|0|1|3|24|262
64:b3:10:aa:e3:3c|0|21|0|0|0|0
46:da:61:53:d2:9e|0|7|0|0|0|0
33:33:00:00:00:01|0|0|0|3|0|584
01:00:5e:00:00:01|0|0|0|1|0|88
f0:5c:77:1a:f1:64|0|7|0|0|0|0
