32
b4:e6:2d:f6:b6:a5
d8:b6:b7:7a:3a:61|1312|0|7|48|244|1160
ff:ff:ff:ff:ff:ff|0|3510|0|139|0|42649
68:02:b8:1e:7f:1f|1230|0|162|0|47135|0
6a:02:98:1e:7f:1f|1229|0|0|0|0|0
70:ee:50:73:4e:36|0|0|54|0|1402|0
b0:95:75:4b:b9:26|0|0|0|54|0|1402
b4:e6:2d:f6:b6:a5|0|1|0|3|0|390
32:79:45:d1:21:ca|0|65|0|0|0|0
a4:3e:a0:a4:2a:46|0|120|0|0|0|0
56:5a:b5:a4:cb:81|1|0|0|0|0|0
26:17:dc:59:74:f7|0|0|22|2|528|52
8e:7f:c3:ee:a9:23|2|0|0|0|0|0
c8:66:5d:1f:4f:54|0|6|0|0|0|0
d8:8c:79:90:f4:9b|0|7|0|0|0|0
3e:69:69:75:1b:2f|2|0|0|0|0|0
e6:35:23:4e:ab:99|0|0|11|2|270|52
0e:26:0a:2f:38:6b|0|0|8|0|192|0
00:1c:bf:52:98:29|0|17|0|0|0|0
bc:54:51:02:a4:f0|0|0|7|2|170|52
33:33:00:00:00:16|0|0|0|2|0|248
01:00:5e:00:00:fb|0|0|0|7|0|1588
33:33:00:00:00:fb|0|0|0|7|0|1728
01:00:5e:00:00:16|0|0|0|2|0|180
f8:f1:e6:31:4b:9f|0|8|0|0|0|0
64:b3:10:aa:e3:3c|0|13|0|0|0|0
01:00:5e:00:00:01|0|0|0|1|0|88
aa:52:72:7d:f8:85|1|14|0|0|0|0
a6:c6:eb:e7:3c:9a|0|0|873|0|22698|0
74:da:88:10:36:5b|0|0|0|873|0|22698
f2:5f:ff:93:c7:88|0|2|0|0|0|0
76:48:36:08:03:92|0|14|0|0|0|0
33:33:00:00:00:01|0|0|0|2|0|352
