41
b4:e6:2d:f6:b6:a5
68:02:b8:1e:7f:1f|1267|0|654|0|140381|0
ff:ff:ff:ff:ff:ff|0|3270|0|332|0|63400
6a:02:98:1e:7f:1f|1266|0|0|0|0|0
d8:b6:b7:7a:3a:61|1072|0|49|299|8992|18776
b4:e6:2d:f6:b6:a5|0|1|0|4|0|482
ea:f3:a0:0b:f2:50|0|6|0|0|0|0
cc:88:26:36:b9:a7|13|9|0|0|0|0
26:17:dc:59:74:f7|0|0|8|0|192|0
0e:26:0a:2f:38:6b|0|0|0|2|0|52
3e:20:48:e8:0f:cb|0|0|259|1|17563|26
e6:35:23:4e:ab:99|0|0|8|2|200|52
bc:54:51:02:a4:f0|0|0|24|4|821|410
01:00:5e:7f:ff:fa|0|0|0|80|0|39410
01:00:5e:00:00:16|0|0|0|7|0|652
c8:c7:50:54:2d:82|0|7|0|0|0|0
a4:3e:a0:a4:2a:46|0|98|0|0|0|0
16:a0:34:68:e7:66|0|60|0|0|0|0
0c:54:15:5d:f1:f6|0|3|0|0|0|0
82:e7:e6:94:b8:42|0|82|0|0|0|0
01:00:5e:00:00:fb|0|0|0|119|0|24235
33:33:00:00:00:fb|0|0|0|68|0|8548
33:33:00:01:00:03|0|0|0|33|0|3909
