24
b4:e6:2d:f6:b6:a5
68:02:b8:1e:7f:1f|1225|0|32|0|4121|0
ff:ff:ff:ff:ff:ff|0|3514|0|7|0|532
6a:02:98:1e:7f:1f|1222|0|0|0|0|0
d8:b6:b7:7a:3a:61|1254|0|6|40|218|1192
d8:8c:79:90:f4:9b|0|7|0|0|0|0
b4:e6:2d:f6:b6:a5|0|2|0|4|0|485
80:58:f8:93:88:29|0|0|0|16|0|2312
bc:54:51:02:a4:f0|0|0|21|1|728|26
a4:3e:a0:a4:2a:46|0|106|0|0|0|0
f0:72:ea:da:42:c6|0|14|0|0|0|0
f0:5c:77:1a:f1:64|0|2|0|0|0|0
e6:35:23:4e:ab:99|0|0|9|2|224|52
26:17:dc:59:74:f7|0|0|10|0|240|0
0e:26:0a:2f:38:6b|0|1|0|2|0|52
5c:f8:21:84:a4:31|0|7|0|0|0|0
01:00:5e:00:00:01|0|0|0|1|0|88
1a:87:40:00:7d:dd|0|14|0|0|0|0
64:b3:10:aa:e3:3c|0|14|0|0|0|0
9c:5d:12:d7:43:d4|0|6|0|0|0|0
26:46:c8:48:d7:fe|0|11|0|0|0|0
33:33:00:00:00:01|0|0|0|3|0|584
33:33:00:00:00:02|0|0|0|1|0|96
33:33:ff:1e:b6:60|0|0|0|1|0|112
