61
b4:e6:2d:f6:c8:79
20:aa:4b:5b:e6:4b|742|0|54|69|9193|1656
ff:ff:ff:ff:ff:ff|0|3691|0|55|0|9363
90:9a:4a:80:71:9a|1222|9|144|169|36048|24258
cc:50:e3:f0:6b:20|0|0|69|0|1656|0
68:ff:7b:c5:ca:c9|632|0|0|0|0|0
90:9a:4a:80:85:9e|1223|13|263|356|279027|9070
9e:ab:89:2d:82:91|3|11|93|4|2232|312
04:6c:59:1b:72:04|10|20|264|167|7270|248458
a4:50:46:4c:af:3b|2|7|125|122|16715|33612
28:6d:cd:09:2a:ea|0|0|27|4|5916|474
01:00:5e:00:00:01|0|0|0|2|0|160
b4:e6:2d:f6:c8:79|0|1|0|5|0|532
54:60:09:e2:ee:aa|1|11|0|0|0|0
01:00:5e:7f:ff:fa|0|0|0|82|0|29339
f2:a2:9b:51:74:52|1|0|10|0|240|0
0c:80:63:47:1f:23|0|0|0|10|0|240
66:d5:a8:eb:6f:67|0|2|0|0|0|0
e0:dc:ff:db:25:97|2|1|0|0|0|0
01:00:5e:00:00:fb|0|0|0|3|0|522
94:65:2d:d6:9c:46|0|1|0|0|0|0
c0:06:c3:8f:c0:7b|4|8|11|9|1174|956
44:07:0b:6c:b6:e3|2|0|0|0|0|0
c0:06:c3:8f:c7:99|3|8|6|4|453|474
f0:ef:86:05:a3:fa|0|15|0|0|0|0
06:60:8f:35:9a:87|0|4|0|0|0|0
08:9e:08:bc:6c:2b|0|5|0|0|0|0
3c:8d:20:4f:d8:e9|7|0|0|0|0|0
ac:67:84:52:fe:0b|1|0|0|0|0|0
54:60:09:01:a1:78|1|0|0|0|0|0
f4:f5:d8:8d:f2:58|6|7|0|0|0|0
42:88:c7:19:06:2a|0|3|0|0|0|0
48:e7:da:e7:6d:81|6|0|0|0|0|0
b8:27:eb:81:9a:d6|2|4|0|0|0|0
94:9f:3e:84:df:5a|2|9|0|0|0|0
20:1f:3b:3a:bb:3d|4|0|0|0|0|0
20:df:b9:ac:28:3b|4|0|0|0|0|0
44:07:0b:2f:49:8b|10|0|0|0|0|0
44:07:0b:70:9e:93|5|0|1|0|26|0
24:77:03:d4:12:38|3|21|0|0|0|0
f0:ef:86:06:76:35|0|4|0|0|0|0
33:33:00:00:00:01|0|0|0|1|0|120
c0:3c:59:4b:4a:ba|0|1|0|0|0|0
54:3a:d6:77:88:6e|2|1|0|0|0|0
da:a1:19:d5:d5:d5|1|3|0|0|0|0
6a:a7:b9:89:64:11|1|0|0|0|0|0
44:07:0b:60:bf:75|1|0|0|0|0|0
da:a1:19:15:e8:28|4|12|0|0|0|0
01:00:5e:00:00:16|0|0|0|3|0|264
e6:09:33:6a:b6:d7|0|14|0|0|0|0
aa:74:9c:63:27:01|0|2|0|0|0|0
da:c7:14:94:b5:d2|0|1|0|0|0|0
46:a8:46:8e:45:1d|0|3|0|0|0|0
0e:dd:ff:52:6f:c1|0|1|0|0|0|0
00:08:07:76:35:b7|0|1|0|0|0|0
1c:bf:ce:e3:fb:45|0|7|0|0|0|0
01:00:5e:00:00:fa|0|0|0|1|0|114
6e:50:ec:8d:83:d6|0|1|0|0|0|0
f2:b2:80:0a:ea:79|1|3|0|0|0|0
84:d8:1b:29:48:82|0|0|0|1|0|26
a2:3e:d6:01:bf:b1|0|1|0|0|0|0
d2:9f:73:04:33:ec|0|2|0|0|0|0
