47
b4:e6:2d:f6:c8:79
90:9a:4a:80:85:9e|1177|0|6|38|474|912
ff:ff:ff:ff:ff:ff|0|3265|0|59|0|11055
20:aa:4b:5b:e6:4b|988|0|62|0|11359|0
90:9a:4a:80:71:9a|1265|4|98|168|38890|32589
e4:04:39:a0:f2:67|19|63|0|0|0|0
28:6d:cd:09:2a:ea|0|0|33|4|7335|474
f0:ef:86:05:a3:fa|0|36|0|0|0|0
10:fe:ed:dd:08:06|2|0|0|0|0|0
7c:2e:bd:f4:94:ee|6|0|0|0|0|0
9e:ab:89:2d:82:91|0|0|38|5|912|390
d6:f7:95:c5:3d:e6|1|0|0|0|0|0
a0:2c:36:28:1e:19|0|23|0|0|0|0
c0:06:c3:8f:c7:99|0|0|8|4|702|474
01:00:5e:00:00:01|0|0|0|3|0|244
ce:db:30:84:28:c0|0|2|0|0|0|0
68:ff:7b:c5:ca:c9|11|0|3|28|240|672
54:60:09:e2:ee:aa|0|12|0|0|0|0
1a:a5:c3:61:4f:b6|0|0|28|2|672|156
a4:50:46:4c:af:3b|2|4|120|81|23962|36977
00:08:10:80:dc:7a|0|2|0|0|0|0
b8:27:eb:81:9a:d6|0|4|0|0|0|0
f4:f5:d8:8d:f2:58|1|5|0|0|0|0
b4:e6:2d:f6:c8:79|0|1|0|5|0|532
c0:06:c3:8f:c0:7b|2|4|7|4|590|433
9a:08:ee:da:65:5d|0|6|0|0|0|0
44:07:0b:2f:49:8b|9|0|0|0|0|0
20:1f:3b:3a:bb:3d|7|0|0|0|0|0
f4:f5:d8:84:58:92|0|1|0|0|0|0
da:18:bc:cf:9f:15|0|1|0|0|0|0
01:00:5e:00:00:fa|0|0|0|2|0|228
8e:fb:2a:9f:9e:f5|0|3|0|0|0|0
00:08:07:76:35:b7|0|9|0|0|0|0
e4:5f:01:5c:9d:89|0|4|0|0|0|0
da:c7:14:94:b5:d2|0|1|0|0|0|0
4a:7c:e3:27:a9:6b|3|0|6|0|144|0
58:ef:68:2a:26:ec|0|0|0|6|0|144
46:17:6f:b5:a5:8c|1|0|0|0|0|0
da:a1:19:74:74:74|1|9|0|0|0|0
2e:e8:3b:7d:bb:10|2|12|0|0|0|0
08:9e:08:bc:6c:2b|0|6|0|0|0|0
2e:ac:13:2a:cc:f7|0|8|0|0|0|0
46:69:8d:16:98:e1|1|0|0|0|0|0
f2:73:c1:cc:0e:64|0|2|0|0|0|0
b8:27:eb:3b:22:38|0|1|0|0|0|0
5e:5c:9b:57:04:3f|1|0|0|0|0|0
ce:6a:38:ba:c4:7b|4|9|0|0|0|0
f0:ef:86:06:76:35|0|6|0|0|0|0
