85
b4:e6:2d:f6:c8:79
90:9a:4a:80:71:9a|1229|15|76|89|9059|9502
ff:ff:ff:ff:ff:ff|0|3400|0|49|0|9274
68:ff:7b:c5:ca:c9|653|0|4|0|312|0
20:aa:4b:5b:e6:4b|857|0|53|0|9743|0
90:9a:4a:80:85:9e|878|0|0|0|0|0
b0:a7:b9:89:64:1f|2|0|1|0|114|0
66:b4:bb:a8:a0:ed|0|2|0|0|0|0
56:01:0a:ef:39:30|0|5|0|0|0|0
2a:b4:82:6d:3c:a4|0|2|0|0|0|0
a0:78:17:a1:19:64|0|0|0|4|0|312
c0:06:c3:8f:c7:99|6|12|9|11|780|1308
28:6d:cd:09:2a:ea|0|0|28|14|6154|1701
e4:5f:01:5c:9d:89|0|2|0|0|0|0
fa:55:ab:d6:ea:ff|0|1|0|0|0|0
c0:06:c3:8f:c0:7b|5|10|11|13|1076|1532
7e:36:20:1d:86:9f|0|3|0|0|0|0
44:07:0b:2f:49:8b|12|0|0|0|0|0
9a:98:ce:3b:95:1e|0|4|0|0|0|0
0e:3c:53:dc:e1:9b|0|1|0|0|0|0
a4:50:46:4c:af:3b|4|17|41|28|1492|3308
f0:ef:86:06:76:35|0|2|0|0|0|0
da:64:a0:2e:3c:2d|0|3|0|0|0|0
f4:f5:d8:8d:f2:58|4|6|0|0|0|0
fe:db:3a:ba:9c:49|0|2|0|0|0|0
33:33:00:00:00:01|0|0|0|1|0|120
d8:ce:3a:d3:82:b4|0|5|0|0|0|0
7a:6f:d4:1a:f1:0b|0|4|0|0|0|0
b6:2f:5c:c9:be:61|0|2|0|0|0|0
be:5f:26:d5:a7:1c|0|1|0|0|0|0
01:00:5e:00:00:fa|0|0|0|2|0|228
cc:50:e3:f0:6b:20|0|0|0|1|0|159
b4:e6:2d:f6:c8:79|0|1|0|10|0|1210
e2:c6:ed:08:b3:5c|0|1|0|0|0|0
00:08:07:76:35:b7|0|3|0|0|0|0
d6:96:ec:e5:02:fd|2|4|0|0|0|0
1a:69:55:db:c5:24|0|2|0|0|0|0
96:cc:33:67:5f:56|0|7|0|0|0|0
ae:76:be:d0:e4:a9|0|3|0|0|0|0
ae:cb:07:4b:7f:4c|0|2|0|0|0|0
56:4c:bb:65:d1:77|0|3|0|0|0|0
da:bf:99:a4:86:43|0|2|0|0|0|0
08:9e:08:bc:6c:2b|0|2|0|0|0|0
9e:9c:04:75:f1:2b|0|4|0|0|0|0
38:f9:d3:b3:0c:da|2|0|0|0|0|0
01:00:5e:00:00:01|0|0|0|1|0|76
44:07:0b:70:9e:93|4|0|0|0|0|0
ae:8e:2a:4f:d4:00|0|1|0|0|0|0
6a:1b:71:9c:40:86|0|1|0|0|0|0
da:ce:0d:6d:d4:7c|0|4|0|0|0|0
b8:27:eb:81:9a:d6|0|3|0|0|0|0
2e:9c:f3:08:0b:6e|0|1|0|0|0|0
2a:d5:c4:48:51:56|0|6|0|0|0|0
9a:6e:95:03:19:c2|0|3|0|0|0|0
da:a1:19:e7:e7:e7|1|9|0|0|0|0
72:a7:ce:9f:74:ff|0|1|0|0|0|0
30:07:4d:83:4d:ce|0|22|0|0|0|0
44:af:28:c1:8e:00|0|2|0|0|0|0
12:bc:ec:13:53:43|0|1|0|0|0|0
6a:12:49:98:b6:c6|0|2|0|0|0|0
92:fe:df:63:f0:a2|0|7|0|0|0|0
d6:bc:2a:15:35:93|0|3|0|0|0|0
42:d9:fc:06:70:34|0|1|0|0|0|0
0e:4a:e6:23:c7:08|0|2|0|0|0|0
52:40:36:2a:a2:8f|0|3|0|0|0|0
16:80:5f:ea:83:ca|0|2|0|0|0|0
f0:ef:86:21:66:5f|0|1|0|0|0|0
82:9c:cc:4d:57:f1|0|2|0|0|0|0
fe:ec:73:09:0a:7b|0|1|0|0|0|0
06:70:c0:36:79:91|0|1|0|0|0|0
fa:b1:85:a8:da:70|0|2|0|0|0|0
3e:51:41:2d:38:88|0|1|0|0|0|0
5e:a7:40:52:0a:04|0|1|0|0|0|0
82:8b:b1:48:b0:f8|0|2|0|0|0|0
02:ff:eb:97:66:64|0|3|0|0|0|0
54:60:09:e2:ee:aa|0|15|0|0|0|0
8a:5e:08:ba:bc:d9|0|3|0|0|0|0
8a:9e:be:7e:fd:97|0|2|0|0|0|0
a4:02:b9:9a:55:06|0|4|0|0|0|0
c2:df:20:98:2a:b5|1|4|0|0|0|0
94:65:2d:d6:9c:46|0|3|0|0|0|0
22:fe:b4:21:b1:49|0|1|0|0|0|0
2e:1f:f9:40:2b:20|0|2|0|0|0|0
5e:0d:d7:68:87:8b|0|2|0|0|0|0
3a:a5:ac:46:c6:0b|0|2|0|0|0|0
76:01:46:5b:41:85|0|1|0|0|0|0
