69
b4:e6:2d:f6:c8:79
90:9a:4a:80:85:9e|1007|18|36|234|13513|5876
ff:ff:ff:ff:ff:ff|0|3099|0|50|0|9342
90:9a:4a:80:71:9a|1224|8|354|276|114276|58279
9e:ab:89:2d:82:91|3|11|228|9|5597|1982
20:aa:4b:5b:e6:4b|795|0|55|0|9874|0
68:ff:7b:c5:ca:c9|268|0|0|0|0|0
b4:e6:2d:f6:c8:79|0|2|0|3|0|376
f0:ef:86:05:a3:fa|0|16|0|0|0|0
00:08:07:76:35:b7|0|4|0|0|0|0
04:6c:59:1b:72:04|15|29|8|4|1143|1020
20:1f:3b:3a:bb:3d|5|0|0|0|0|0
28:6d:cd:09:2a:ea|0|0|35|5|7973|633
5a:1e:de:5d:ea:fa|0|1|0|0|0|0
42:73:e4:87:e7:3d|0|2|0|0|0|0
f4:f5:d8:8d:f2:58|0|5|0|0|0|0
f4:f5:d8:84:58:92|0|1|0|0|0|0
9e:e0:c7:4c:63:99|0|15|0|0|0|0
10:fe:ed:dd:08:06|1|0|0|0|0|0
9e:53:c7:24:d3:4f|0|2|0|0|0|0
24:77:03:d4:12:38|5|33|0|0|0|0
48:5a:b6:22:0c:7e|0|11|0|0|0|0
de:4b:15:89:46:e1|0|3|0|0|0|0
c0:06:c3:8f:c7:99|0|0|7|4|543|474
04:ea:56:43:69:3f|1|0|0|0|0|0
a4:50:46:4c:af:3b|4|6|224|317|48679|109462
86:cc:c0:1b:50:0c|0|4|0|0|0|0
e4:5f:01:5c:9d:89|0|3|0|0|0|0
01:00:5e:7f:ff:fa|0|0|0|23|0|11199
86:1e:4b:e2:80:e1|0|1|0|0|0|0
3c:8d:20:4f:d8:e9|1|0|0|0|0|0
ba:1d:88:be:67:52|1|3|0|0|0|0
c0:06:c3:8f:c0:7b|4|8|10|25|1084|3331
01:00:5e:00:00:16|0|0|0|2|0|176
8a:24:cf:57:55:14|0|1|0|0|0|0
22:48:f8:26:26:64|2|0|0|0|0|0
02:f4:e4:2e:4b:45|0|3|0|0|0|0
86:14:c2:72:c8:62|0|1|0|0|0|0
c2:24:94:6a:ea:a7|0|3|0|0|0|0
2e:be:54:f5:94:0e|0|2|0|0|0|0
3c:22:fb:60:87:53|0|3|0|0|0|0
44:07:0b:70:9e:93|1|0|0|0|0|0
74:eb:80:1d:42:94|5|5|0|0|0|0
01:00:5e:00:00:01|0|0|0|1|0|76
01:00:5e:00:00:fb|0|0|0|2|0|222
16:29:b1:2e:e3:72|0|1|0|0|0|0
3e:72:3d:31:17:de|0|10|0|0|0|0
36:81:72:96:90:9d|0|1|0|0|0|0
7a:a6:b8:8d:e8:ee|0|1|0|0|0|0
52:c7:f8:e8:1a:1d|0|1|0|0|0|0
70:5a:ac:63:41:02|1|3|0|0|0|0
52:c2:9f:b1:1d:0a|0|1|0|0|0|0
01:00:5e:00:00:fa|0|0|0|1|0|114
33:33:00:00:00:01|0|0|0|1|0|120
7e:0d:bc:26:3a:65|0|5|0|0|0|0
4e:11:e7:fe:9f:25|0|7|0|0|0|0
32:2f:0a:89:cf:42|0|1|0|0|0|0
46:17:6f:b5:a5:8c|3|0|0|0|0|0
fa:6c:bc:c6:53:ca|0|2|0|0|0|0
7c:b2:7d:d3:ca:b1|0|1|0|0|0|0
46:45:45:1e:b2:1c|0|1|0|0|0|0
82:c3:b1:71:bd:32|0|1|0|0|0|0
b2:d0:3d:d4:db:50|2|2|0|0|0|0
46:e6:6d:14:12:ce|0|1|0|0|0|0
54:60:09:e2:ee:aa|0|1|0|0|0|0
42:c9:ea:8e:a3:2e|0|1|0|0|0|0
b8:27:eb:81:9a:d6|0|1|0|0|0|0
2a:e2:63:58:bc:06|0|3|0|0|0|0
fe:ff:ff:2f:3d:48|0|1|0|0|0|0
88:e9:fe:55:63:6c|1|0|0|0|0|0
