34
b4:e6:2d:f6:b6:a5
d8:b6:b7:7a:3a:61|1217|0|13|72|1567|1961
ff:ff:ff:ff:ff:ff|0|3474|0|138|0|42314
68:02:b8:1e:7f:1f|1218|0|160|0|46279|0
6a:02:98:1e:7f:1f|1218|0|0|0|0|0
c8:66:5d:1f:4f:54|0|11|0|0|0|0
2c:db:07:46:b4:19|0|7|0|0|0|0
ea:68:c5:30:cb:05|1|0|0|0|0|0
b4:e6:2d:f6:b6:a5|0|1|0|3|0|390
bc:54:51:02:a4:f0|0|0|18|2|603|52
26:17:dc:59:74:f7|0|0|15|2|360|52
42:18:06:22:3b:63|0|7|0|0|0|0
a4:3e:a0:a4:2a:46|0|109|0|0|0|0
b6:40:b1:5b:e7:2f|0|6|0|0|0|0
70:ee:50:73:4e:36|0|0|8|0|208|0
b0:95:75:4b:b9:26|0|0|0|8|0|208
8a:5f:fe:d5:c9:b6|1|0|0|0|0|0
0e:26:0a:2f:38:6b|0|0|28|2|672|52
e6:35:23:4e:ab:99|0|0|11|1|326|26
4e:01:96:e7:83:ca|1|0|0|0|0|0
01:00:5e:00:00:fb|0|0|0|8|0|1558
33:33:00:00:00:fb|0|0|0|7|0|1608
33:33:00:00:00:16|0|0|0|2|0|248
01:00:5e:00:00:02|0|0|0|1|0|90
f0:5c:77:1a:f1:64|0|6|0|0|0|0
22:e1:8a:d9:a3:43|1|0|0|0|0|0
ba:9f:31:f7:09:ae|0|12|0|0|0|0
01:00:5e:00:00:01|0|0|0|1|0|88
6e:00:8a:67:06:05|1|7|0|0|0|0
2a:e0:57:97:c2:84|2|0|0|0|0|0
64:b3:10:aa:e3:3c|0|14|0|0|0|0
26:6f:1d:c2:e2:46|0|7|0|0|0|0
01:00:5e:7f:ff:fa|0|0|0|4|0|1016
2a:f2:b8:c9:87:c6|1|0|0|0|0|0
33:33:00:00:00:01|0|0|0|2|0|352
