39
b4:e6:2d:f6:b6:a5
68:02:b8:1e:7f:1f|1227|0|268|0|55001|0
ff:ff:ff:ff:ff:ff|0|3162|0|260|0|53840
6a:02:98:1e:7f:1f|1225|0|0|0|0|0
d8:b6:b7:7a:3a:61|1004|0|67|49|31282|7271
a4:3e:a0:a4:2a:46|0|111|0|0|0|0
bc:54:51:02:a4:f0|0|0|39|60|7023|30582
84:16:f9:07:68:71|0|11|0|0|0|0
64:b3:10:aa:e3:3c|0|25|0|0|0|0
4c:dd:31:1a:15:c8|0|13|0|0|0|0
00:1c:bf:52:98:29|0|6|0|0|0|0
f0:5c:77:1a:f1:64|0|1|0|0|0|0
e6:35:23:4e:ab:99|0|0|10|2|248|52
26:17:dc:59:74:f7|0|0|0|2|0|52
b4:e6:2d:f6:b6:a5|0|1|0|5|0|577
2c:db:07:46:b4:19|0|12|0|0|0|0
a2:36:bb:c6:a6:5f|2|3|0|0|0|0
8c:c5:b4:3b:6e:56|0|7|0|0|0|0
96:44:16:97:11:19|2|12|0|0|0|0
88:11:96:a5:f6:77|2|7|0|0|0|0
9a:1b:ae:65:d7:b5|0|2|0|0|0|0
33:33:00:00:00:01|0|0|0|3|0|584
ba:c0:2f:1d:2d:96|2|0|0|0|0|0
01:00:5e:7f:ff:fa|0|0|0|2|0|508
c6:76:6a:fb:2f:5c|3|4|0|0|0|0
e4:04:39:f7:f2:f9|2|0|0|0|0|0
f0:72:ea:da:42:c6|0|8|0|0|0|0
9e:3f:a6:94:22:06|1|7|0|0|0|0
06:4b:2e:7f:6a:82|0|4|0|0|0|0
5e:65:06:ee:1e:23|2|1|0|0|0|0
12:de:2a:7c:c5:53|0|4|0|0|0|0
cc:88:26:36:b9:a7|11|51|0|0|0|0
16:88:0a:a0:2b:81|0|2|0|0|0|0
32:17:39:15:96:d5|1|1|0|0|0|0
70:bc:10:16:23:53|0|13|0|0|0|0
01:00:5e:00:00:01|0|0|0|1|0|88
6e:9c:a9:74:9e:1d|0|2|0|0|0|0
0c:54:15:5d:f1:f6|0|1|0|0|0|0
d8:8c:79:90:f4:9b|0|7|0|0|0|0
fe:60:03:e4:45:5e|0|6|0|0|0|0
