30
b4:e6:2d:f6:b6:a5
68:02:b8:1e:7f:1f|1290|0|219|12|46635|364
ff:ff:ff:ff:ff:ff|0|2369|0|132|0|12282
6a:02:98:1e:7f:1f|1271|0|0|0|0|0
b4:e6:2d:f6:b6:a5|0|2|0|4|0|482
80:58:f8:93:88:29|0|0|12|4|364|451
01:00:5e:00:00:fb|0|0|0|1|0|181
33:33:00:00:00:fb|0|0|0|1|0|201
01:00:5e:7f:ff:fa|0|0|0|60|0|30806
4e:9b:05:55:9f:ce|8|17|0|0|0|0
4e:64:7f:fd:af:4c|3|18|0|0|0|0
02:00:00:00:00:00|3|30|0|0|0|0
a4:3e:a0:a4:2a:46|0|54|0|0|0|0
16:8b:95:d4:cf:84|0|12|0|0|0|0
02:af:c0:00:56:80|1|18|0|0|0|0
9a:1f:69:0b:cb:ff|2|6|0|0|0|0
fe:59:0d:34:cb:2e|0|6|0|0|0|0
33:33:00:00:00:01|0|0|0|3|0|584
33:33:00:00:00:02|0|0|0|1|0|96
33:33:ff:1e:b6:60|0|0|0|1|0|112
10:1c:0c:1a:10:10|2|0|0|0|0|0
4e:9b:05:d9:ae:cd|1|0|0|0|0|0
0a:b7:07:1e:46:6a|2|6|0|0|0|0
64:b3:10:aa:e3:3c|0|12|0|0|0|0
33:33:ff:9a:ef:df|0|0|0|9|0|1080
3e:81:ca:bf:56:6b|0|0|1|0|24|0
18:35:d1:f0:ba:89|0|0|0|1|0|24
48:f0:7b:85:41:bc|1|6|0|0|0|0
46:64:82:10:c4:71|2|12|0|0|0|0
1a:87:40:36:96:b7|0|18|0|0|0|0
33:33:ff:a9:73:b6|0|0|0|3|0|360
