29
b4:e6:2d:f6:b6:a5
68:02:b8:1e:7f:1f|1364|0|440|0|97273|0
ff:ff:ff:ff:ff:ff|0|2368|0|298|0|57629
6a:02:98:1e:7f:1f|1361|0|0|0|0|0
01:00:5e:00:00:fb|0|0|0|21|0|2531
33:33:00:00:00:fb|0|0|0|18|0|2534
b4:e6:2d:f6:b6:a5|0|2|0|4|0|516
33:33:00:01:00:03|0|0|0|13|0|1609
3e:5f:b9:d4:b1:cf|4|6|0|0|0|0
01:00:5e:00:00:fc|0|0|0|13|0|1349
a4:3e:a0:a4:2a:46|0|137|0|0|0|0
01:00:5e:7f:ff:fa|0|0|0|60|0|29431
7c:1c:4e:74:5f:32|0|18|0|0|0|0
0e:df:05:1a:61:ab|15|30|0|0|0|0
b6:e7:23:9e:83:f2|0|6|0|0|0|0
54:2a:a2:48:a3:f0|0|47|0|0|0|0
33:33:00:00:00:16|0|0|0|5|0|620
01:00:5e:00:00:16|0|0|0|5|0|470
5c:f8:21:84:a4:31|0|6|0|0|0|0
10:1c:0c:1a:10:10|2|36|0|0|0|0
7e:d9:da:5d:e0:b2|0|6|0|0|0|0
4e:9b:05:55:9f:ce|3|54|0|0|0|0
64:b3:10:aa:e3:3c|0|6|0|0|0|0
c8:66:5d:1f:4f:54|0|6|0|0|0|0
