58
b4:e6:2d:f6:b6:a5
68:02:b8:1e:7f:1f|1404|0|508|12|109205|312
ff:ff:ff:ff:ff:ff|0|3457|0|359|0|63844
6a:02:98:1e:7f:1f|1404|0|0|0|0|0
d8:b6:b7:7a:3a:61|1291|0|13|94|1523|2699
a4:3e:a0:a4:2a:46|0|112|0|0|0|0
01:00:5e:7f:ff:fa|0|0|0|122|0|41528
80:1f:02:b4:07:ae|0|0|12|0|312|0
a6:9f:cd:d2:fa:e1|1|13|0|0|0|0
e6:35:23:4e:ab:99|0|0|41|1|1427|26
0e:26:0a:2f:38:6b|0|0|28|0|672|0
92:36:ab:ab:e2:f9|2|14|0|0|0|0
1a:5f:78:c3:8f:7b|0|1|0|0|0|0
01:00:5e:00:00:fb|0|0|0|16|0|2419
54:2a:a2:48:a3:f0|0|88|0|0|0|0
33:33:00:00:00:fb|0|0|0|9|0|1719
33:33:00:00:00:16|0|0|0|2|0|248
01:00:5e:00:00:02|0|0|0|1|0|90
26:17:dc:59:74:f7|0|0|25|2|600|52
26:94:9b:c4:cd:39|2|3|0|0|0|0
b4:e6:2d:f6:b6:a5|0|2|0|4|0|482
ee:a1:34:88:2f:52|1|7|0|0|0|0
06:dd:c6:3e:d2:40|2|14|0|0|0|0
5a:b1:eb:bf:db:07|0|4|0|0|0|0
16:e0:a2:f6:24:e9|0|13|0|0|0|0
bc:54:51:02:a4:f0|0|0|0|2|0|52
f8:77:b8:53:10:e8|10|95|0|0|0|0
26:03:62:d1:cb:51|1|6|0|0|0|0
c8:66:5d:1f:4f:54|0|6|0|0|0|0
1a:42:9d:db:5d:32|2|11|0|0|0|0
3a:75:15:62:ab:43|1|14|0|0|0|0
96:0e:92:e5:a9:e6|0|7|0|0|0|0
22:70:c9:29:97:81|0|6|0|0|0|0
b6:09:2c:70:04:e3|1|18|0|0|0|0
96:9b:81:f5:fe:b0|1|14|0|0|0|0
ca:5c:9c:84:92:84|0|11|0|0|0|0
01:00:5e:00:00:16|0|0|0|2|0|180
d6:bb:22:76:c8:5d|2|13|0|0|0|0
8e:b8:2d:37:e2:0d|0|20|0|0|0|0
96:5e:6d:39:75:a4|0|7|0|0|0|0
64:b3:10:aa:e3:3c|0|15|0|0|0|0
7e:03:d7:dc:d1:60|2|12|0|0|0|0
be:24:14:08:09:4d|0|17|0|0|0|0
06:4c:06:0c:64:35|0|6|0|0|0|0
da:d4:86:ba:d7:1e|2|14|0|0|0|0
ba:92:15:d0:f1:0a|2|7|0|0|0|0
1a:7b:45:00:65:44|0|7|0|0|0|0
4a:ed:d9:8d:62:cf|0|10|0|0|0|0
32:22:b2:c9:81:7e|1|7|0|0|0|0
0a:46:9a:f7:50:ad|0|7|0|0|0|0
aa:e9:67:ef:72:c7|0|12|0|0|0|0
8e:46:de:17:c9:00|2|14|0|0|0|0
7a:73:6d:50:93:ac|0|7|0|0|0|0
9e:00:d5:31:35:a2|1|8|0|0|0|0
aa:d3:07:fc:49:26|0|6|0|0|0|0
01:00:5e:00:00:01|0|0|0|1|0|88
de:a7:ec:9e:fa:23|0|7|0|0|0|0
6e:d7:f6:72:a1:5a|2|14|0|0|0|0
92:fb:06:67:1c:52|2|13|0|0|0|0
