30
b4:e6:2d:f6:b6:a5
d8:b6:b7:7a:3a:61|1029|0|17|100|2560|2579
ff:ff:ff:ff:ff:ff|0|3279|0|138|0|42372
68:02:b8:1e:7f:1f|1242|0|147|0|43659|0
6a:02:98:1e:7f:1f|1241|0|0|0|0|0
b4:e6:2d:f6:b6:a5|0|2|0|6|0|703
0e:26:0a:2f:38:6b|0|0|27|2|648|52
a4:3e:a0:a4:2a:46|0|93|0|0|0|0
e6:35:23:4e:ab:99|0|0|8|2|200|52
26:17:dc:59:74:f7|0|0|45|1|1080|26
bc:54:51:02:a4:f0|0|0|20|2|651|52
ba:9f:31:f7:09:ae|0|34|0|0|0|0
ca:aa:1c:d0:dc:2c|2|24|0|0|0|0
c8:66:5d:1f:4f:54|0|18|0|0|0|0
70:ee:50:73:4e:36|0|0|24|0|624|0
b0:95:75:4b:b9:26|0|0|0|24|0|624
33:33:00:00:00:01|0|0|0|3|0|584
c2:64:36:61:3a:e7|0|7|0|0|0|0
8e:ce:84:5f:9c:42|1|26|0|0|0|0
8a:b2:5e:25:3c:a3|2|0|0|0|0|0
01:00:5e:7f:ff:fa|0|0|0|4|0|1016
d8:8c:79:90:f4:9b|0|7|0|0|0|0
01:00:5e:00:00:fb|0|0|0|3|0|651
33:33:00:00:00:fb|0|0|0|3|0|711
4a:09:56:7a:20:50|2|7|0|0|0|0
4a:6c:1d:cb:b2:51|1|6|0|0|0|0
c2:34:7d:3d:06:fb|0|2|0|0|0|0
be:75:47:38:9c:90|2|6|0|0|0|0
64:b3:10:aa:e3:3c|0|15|0|0|0|0
56:af:05:3e:88:46|2|0|0|0|0|0
d6:cd:4d:dc:0e:46|2|0|0|0|0|0
