39
b4:e6:2d:f6:c8:79
90:9a:4a:80:71:9a|1341|7|63|21|5724|1864
ff:ff:ff:ff:ff:ff|0|2594|0|60|0|7190
90:9a:4a:80:85:9e|1161|0|12474|114|11198712|4017
9e:ab:89:2d:82:91|0|9|114|12474|4017|11198712
20:aa:4b:5b:e6:4b|166|0|20|0|4082|0
b4:e6:2d:f6:c8:79|0|3|0|13|0|1730
68:ff:7b:c5:ca:c9|113|0|0|0|0|0
56:f7:b0:2c:66:fc|9|32|0|0|0|0
54:60:09:e2:ee:aa|0|7|0|0|0|0
44:07:0b:70:9e:93|3|0|0|0|0|0
54:2a:a2:73:c6:e9|4|33|0|0|0|0
9a:91:11:d8:72:ce|5|60|0|0|0|0
f4:f5:d8:8d:f2:58|5|4|0|0|0|0
c0:06:c3:8f:c0:7b|6|13|10|2|1084|156
b8:27:eb:81:9a:d6|0|1|0|0|0|0
48:5a:b6:22:0c:7e|0|5|0|0|0|0
c0:06:c3:8f:c7:99|0|0|8|2|702|156
f0:ef:86:06:76:35|0|1|0|0|0|0
50:e0:85:84:55:94|3|19|0|0|0|0
28:6d:cd:09:2a:ea|1|3|3|0|78|0
ec:5c:68:84:b1:4b|2|6|0|0|0|0
01:00:5e:00:00:fa|0|0|0|1|0|114
