43
b4:e6:2d:f6:c8:79
90:9a:4a:80:85:9e|1120|0|0|0|0|0
ff:ff:ff:ff:ff:ff|0|2591|0|30|0|4833
90:9a:4a:80:71:9a|1340|16|309|210|189008|23771
68:ff:7b:c5:ca:c9|185|0|8|56|878|1344
ec:5c:68:84:b1:4b|3|27|0|0|0|0
20:aa:4b:5b:e6:4b|125|0|32|10|6459|312
a0:78:17:a1:19:64|0|0|25|4|600|387
b4:e6:2d:f6:c8:79|0|2|0|4|0|454
1a:a5:c3:61:4f:b6|0|1|31|2|744|156
50:e0:85:84:55:94|17|86|0|0|0|0
a4:50:46:4c:af:3b|7|19|178|288|18780|186650
28:6d:cd:09:2a:ea|0|0|16|4|3486|474
00:08:07:76:35:b7|0|2|0|0|0|0
da:a1:19:39:83:da|2|0|0|0|0|0
74:eb:80:1d:42:94|1|27|0|0|0|0
e6:1d:78:73:e4:e3|0|2|10|1|312|1550
c0:06:c3:8f:c7:99|4|8|7|4|612|474
44:07:0b:89:e4:ab|5|0|0|0|0|0
01:00:5e:00:00:01|0|0|0|2|0|160
c0:06:c3:8f:c0:7b|5|8|9|9|893|956
16:48:89:54:8f:c1|0|0|3|0|72|0
50:1c:bf:e2:f2:b0|0|0|0|3|0|72
d6:af:8f:f2:5b:7d|1|3|0|0|0|0
44:07:0b:70:9e:93|3|0|0|0|0|0
32:ee:58:d4:cc:57|2|6|0|0|0|0
9a:3e:6c:fb:98:23|2|3|0|0|0|0
7c:2e:bd:f4:94:ee|8|0|0|0|0|0
b8:27:eb:81:9a:d6|0|2|0|0|0|0
1c:bf:ce:e3:fb:45|0|6|0|0|0|0
32:10:f9:3d:56:69|1|0|0|0|0|0
02:00:00:00:00:00|1|1|0|0|0|0
f0:ef:86:06:76:35|0|1|0|0|0|0
92:4c:6d:9e:6c:f2|1|0|0|0|0|0
44:07:0b:2f:49:8b|7|0|0|0|0|0
ba:94:f5:9c:3b:e5|0|13|0|0|0|0
22:26:c1:f6:71:41|0|1|0|0|0|0
f4:f5:d8:8d:f2:58|2|5|0|0|0|0
0a:a0:57:17:d0:43|0|1|0|0|0|0
5e:0b:9a:8e:5a:78|1|2|0|0|0|0
54:60:09:e2:ee:aa|0|2|0|0|0|0
e6:09:33:6a:b6:d7|0|1|0|0|0|0
30:07:4d:83:4d:ce|0|7|0|0|0|0
01:00:5e:7f:ff:fa|0|0|0|1|0|251
