33
b4:e6:2d:f6:c8:79
90:9a:4a:80:85:9e|1125|0|3|10|234|240
ff:ff:ff:ff:ff:ff|0|3437|0|24|0|3209
90:9a:4a:80:71:9a|1330|7|18|36|2026|1736
20:aa:4b:5b:e6:4b|652|0|26|0|3437|0
68:ff:7b:c5:ca:c9|518|0|0|0|0|0
76:78:27:bc:20:c6|0|12|0|0|0|0
b4:e6:2d:f6:c8:79|0|2|0|14|0|1714
b8:27:eb:81:9a:d6|0|3|0|0|0|0
44:07:0b:6c:b6:e3|3|0|0|0|0|0
c0:06:c3:8f:c0:7b|6|12|5|2|228|156
8a:03:b0:9a:14:65|0|1|0|0|0|0
20:1f:3b:3a:bb:3d|31|129|0|0|0|0
3c:8d:20:4f:d8:e9|5|0|0|0|0|0
a4:50:46:4c:af:3b|1|1|20|0|728|0
62:c3:f9:e3:18:70|0|2|0|0|0|0
da:a1:19:c7:c7:c7|0|3|0|0|0|0
20:df:b9:ac:28:3b|4|0|0|0|0|0
50:e0:85:84:55:94|6|19|0|0|0|0
c0:06:c3:8f:c7:99|0|0|8|2|702|156
1c:bf:ce:e3:fb:45|0|6|0|0|0|0
22:48:f8:26:26:64|0|3|0|0|0|0
f4:f5:d8:8d:f2:58|2|4|0|0|0|0
9e:ab:89:2d:82:91|0|0|10|3|240|234
