47
b4:e6:2d:f6:c8:79
90:9a:4a:80:85:9e|1094|7|60|189|25941|4914
ff:ff:ff:ff:ff:ff|0|3033|0|2|0|361
90:9a:4a:80:71:9a|1327|4|32|59|3823|9632
20:aa:4b:5b:e6:4b|328|0|3|0|520|0
68:ff:7b:c5:ca:c9|503|0|7|0|891|0
04:6c:59:1b:72:04|8|23|189|4|4914|312
08:9e:08:49:f2:bd|0|4|0|0|0|0
54:2a:a2:73:c6:e9|20|57|0|0|0|0
c0:06:c3:8f:c7:99|0|0|10|6|870|711
b4:e6:2d:f6:c8:79|0|5|0|6|0|622
c0:06:c3:8f:c0:7b|4|7|11|11|1140|1221
28:6d:cd:09:2a:ea|0|0|34|9|7310|1269
9a:d5:f2:19:65:87|0|10|0|0|0|0
a6:23:9c:e5:b4:cb|6|49|0|0|0|0
da:a1:19:4e:a2:c7|1|11|0|0|0|0
1c:bf:ce:e3:fb:45|0|7|0|0|0|0
34:2e:b7:95:ee:df|0|8|0|0|0|0
00:08:07:76:35:b7|0|8|0|0|0|0
a4:50:46:4c:af:3b|0|0|4|0|312|0
26:b7:60:32:44:eb|0|2|0|0|0|0
01:00:5e:7f:ff:fa|0|0|0|55|0|25545
cc:50:e3:f0:6b:20|0|0|0|1|0|159
