39
b4:e6:2d:f6:c8:79
90:9a:4a:80:85:9e|866|0|7|0|546|0
ff:ff:ff:ff:ff:ff|0|3129|0|53|0|9819
20:aa:4b:5b:e6:4b|826|0|69|1|13957|78
90:9a:4a:80:71:9a|1251|10|48|79|5562|10119
68:ff:7b:c5:ca:c9|468|0|14|0|5241|0
c0:06:c3:8f:c7:99|6|12|10|6|939|711
80:91:33:25:67:05|0|156|0|0|0|0
b4:e6:2d:f6:c8:79|0|2|0|5|0|549
b8:27:eb:81:9a:d6|0|1|0|0|0|0
44:07:0b:2f:49:8b|8|0|0|0|0|0
20:f4:78:24:ce:e8|3|11|0|0|0|0
01:00:5e:00:00:fb|0|0|0|17|0|4725
28:6d:cd:09:2a:ea|0|0|29|5|6244|633
44:07:0b:6c:b6:e3|5|0|0|0|0|0
9e:ab:89:2d:82:91|0|38|0|7|0|546
01:00:5e:7f:ff:fa|0|0|0|8|0|4146
f0:ef:86:06:76:35|0|21|0|0|0|0
9e:d7:03:6a:94:6c|0|3|0|0|0|0
a4:50:46:4c:af:3b|0|0|29|8|1762|768
33:33:00:00:00:01|0|0|0|1|0|120
38:8b:59:29:24:78|1|0|0|0|0|0
e4:5f:01:5c:9d:89|0|2|0|0|0|0
7c:2e:bd:f4:94:ee|10|0|0|0|0|0
c0:06:c3:8f:c0:7b|4|8|11|24|1174|2901
f4:f5:d8:8d:f2:58|5|4|0|0|0|0
30:07:4d:83:4d:ce|0|1|0|0|0|0
42:37:ec:c4:81:36|0|3|0|0|0|0
01:00:5e:00:00:fa|0|0|0|2|0|228
e6:1d:78:73:e4:e3|0|0|1|0|78|0
54:60:09:e2:ee:aa|0|3|0|0|0|0
00:08:07:76:35:b7|0|8|0|0|0|0
08:9e:08:bc:6c:2b|0|4|0|0|0|0
44:07:0b:70:9e:93|3|0|0|0|0|0
be:cc:5c:46:db:6f|0|5|0|0|0|0
01:00:5e:00:00:01|0|0|0|2|0|160
b0:35:9f:5d:a6:65|0|30|0|0|0|0
1c:bf:ce:e3:fb:45|0|2|0|0|0|0
fe:c0:8e:6a:21:cc|0|4|0|0|0|0
38:f9:d3:b3:0c:da|1|0|0|0|0|0
