47
b4:e6:2d:f6:c8:79
90:9a:4a:80:71:9a|1210|10|20|33|2382|5189
ff:ff:ff:ff:ff:ff|0|3279|0|54|0|9351
b4:e6:2d:f6:c8:79|0|5|0|6|0|1175
90:9a:4a:80:85:9e|1273|0|37|0|16756|0
20:aa:4b:5b:e6:4b|682|0|53|0|9377|0
3c:8d:20:4f:d8:e9|2|0|0|0|0|0
38:00:25:e8:2f:88|0|26|0|0|0|0
68:ff:7b:c5:ca:c9|327|0|0|0|0|0
01:00:5e:00:00:01|0|0|0|1|0|84
28:6d:cd:09:2a:ea|0|0|15|3|3418|315
4a:94:b2:7d:3b:5a|1|12|0|0|0|0
c0:06:c3:8f:c7:99|6|12|8|3|687|234
06:c0:42:78:cc:8d|2|10|0|0|0|0
ac:d1:b8:8d:4b:a1|0|2|0|0|0|0
46:7c:69:b8:b8:ce|0|10|0|0|0|0
08:9e:08:bc:6c:2b|0|1|0|0|0|0
72:53:34:10:ef:f5|0|3|0|0|0|0
f4:f5:d8:8d:f2:58|1|3|0|0|0|0
9e:ab:89:2d:82:91|0|0|0|6|0|674
80:91:33:25:67:05|8|100|0|0|0|0
f0:ef:86:06:76:35|2|13|0|0|0|0
01:00:5e:7f:ff:fa|0|0|0|30|0|15998
c0:06:c3:8f:c0:7b|4|8|10|4|1084|336
7c:2e:bd:f4:94:ee|7|0|0|0|0|0
20:f4:78:24:ce:e8|0|7|0|0|0|0
44:07:0b:2f:49:8b|2|0|0|0|0|0
b4:75:0e:da:6c:72|1|0|0|0|0|0
b4:75:0e:da:6c:73|1|0|0|0|0|0
01:00:5e:00:00:fa|0|0|0|2|0|228
ac:67:84:52:fe:0b|1|0|0|0|0|0
9e:f4:cd:ef:c3:7c|0|1|0|0|0|0
66:9a:ec:89:20:9e|0|3|0|0|0|0
33:33:00:00:00:01|0|0|0|1|0|120
a6:7f:b4:5a:bd:19|0|3|0|0|0|0
f0:ef:86:21:66:5f|0|3|0|0|0|0
44:07:0b:6c:b6:e3|3|0|0|0|0|0
fe:2b:2a:ab:36:1a|0|8|0|0|0|0
22:e7:1b:ff:55:a4|0|3|0|0|0|0
ee:a3:94:eb:a5:9f|2|0|0|0|0|0
aa:f1:42:b0:5e:e6|0|3|0|0|0|0
da:a1:19:5d:2a:9f|0|1|0|0|0|0
da:a1:19:47:64:11|0|2|0|0|0|0
1a:48:6c:14:cf:3f|0|1|0|0|0|0
20:1f:3b:3a:bb:3d|1|0|0|0|0|0
7c:b2:7d:b9:2a:71|0|3|0|0|0|0
c2:ef:65:bd:87:91|0|3|0|0|0|0
3e:35:33:bd:a3:5e|0|1|0|0|0|0
