47
b4:e6:2d:f6:c8:79
90:9a:4a:80:85:9e|1006|0|0|0|0|0
ff:ff:ff:ff:ff:ff|0|2680|0|36|0|6697
20:aa:4b:5b:e6:4b|548|0|34|0|6290|0
48:5a:b6:22:0c:7e|0|43|0|0|0|0
90:9a:4a:80:71:9a|1343|5|14|25|1522|2900
54:2a:a2:73:c6:e9|11|119|0|0|0|0
b4:e6:2d:f6:c8:79|0|1|0|5|0|549
6a:a7:b9:89:64:11|1|0|2|0|188|0
7a:0e:57:a2:84:e4|0|5|0|0|0|0
a4:50:46:4c:af:3b|0|0|3|0|234|0
c0:06:c3:8f:c7:99|2|4|5|2|240|237
c0:06:c3:8f:c0:7b|3|8|9|4|758|421
04:ea:56:43:69:3f|1|0|0|0|0|0
28:6d:cd:09:2a:ea|0|0|8|3|1668|315
a8:6d:aa:73:88:1d|1|47|0|0|0|0
54:60:09:e2:ee:aa|0|7|0|0|0|0
44:07:0b:2f:49:8b|12|0|0|0|0|0
68:ff:7b:c5:ca:c9|53|0|0|0|0|0
e4:5f:01:78:c0:dc|0|2|0|0|0|0
b0:a7:b9:89:64:1f|3|0|1|0|339|0
e4:5f:01:5c:9d:89|0|1|0|0|0|0
c2:92:87:7e:94:51|0|1|0|0|0|0
50:eb:71:d0:6d:35|0|6|0|0|0|0
4a:7c:e3:27:a9:6b|1|0|0|0|0|0
74:df:bf:45:ac:65|0|1|0|0|0|0
44:07:0b:70:9e:93|4|0|0|0|0|0
7c:d9:5c:62:1d:99|1|0|0|0|0|0
50:e0:85:84:55:94|2|8|0|0|0|0
be:6a:cd:5f:bc:29|0|4|0|0|0|0
08:9e:08:bc:6c:2b|0|1|0|0|0|0
4e:bf:22:bc:e1:e4|0|3|0|0|0|0
fe:5c:15:ac:1e:d3|0|1|0|0|0|0
92:8c:c4:2b:2f:3c|0|12|0|0|0|0
92:dc:39:fd:e2:f4|0|4|0|0|0|0
0e:db:76:66:a9:89|0|3|0|0|0|0
aa:64:2f:e4:58:33|0|1|0|0|0|0
6e:35:02:3e:02:5e|0|1|0|0|0|0
1a:6b:e4:f7:ac:ca|0|2|0|0|0|0
56:68:61:2c:82:5b|0|3|0|0|0|0
33:33:00:00:00:01|0|0|0|1|0|120
44:07:0b:89:e4:ab|4|0|0|0|0|0
f4:f5:d8:8d:f2:58|3|6|0|0|0|0
f0:f6:c1:d5:cb:42|0|3|0|0|0|0
a0:2c:36:28:1e:19|0|6|0|0|0|0
38:00:25:e8:2f:88|1|0|0|0|0|0
f0:ef:86:21:66:5f|0|3|0|0|0|0
20:f4:78:24:ce:e8|0|9|0|0|0|0
