108
b4:e6:2d:f6:c8:79
90:9a:4a:80:71:9a|1303|8|9|27|844|4036
ff:ff:ff:ff:ff:ff|0|2453|0|3|0|604
28:6d:cd:09:2a:ea|0|0|10|2|2409|156
90:9a:4a:80:85:9e|1413|0|4|0|318|0
b4:e6:2d:f6:c8:79|0|3|0|3|0|376
20:aa:4b:5b:e6:4b|210|0|3|0|604|0
f0:ef:86:06:76:35|0|5|0|0|0|0
80:91:33:25:67:05|16|109|0|0|0|0
0e:57:a2:77:01:a5|0|1|0|0|0|0
ee:9d:50:89:94:78|0|1|0|0|0|0
16:c2:d1:2e:cb:62|0|1|0|0|0|0
68:ff:7b:c5:ca:c9|3|0|0|0|0|0
44:07:0b:89:e4:ab|39|35|0|0|0|0
82:02:b7:17:1f:d3|0|1|0|0|0|0
da:a1:19:3a:43:fb|0|2|0|0|0|0
38:00:25:e8:2f:88|0|34|0|0|0|0
ce:d5:4a:55:96:72|0|1|0|0|0|0
f4:f5:d8:8d:f2:58|0|7|0|0|0|0
92:47:fd:94:15:29|0|8|0|0|0|0
e2:d1:4a:ca:ec:2b|2|14|0|0|0|0
52:44:c2:42:a8:64|0|1|0|0|0|0
7e:c6:87:4d:03:40|0|6|0|0|0|0
c0:06:c3:8f:c7:99|4|7|8|2|702|156
2e:40:db:b9:7a:f0|0|6|0|0|0|0
c6:e0:bc:65:51:5d|0|1|0|0|0|0
42:14:45:48:d5:03|0|1|0|0|0|0
46:3b:78:62:ec:7e|2|0|0|0|0|0
54:60:09:e2:ee:aa|0|8|0|0|0|0
3e:fb:94:7f:14:9b|0|1|0|0|0|0
06:40:9c:47:c0:db|0|10|0|0|0|0
96:ab:84:a7:f2:88|0|3|0|0|0|0
02:ef:7e:20:2d:49|0|3|0|0|0|0
f2:e5:ee:e5:8a:c5|0|6|0|0|0|0
d6:ea:91:bb:ec:96|1|6|0|0|0|0
44:07:0b:2f:49:8b|9|0|0|0|0|0
c0:06:c3:8f:c0:7b|4|8|9|2|925|156
9e:ab:89:2d:82:91|0|0|0|3|0|234
a0:c9:a0:c1:eb:b8|0|2|0|0|0|0
ae:e0:32:fd:0d:de|0|12|0|0|0|0
3a:bb:c6:6b:0a:c3|0|1|0|0|0|0
3c:8d:20:4f:d8:e9|3|0|0|0|0|0
52:eb:cc:20:d7:0a|0|6|0|0|0|0
b8:27:eb:81:9a:d6|0|1|0|0|0|0
82:ef:48:9e:92:e8|1|12|0|0|0|0
ba:3d:0d:b5:fe:9b|0|2|0|0|0|0
12:e8:29:e4:16:89|1|0|0|0|0|0
46:24:2d:73:ba:b6|0|10|0|0|0|0
84:d8:1b:29:48:82|1|0|0|0|0|0
f6:22:a5:fe:45:fa|0|1|0|0|0|0
1a:57:2c:b6:92:d1|0|11|0|0|0|0
0a:35:1e:79:a6:de|0|1|0|0|0|0
f6:5f:4e:a0:14:41|0|1|0|0|0|0
9a:fa:ca:b9:74:4b|0|3|0|0|0|0
9a:78:75:05:be:2e|0|1|0|0|0|0
8a:af:11:bb:ea:9f|0|3|0|0|0|0
8a:e8:33:6f:06:3d|0|2|0|0|0|0
5e:ed:f8:19:f0:91|0|3|0|0|0|0
1a:3a:63:9e:4c:27|0|2|0|0|0|0
96:02:99:83:37:b3|1|8|0|0|0|0
01:00:5e:00:00:01|0|0|0|1|0|84
56:67:b9:12:0a:29|1|6|0|0|0|0
56:f1:31:6e:fc:d7|0|3|0|0|0|0
c6:72:02:47:57:20|0|4|0|0|0|0
f6:f8:ec:ff:85:b5|0|12|0|0|0|0
2e:d6:21:3a:2d:61|0|3|0|0|0|0
66:b9:dd:35:2b:99|0|1|0|0|0|0
76:56:92:04:b4:7e|0|1|0|0|0|0
96:aa:ff:ed:0a:1b|1|6|0|0|0|0
a6:de:d8:9a:b0:24|0|6|0|0|0|0
96:98:7c:27:40:fe|1|6|0|0|0|0
16:b9:53:e3:18:23|0|2|0|0|0|0
50:e0:85:84:55:94|5|19|0|0|0|0
be:29:d0:b8:a9:9c|0|2|0|0|0|0
52:87:5c:dc:db:b3|2|13|0|0|0|0
ba:a9:11:8b:c0:d9|0|1|0|0|0|0
1e:db:d2:e7:6e:45|1|17|0|0|0|0
aa:54:1c:5e:6a:ac|0|2|0|0|0|0
82:71:7f:37:9f:af|0|3|0|0|0|0
fe:16:15:f8:2e:23|0|5|0|0|0|0
1a:07:55:93:f2:07|0|1|0|0|0|0
8a:8d:81:a4:7a:81|0|12|0|0|0|0
e2:39:42:e5:aa:1e|0|7|0|0|0|0
96:74:0e:81:9d:9a|2|9|0|0|0|0
76:33:f2:3c:a9:19|0|1|0|0|0|0
ca:90:88:9c:c9:a4|0|2|0|0|0|0
fa:50:f6:2b:de:43|0|1|0|0|0|0
5e:d7:7f:0f:76:2a|0|1|0|0|0|0
2e:ba:16:2c:0b:dd|0|5|0|0|0|0
36:03:de:09:c8:db|0|3|0|0|0|0
36:67:84:b3:bc:17|0|2|0|0|0|0
ca:be:e0:cf:89:eb|0|1|0|0|0|0
b6:21:68:c2:b3:a0|0|5|0|0|0|0
5a:2b:f6:83:12:65|0|3|0|0|0|0
72:23:6e:60:c8:9a|0|1|0|0|0|0
02:00:00:00:00:00|0|2|0|0|0|0
ba:61:58:c0:36:0a|0|1|0|0|0|0
66:5c:97:a0:14:ee|0|5|0|0|0|0
f6:fc:71:e4:d5:04|0|4|0|0|0|0
