37
b4:e6:2d:f6:c8:79
9e:ab:89:2d:82:91|0|0|10|4|240|312
90:9a:4a:80:85:9e|1134|0|4|10|312|240
90:9a:4a:80:71:9a|1190|2|30|71|3906|10642
ff:ff:ff:ff:ff:ff|0|2416|0|53|0|9986
68:ff:7b:c5:ca:c9|68|0|4|0|312|0
28:6d:cd:09:2a:ea|0|0|30|3|6654|315
20:aa:4b:5b:e6:4b|114|0|56|0|10334|0
00:08:07:76:35:b7|0|6|0|0|0|0
b4:e6:2d:f6:c8:79|0|1|0|4|0|454
a4:50:46:4c:af:3b|0|0|12|3|520|531
f0:ef:86:05:a3:fa|0|26|0|0|0|0
1a:a5:c3:61:4f:b6|0|0|0|4|0|312
a0:2c:36:28:1e:19|0|15|0|0|0|0
c0:06:c3:8f:c7:99|0|0|8|4|702|474
01:00:5e:00:00:fa|0|0|0|2|0|228
10:fe:ed:dd:08:06|1|0|0|0|0|0
0e:5b:b2:f5:29:90|0|3|0|0|0|0
f0:ef:86:06:76:35|0|2|0|0|0|0
c0:06:c3:8f:c0:7b|2|4|21|16|2766|2132
44:07:0b:70:9e:93|7|0|0|0|0|0
20:1f:3b:3a:bb:3d|1|0|0|0|0|0
f0:ef:86:21:66:5f|0|1|0|0|0|0
4e:9e:2a:87:0d:df|0|2|0|0|0|0
