35
b4:e6:2d:f6:c8:79
90:9a:4a:80:85:9e|1011|0|2|12|156|288
ff:ff:ff:ff:ff:ff|0|2894|0|44|0|7046
90:9a:4a:80:71:9a|1185|2|24|53|2901|8115
68:ff:7b:c5:ca:c9|114|0|2|0|162|0
ba:64:e4:3a:18:23|0|1|0|0|0|0
20:aa:4b:5b:e6:4b|630|0|44|0|7084|0
b4:e6:2d:f6:c8:79|0|1|0|3|0|376
28:6d:cd:09:2a:ea|0|0|27|4|6076|474
14:c1:4e:07:26:d2|1|0|0|0|0|0
c0:06:c3:8f:c0:7b|2|4|6|4|500|433
f4:f2:6d:90:44:3c|0|0|2|0|152|0
08:9e:08:bc:6c:2b|0|5|0|0|0|0
e4:5f:01:5c:9d:89|0|6|0|0|0|0
c0:06:c3:8f:c7:99|0|0|7|4|543|474
44:07:0b:2f:49:8b|6|0|0|0|0|0
a4:50:46:4c:af:3b|0|0|13|9|996|1144
1a:a5:c3:61:4f:b6|0|0|0|1|0|78
92:34:3e:2b:39:81|2|10|0|0|0|0
01:00:5e:00:00:fa|0|0|0|1|0|114
9e:ab:89:2d:82:91|0|2|12|2|288|156
f0:ef:86:06:76:35|0|2|0|0|0|0
ea:40:c2:93:27:ad|0|1|0|0|0|0
20:1f:3b:3a:bb:3d|6|0|0|0|0|0
