43
b4:e6:2d:f6:c8:79
68:ff:7b:c5:ca:c9|182|0|0|0|0|0
ff:ff:ff:ff:ff:ff|0|2298|0|22|0|3352
90:9a:4a:80:71:9a|1252|15|14|75|1246|9614
90:9a:4a:80:85:9e|920|58|151|41|31002|994
20:aa:4b:5b:e6:4b|202|0|18|1|2954|78
b4:e6:2d:f6:c8:79|0|1|0|3|0|376
04:6c:59:1b:72:04|57|131|13|12|3546|3728
48:5a:b6:22:0c:7e|6|20|0|0|0|0
28:6d:cd:09:2a:ea|0|0|26|2|5826|156
c0:06:c3:8f:c7:99|6|11|11|3|1029|234
76:78:27:bc:20:c6|0|6|0|0|0|0
01:00:5e:7f:ff:fa|0|0|0|52|0|21677
01:00:5e:00:00:fb|0|0|0|11|0|2271
c0:06:c3:8f:c0:7b|5|10|11|3|1206|246
a6:23:9c:e5:b4:cb|5|12|0|0|0|0
da:a1:19:6a:19:16|2|1|0|0|0|0
08:d2:3e:72:67:71|1|0|0|0|0|0
44:07:0b:60:bf:75|1|0|0|0|0|0
a4:50:46:4c:af:3b|4|7|27|3|1553|234
a2:e0:6c:67:3c:21|0|7|0|0|0|0
9e:ab:89:2d:82:91|1|42|36|75|864|5850
33:33:00:00:00:01|0|0|0|1|0|120
da:a1:19:ca:ca:ca|1|7|0|0|0|0
00:5f:67:7f:47:3e|1|0|0|0|0|0
78:55:cd:0a:9c:ee|0|3|0|0|0|0
44:07:0b:70:9e:93|2|0|0|0|0|0
24:77:03:d4:12:38|6|17|0|0|0|0
aa:81:53:03:4c:0e|0|2|0|0|0|0
01:00:5e:00:00:fa|0|0|0|1|0|114
f0:ef:86:21:66:5f|0|3|0|0|0|0
84:d8:1b:29:48:82|1|0|0|0|0|0
34:f6:4b:e3:9c:e8|2|1|0|0|0|0
b8:27:eb:81:9a:d6|1|1|0|0|0|0
44:07:0b:2f:49:8b|3|0|0|0|0|0
b8:81:98:41:b1:49|1|0|0|0|0|0
be:dc:55:1f:3a:8c|0|1|0|0|0|0
54:60:09:e2:ee:aa|0|1|0|0|0|0
e6:09:33:6a:b6:d7|0|3|0|0|0|0
08:9e:08:bc:6c:2b|0|1|0|0|0|0
f0:f6:c1:d5:cb:42|0|3|0|0|0|0
01:00:5e:00:00:01|0|0|0|1|0|84
e6:1d:78:73:e4:e3|0|0|1|0|78|0
01:00:5e:00:00:16|0|0|0|2|0|176
