43
b4:e6:2d:f6:c8:79
90:9a:4a:80:85:9e|1146|8|66|1650|12202|42687
ff:ff:ff:ff:ff:ff|0|2439|0|3|0|272
90:9a:4a:80:71:9a|1345|5|29|75|3255|9630
70:f1:1c:3b:cb:9f|15|0|0|0|0|0
f0:f6:c1:d5:cb:42|0|8|0|0|0|0
20:aa:4b:5b:e6:4b|37|0|4|0|386|0
e4:5f:01:5c:9d:89|0|3|0|0|0|0
68:ff:7b:c5:ca:c9|109|0|2|22|156|528
10:fe:ed:dd:08:06|25|0|0|0|0|0
54:2a:a2:73:c6:e9|3|66|0|0|0|0
04:6c:59:1b:72:04|5|13|152|2|3952|156
9e:ab:89:2d:82:91|5|54|1498|42|38735|4898
c0:06:c3:8f:c0:7b|5|11|12|9|1240|944
b4:e6:2d:f6:c8:79|0|5|0|4|0|454
10:4a:7d:a8:42:10|0|1|0|0|0|0
ec:5c:68:84:b1:4b|2|33|0|0|0|0
bc:54:2f:5e:b7:f3|0|4|0|0|0|0
28:6d:cd:09:2a:ea|0|0|28|5|6326|633
01:00:5e:7f:ff:fa|0|0|0|16|0|6469
da:a1:19:af:af:af|2|9|0|0|0|0
54:60:09:e2:ee:aa|0|4|0|0|0|0
44:07:0b:70:9e:93|4|0|0|0|0|0
7c:2e:bd:f4:94:ee|8|0|0|0|0|0
a4:50:46:4c:af:3b|0|0|27|8|1362|909
1a:a5:c3:61:4f:b6|0|0|22|2|528|156
01:00:5e:00:00:fb|0|0|0|3|0|375
f4:f5:d8:8d:f2:58|1|2|0|0|0|0
c0:06:c3:8f:c7:99|0|0|8|3|702|315
50:e0:85:84:55:94|3|9|0|0|0|0
01:00:5e:00:00:16|0|0|0|2|0|184
0a:26:07:17:f8:71|1|0|0|0|0|0
da:a1:19:89:51:3a|0|3|0|0|0|0
b0:68:e6:ae:f2:57|2|22|0|0|0|0
5e:ea:f2:be:13:e7|0|6|0|0|0|0
da:a1:19:01:34:85|0|3|0|0|0|0
44:07:0b:2f:49:8b|3|0|0|0|0|0
42:66:a6:be:20:f7|1|3|0|0|0|0
48:5a:b6:22:0c:7e|0|3|0|0|0|0
76:68:73:0d:79:e3|0|1|0|0|0|0
33:33:00:00:00:01|0|0|0|1|0|120
01:00:5e:00:00:fa|0|0|0|1|0|114
34:c0:59:00:a0:8f|0|2|0|0|0|0
54:3a:d6:77:88:6e|2|7|0|0|0|0
