27
b4:e6:2d:f6:b6:a5
68:02:b8:1e:7f:1f|1348|0|305|14|58478|364
ff:ff:ff:ff:ff:ff|0|2381|0|200|0|19073
6a:02:98:1e:7f:1f|1323|0|0|0|0|0
01:00:5e:7f:ff:fa|0|0|0|87|0|36363
b4:e6:2d:f6:b6:a5|0|1|0|4|0|482
80:1f:02:b4:07:ae|1|18|14|0|364|0
6a:02:98:2e:8d:67|23|0|0|0|0|0
a4:3e:a0:a4:2a:46|0|115|0|0|0|0
10:1c:0c:1a:10:10|3|60|0|0|0|0
04:4e:af:fb:fd:77|10|0|0|0|0|0
68:02:b8:2e:8d:67|17|0|0|0|0|0
d8:8c:79:90:f4:9b|0|6|0|0|0|0
f6:57:40:c4:7c:81|3|0|0|0|0|0
c8:66:5d:1f:4f:54|0|12|0|0|0|0
e4:57:40:c4:7c:81|2|0|0|0|0|0
1c:30:08:19:1b:90|3|47|0|0|0|0
33:33:00:00:00:01|0|0|0|3|0|584
33:33:00:00:00:02|0|0|0|1|0|96
33:33:ff:1e:b6:60|0|0|0|1|0|112
1a:87:40:c2:0f:1f|0|35|0|0|0|0
64:b3:10:aa:e3:3c|0|12|0|0|0|0
00:0c:e7:61:1a:37|0|25|0|0|0|0
8e:ce:84:5f:9c:42|2|23|0|0|0|0
