15
b4:e6:2d:f6:b6:a5
68:02:b8:1e:7f:1f|1256|0|6|0|974|0
ff:ff:ff:ff:ff:ff|0|2344|0|0|0|0
6a:02:98:1e:7f:1f|1255|0|0|0|0|0
b4:e6:2d:f6:b6:a5|0|1|0|3|0|390
70:ee:50:73:4e:36|0|0|3|0|78|0
44:fe:3b:a8:69:27|0|0|0|3|0|78
a4:3e:a0:a4:2a:46|0|60|0|0|0|0
5c:f5:da:55:8b:f6|0|6|0|0|0|0
10:1c:0c:1a:10:10|1|36|0|0|0|0
f0:5c:77:1a:f1:64|0|6|0|0|0|0
c8:66:5d:1f:4f:54|0|12|0|0|0|0
33:33:00:00:00:01|0|0|0|3|0|584
4e:ff:36:dd:af:1f|0|12|0|0|0|0
64:b3:10:aa:e3:3c|1|18|0|0|0|0
1a:87:40:eb:1c:9a|0|18|0|0|0|0
