59
b4:e6:2d:f6:b6:a5
70:2e:22:8d:72:74|1050|5|19|1|7717|26
ff:ff:ff:ff:ff:ff|0|5046|0|307|0|68747
54:be:f7:19:78:e1|835|0|41|0|15504|0
68:02:b8:1e:7f:1f|1266|0|318|0|67096|0
6a:02:98:1e:7f:1f|1253|0|0|0|0|0
0c:54:a5:02:31:6d|182|0|34|0|13469|0
01:00:5e:7f:ff:fa|0|0|0|100|0|40832
92:5c:14:cf:f6:c9|122|0|0|0|0|0
a4:3e:a0:a4:2a:46|9|96|0|0|0|0
b0:c2:87:78:a6:a2|353|0|62|0|19675|0
b2:c2:87:78:a6:a3|352|0|0|0|0|0
00:0c:43:18:8e:7b|5|36|1|0|26|0
10:1c:0c:1a:10:10|4|33|0|0|0|0
33:33:ff:a5:4e:19|0|0|0|1|0|120
33:33:00:00:00:02|0|0|0|1|0|96
33:33:ff:47:43:51|0|0|0|1|0|120
33:33:ff:24:b0:88|0|0|0|6|0|720
5c:f8:21:84:a4:31|0|105|0|0|0|0
0e:54:a5:02:31:6e|229|0|0|0|0|0
01:00:5e:00:00:fb|0|0|0|20|0|5154
33:33:00:00:00:fb|0|0|0|17|0|5220
b4:fb:e3:fc:1e:95|0|158|0|0|0|0
33:33:00:01:00:02|0|0|0|1|0|132
01:00:5e:00:00:02|0|0|0|2|0|180
33:33:00:00:00:16|0|0|0|2|0|328
6a:02:98:76:3c:e4|3|0|0|0|0|0
b4:e6:2d:f6:b6:a5|0|1|0|5|0|574
90:5c:44:cf:f6:c9|79|0|0|0|0|0
e0:76:d0:78:7a:16|0|7|0|0|0|0
6a:ba:1d:8a:1c:24|1|4|0|0|0|0
c8:66:5d:1f:4f:54|0|6|0|0|0|0
ee:2d:11:a4:bb:4d|1|0|0|0|0|0
96:35:6e:87:ae:e8|0|6|0|0|0|0
fe:8f:53:bc:35:f9|2|3|0|0|0|0
33:33:00:00:00:01|0|0|0|4|0|752
dc:f7:56:40:0f:c6|0|1|0|0|0|0
d2:a8:b0:d9:6f:53|0|127|0|0|0|0
5c:f5:da:b6:d8:02|0|6|0|2|0|52
f0:72:ea:da:42:c6|0|13|0|0|0|0
72:26:c5:63:81:73|0|16|0|0|0|0
02:5f:55:a9:dc:41|0|6|0|0|0|0
9a:3c:50:96:f6:b0|1|0|0|0|0|0
84:16:f9:07:68:71|0|20|0|0|0|0
d8:54:a2:09:5d:94|0|4|0|0|0|0
ee:77:52:68:6f:93|0|1|0|0|0|0
5c:f5:da:55:8b:f6|0|6|0|0|0|0
7a:6d:d6:b4:fe:bf|1|7|0|0|0|0
8c:c5:b4:3b:6e:56|0|1|0|0|0|0
01:00:5e:00:00:01|0|0|0|2|0|164
e6:8f:b7:25:d7:24|0|10|0|0|0|0
01:00:5e:00:00:fc|0|0|0|1|0|94
f0:5c:77:1a:f1:64|0|6|0|0|0|0
01:00:5e:00:00:16|0|0|0|2|0|176
88:bd:45:85:14:21|0|3|0|0|0|0
64:b3:10:aa:e3:3c|2|6|0|0|0|0
68:02:b8:76:3c:e4|2|0|0|0|0|0
ba:a6:46:fe:02:a7|0|4|0|0|0|0
fe:49:cf:45:30:37|0|2|0|0|0|0
80:be:05:5f:13:d9|0|7|0|0|0|0
