23
b4:e6:2d:f6:b6:a5
6a:02:98:1e:7f:1f|1235|0|0|0|0|0
ff:ff:ff:ff:ff:ff|0|3497|0|0|0|0
d8:b6:b7:7a:3a:61|1312|0|9|41|296|1218
68:02:b8:1e:7f:1f|1235|0|16|0|3038|0
bc:54:51:02:a4:f0|0|0|21|2|730|52
e6:35:23:4e:ab:99|0|0|8|2|200|52
a4:3e:a0:a4:2a:46|0|180|0|0|0|0
0e:26:0a:2f:38:6b|0|0|12|2|288|52
01:00:5e:00:00:01|0|0|0|1|0|88
7e:29:bc:18:43:80|0|7|0|0|0|0
f0:5c:77:1a:f1:64|0|6|0|0|0|0
c8:66:5d:1f:4f:54|0|12|0|0|0|0
b4:e6:2d:f6:b6:a5|0|1|0|4|0|482
01:00:5e:00:00:fb|0|0|0|4|0|1024
33:33:00:00:00:fb|0|0|0|4|0|1104
33:33:00:00:00:16|0|0|0|2|0|248
01:00:5e:00:00:16|0|0|0|2|0|180
da:a1:19:92:3c:ef|0|14|0|0|0|0
26:17:dc:59:74:f7|0|0|0|2|0|52
f0:72:ea:da:42:c6|0|26|0|0|0|0
80:58:f8:c3:cb:3f|0|13|0|0|0|0
64:b3:10:aa:e3:3c|0|19|0|0|0|0
e2:5a:89:b1:0b:db|0|7|0|0|0|0
