35
b4:e6:2d:f6:c8:79
90:9a:4a:80:71:9a|1228|4|118|50|10232|8109
ff:ff:ff:ff:ff:ff|0|2632|0|24|0|3990
20:aa:4b:5b:e6:4b|454|0|27|0|4300|0
00:08:07:76:35:b7|0|5|0|0|0|0
90:9a:4a:80:85:9e|983|1|726|193|549348|7589
c0:06:c3:8f:c0:7b|4|8|9|16|758|1756
9e:ab:89:2d:82:91|1|3|193|725|7589|549264
68:ff:7b:c5:ca:c9|72|0|0|0|0|0
28:6d:cd:09:2a:ea|0|0|30|4|6654|474
b4:e6:2d:f6:c8:79|0|4|0|7|0|799
9e:e0:c7:4c:63:99|0|23|0|0|0|0
50:e0:85:84:55:94|3|11|0|0|0|0
c0:06:c3:8f:c7:99|0|0|5|90|321|7101
4a:22:3f:8d:29:15|4|9|0|0|0|0
01:00:5e:00:00:01|0|0|0|2|0|160
a4:50:46:4c:af:3b|0|0|6|1|376|102
e4:5f:01:5c:9d:89|0|2|0|0|0|0
88:46:04:50:5c:49|2|22|0|0|0|0
94:e2:3c:2c:75:7c|0|1|0|0|0|0
44:07:0b:2f:49:8b|4|0|0|0|0|0
33:33:00:00:00:01|0|0|0|1|0|120
f4:f5:d8:8d:f2:58|0|6|0|0|0|0
