26
b4:e6:2d:f6:b6:a5
68:02:b8:1e:7f:1f|1249|0|6|0|974|0
ff:ff:ff:ff:ff:ff|0|3412|0|0|0|0
6a:02:98:1e:7f:1f|1248|0|0|0|0|0
d8:b6:b7:7a:3a:61|1168|0|9|74|1038|2010
b4:e6:2d:f6:b6:a5|0|1|0|3|0|390
ec:2e:98:f0:f5:27|0|79|0|0|0|0
a4:3e:a0:a4:2a:46|0|110|0|0|0|0
e6:35:23:4e:ab:99|0|0|7|1|176|26
9c:5d:12:d7:43:d4|0|12|0|0|0|0
70:ee:50:73:4e:36|0|0|18|0|464|0
b0:95:75:4b:b9:26|0|0|0|18|0|464
c8:66:5d:1f:4f:54|0|12|0|0|0|0
bc:54:51:02:a4:f0|0|0|20|1|706|26
26:17:dc:59:74:f7|0|0|35|2|840|52
01:00:5e:00:00:fb|0|0|0|2|0|434
33:33:00:00:00:fb|0|0|0|2|0|474
0e:26:0a:2f:38:6b|0|0|12|1|288|26
33:33:00:00:00:01|0|0|0|3|0|584
da:a1:19:cd:93:9e|0|9|0|0|0|0
26:6f:1d:c2:e2:46|0|3|0|0|0|0
1c:cc:d6:f7:de:a0|0|7|0|0|0|0
64:b3:10:aa:e3:3c|0|2|0|0|0|0
d2:a9:5e:d3:9a:c3|0|7|0|0|0|0
84:16:f9:07:68:71|0|2|0|0|0|0
be:a3:65:5a:ed:83|0|2|0|0|0|0
0c:cb:85:ac:77:55|0|7|0|0|0|0
