42
b4:e6:2d:f6:b6:a5
68:02:b8:1e:7f:1f|1272|0|275|0|55459|0
ff:ff:ff:ff:ff:ff|0|3367|0|270|0|54932
6a:02:98:1e:7f:1f|1271|0|0|0|0|0
d8:b6:b7:7a:3a:61|1309|0|12|44|1091|1286
f8:77:b8:53:10:e8|10|97|0|0|0|0
b4:e6:2d:f6:b6:a5|0|1|0|4|0|528
4a:85:43:4f:90:81|1|5|0|0|0|0
00:0c:e7:e1:bd:8d|1|4|0|0|0|0
c2:c8:6f:36:ec:0c|0|2|0|0|0|0
a4:3e:a0:a4:2a:46|0|167|0|0|0|0
e6:35:23:4e:ab:99|0|0|8|2|200|52
cc:88:26:36:b9:a7|9|20|0|0|0|0
c8:66:5d:1f:4f:54|0|31|0|0|0|0
e6:bc:e5:fb:8a:ec|0|6|0|0|0|0
3e:47:d6:cb:32:07|1|7|0|0|0|0
26:17:dc:59:74:f7|0|0|14|2|336|52
bc:54:51:02:a4:f0|0|0|21|3|726|262
1a:87:40:12:63:f2|2|3|0|0|0|0
33:33:00:00:00:01|0|0|0|3|0|584
46:e0:f2:1f:c6:63|2|5|0|0|0|0
84:16:f9:07:68:71|0|21|0|0|0|0
aa:c7:a7:27:c9:07|2|0|0|0|0|0
a2:3f:5a:5b:03:93|2|6|0|0|0|0
0e:26:0a:2f:38:6b|0|0|1|2|24|52
ce:bc:ac:c8:9b:f1|2|7|0|0|0|0
f0:72:ea:da:42:c6|0|14|0|0|0|0
0c:54:15:5d:f1:f6|0|21|0|0|0|0
6e:94:4b:62:07:29|2|0|0|0|0|0
1a:87:40:a8:85:46|1|7|0|0|0|0
92:89:80:ae:d6:da|1|6|0|0|0|0
62:ce:17:69:be:c1|0|1|0|0|0|0
b6:b1:2e:ee:b1:cd|0|7|0|0|0|0
d8:8c:79:90:f4:9b|0|7|0|0|0|0
64:b3:10:aa:e3:3c|0|23|0|0|0|0
24:46:c8:f7:fe:d9|0|7|0|0|0|0
f0:5c:77:1a:f1:64|0|13|0|0|0|0
da:72:37:62:53:2b|0|7|0|0|0|0
0e:1d:4f:a7:5c:9e|0|7|0|0|0|0
ae:91:c2:2b:7f:a9|2|7|0|0|0|0
80:be:05:5f:13:d9|0|7|0|0|0|0
00:1c:bf:52:98:29|0|7|0|0|0|0
01:00:5e:00:00:01|0|0|0|1|0|88
