43
b4:e6:2d:f6:c8:79
20:aa:4b:5b:e6:4b|637|0|52|2|9966|48
ff:ff:ff:ff:ff:ff|0|3032|0|52|0|9825
90:9a:4a:80:85:9e|1133|0|0|0|0|0
90:9a:4a:80:71:9a|1297|29|23672|3060|29400340|879277
68:ff:7b:c5:ca:c9|93|0|0|0|0|0
a4:50:46:4c:af:3b|25|72|3015|23643|871314|29397472
f4:f5:d8:8d:f2:58|11|8|0|0|0|0
b4:e6:2d:f6:c8:79|0|2|0|5|0|544
00:08:07:76:35:b7|0|2|0|0|0|0
08:9e:08:bc:6c:2b|0|3|0|0|0|0
28:6d:cd:09:2a:ea|0|0|29|4|6495|474
44:07:0b:70:9e:93|3|0|0|0|0|0
94:9f:3e:84:df:5a|14|1|0|0|0|0
3c:8d:20:4f:d8:e9|4|0|0|0|0|0
33:33:00:00:00:fb|0|0|0|1|0|141
44:07:0b:6c:b6:e3|1|0|0|0|0|0
b8:27:eb:81:9a:d6|0|4|0|0|0|0
c0:06:c3:8f:c0:7b|4|8|10|12|1084|1141
4a:e6:13:cf:9e:e5|1|5|0|0|0|0
50:e0:85:84:55:94|4|19|0|0|0|0
f0:ef:86:05:a3:fa|0|2|0|0|0|0
38:8b:59:29:24:78|3|0|0|0|0|0
