41
b4:e6:2d:f6:c8:79
90:9a:4a:80:71:9a|1290|11|47|65|5516|9200
ff:ff:ff:ff:ff:ff|0|2804|0|17|0|3402
90:9a:4a:80:85:9e|1255|0|7|1|552|24
20:aa:4b:5b:e6:4b|392|0|17|45|3402|1560
68:ff:7b:c5:ca:c9|111|0|0|0|0|0
b8:27:eb:81:9a:d6|0|4|0|0|0|0
cc:50:e3:f0:6b:20|0|0|45|0|1560|0
28:6d:cd:09:2a:ea|0|0|27|8|6236|978
94:9f:3e:84:df:5a|0|39|0|0|0|0
c0:06:c3:8f:c0:7b|5|10|11|10|1108|1105
aa:e7:35:88:23:89|1|0|0|0|0|0
c0:06:c3:8f:c7:99|6|12|8|12|702|1449
80:91:33:25:67:05|0|82|0|0|0|0
b0:a7:b9:89:64:1f|2|0|0|0|0|0
3c:8d:20:4f:d8:e9|5|0|0|0|0|0
da:a1:19:13:13:13|0|3|0|0|0|0
f0:ef:86:06:76:35|0|14|0|0|0|0
44:07:0b:70:9e:93|4|0|1|0|26|0
1c:bf:ce:e3:fb:45|0|5|0|0|0|0
a4:50:46:4c:af:3b|0|0|19|7|1154|822
f4:f5:d8:8d:f2:58|10|2|0|0|0|0
72:de:df:aa:64:ad|0|3|0|0|0|0
9e:ab:89:2d:82:91|0|0|1|6|24|468
