40
b4:e6:2d:f6:b6:a5
d8:b6:b7:7a:3a:61|1400|0|19|88|2206|2560
ff:ff:ff:ff:ff:ff|0|3530|0|124|0|11628
68:02:b8:1e:7f:1f|1208|0|139|0|14558|0
6a:02:98:1e:7f:1f|1208|0|0|0|0|0
b4:e6:2d:f6:b6:a5|0|1|0|4|0|482
d8:8c:79:90:f4:9b|0|7|0|0|0|0
70:ee:50:73:4e:36|0|0|60|0|1554|0
b0:95:75:4b:b9:26|0|0|0|60|0|1554
bc:54:51:02:a4:f0|0|0|37|1|1328|26
b6:51:2b:82:10:51|2|0|0|0|0|0
32:d3:7e:f2:18:54|2|0|0|0|0|0
68:5a:cf:fb:e5:65|0|6|0|0|0|0
62:94:61:76:55:69|2|0|0|0|0|0
0e:26:0a:2f:38:6b|0|0|12|2|288|52
26:17:dc:59:74:f7|0|0|27|1|648|26
01:00:5e:00:00:fb|0|0|0|6|0|1419
e6:35:23:4e:ab:99|0|0|12|2|296|52
33:33:00:00:00:fb|0|0|0|6|0|1539
33:33:00:00:00:16|0|0|0|4|0|504
01:00:5e:00:00:16|0|0|0|4|0|364
a4:3e:a0:a4:2a:46|0|98|0|0|0|0
04:4e:af:fb:fd:77|13|0|0|0|0|0
be:8f:ec:a4:33:49|2|19|0|0|0|0
