41
b4:e6:2d:f6:c8:79
90:9a:4a:80:71:9a|1293|33|4740|2670|5787054|547782
ff:ff:ff:ff:ff:ff|0|3505|0|60|0|10431
90:9a:4a:80:85:9e|1256|0|5|4|396|96
20:aa:4b:5b:e6:4b|822|0|53|42|9483|1248
68:ff:7b:c5:ca:c9|458|0|0|0|0|0
a4:50:46:4c:af:3b|26|67|2629|4695|540658|5780897
cc:50:e3:f0:6b:20|0|0|42|0|1248|0
12:e8:29:e4:16:89|2|0|0|0|0|0
b4:e6:2d:f6:c8:79|0|3|0|8|0|1554
28:6d:cd:09:2a:ea|0|0|29|8|6404|978
80:91:33:25:67:05|0|92|0|0|0|0
c0:06:c3:8f:c0:7b|3|6|6|8|333|888
f0:ef:86:05:a3:fa|0|29|0|0|0|0
f0:ef:86:06:76:35|0|19|0|0|0|0
01:00:5e:7f:ff:fa|0|0|0|3|0|603
c0:06:c3:8f:c7:99|4|12|6|8|387|876
9e:ab:89:2d:82:91|0|0|4|4|96|312
08:9e:08:bc:6c:2b|0|1|0|0|0|0
44:07:0b:70:9e:93|8|0|0|0|0|0
04:ea:56:43:69:3f|1|0|0|0|0|0
b8:27:eb:81:9a:d6|0|6|0|0|0|0
01:00:5e:00:00:01|0|0|0|2|0|160
