44
b4:e6:2d:f6:c8:79
90:9a:4a:80:85:9e|1333|78|73|97|21947|2338
04:6c:59:1b:72:04|75|159|10|8|2266|2370
90:9a:4a:80:71:9a|1318|11|40|106|9885|22976
ff:ff:ff:ff:ff:ff|0|2495|0|8|0|784
20:aa:4b:5b:e6:4b|54|0|4|0|304|0
28:6d:cd:09:2a:ea|0|0|23|3|5076|315
b4:e6:2d:f6:c8:79|0|1|0|4|0|471
68:ff:7b:c5:ca:c9|114|0|0|0|0|0
9e:ab:89:2d:82:91|3|9|92|4|2208|312
d0:c6:37:cb:3c:f7|0|3|0|0|0|0
01:00:5e:00:00:fb|0|0|0|13|0|2701
c0:06:c3:8f:c0:7b|4|8|10|3|1084|234
a6:30:82:fc:d7:98|1|0|0|0|0|0
32:ac:b8:63:23:53|0|9|0|0|0|0
c0:06:c3:8f:c7:99|4|8|9|3|792|315
01:00:5e:7f:ff:fa|0|0|0|45|0|17872
48:5a:b6:22:0c:7e|4|27|0|0|0|0
36:50:26:55:25:38|2|3|0|0|0|0
a4:50:46:4c:af:3b|3|3|64|27|16024|8550
56:f8:52:29:41:4c|0|3|0|0|0|0
46:3b:78:62:ec:7e|0|12|9|0|216|0
c4:12:f5:d1:17:6c|0|0|0|9|0|216
