22
b4:e6:2d:f6:b6:a5
68:02:b8:1e:7f:1f|1275|6|451|2|104179|288
ff:ff:ff:ff:ff:ff|0|2357|0|333|0|61565
6a:02:98:1e:7f:1f|1253|0|0|0|0|0
01:00:5e:7f:ff:fa|0|0|0|60|0|30806
b4:e6:2d:f6:b6:a5|0|1|0|4|0|482
da:a1:19:5e:5a:ea|0|6|0|0|0|0
10:1c:0c:1a:10:10|18|57|2|12|288|2406
70:ee:50:73:4e:36|1|0|1|0|26|0
44:fe:3b:a8:69:27|0|1|0|1|0|26
c8:66:5d:1f:4f:54|0|18|0|0|0|0
a4:3e:a0:a4:2a:46|0|30|0|0|0|0
64:b3:10:aa:e3:3c|0|6|0|0|0|0
da:a1:19:cc:45:30|0|6|0|0|0|0
f8:77:b8:53:10:e8|0|42|0|0|0|0
33:33:00:00:00:16|0|0|0|4|0|656
01:00:5e:00:00:fb|0|0|0|16|0|3470
33:33:00:00:00:fb|0|0|0|15|0|3870
01:00:5e:00:00:02|0|0|0|2|0|160
33:33:00:00:00:01|0|0|0|3|0|584
26:94:9b:c4:cd:39|1|12|0|0|0|0
01:00:5e:00:00:16|0|0|0|2|0|180
9e:18:59:d4:5e:7d|0|6|0|0|0|0
