45
b4:e6:2d:f6:c8:79
90:9a:4a:80:71:9a|1361|16|195|521|25815|46439
ff:ff:ff:ff:ff:ff|0|3533|0|43|0|7939
68:ff:7b:c5:ca:c9|693|0|0|0|0|0
20:aa:4b:5b:e6:4b|684|0|47|69|8363|1708
90:9a:4a:80:85:9e|1097|0|6|0|1946|0
a4:50:46:4c:af:3b|19|79|482|184|39646|24636
b4:e6:2d:f6:c8:79|0|2|0|5|0|549
80:91:33:25:67:05|0|98|0|0|0|0
44:07:0b:60:bf:75|3|0|0|0|0|0
94:9f:3e:84:df:5a|0|21|0|0|0|0
cc:50:e3:f0:6b:20|0|0|69|0|1708|0
28:6d:cd:09:2a:ea|0|0|28|2|6154|156
f0:ef:86:06:76:35|0|12|0|0|0|0
00:31:92:b2:52:69|1|0|0|0|0|0
66:b3:1c:b2:5d:24|2|16|0|0|0|0
f0:ef:86:05:a3:fa|0|10|0|0|0|0
c0:06:c3:8f:c7:99|4|8|7|4|543|474
33:33:00:00:00:01|0|0|0|1|0|120
54:60:09:01:a1:78|4|0|0|0|0|0
01:00:5e:00:00:fa|0|0|0|2|0|228
7c:2e:bd:f4:94:ee|7|0|0|0|0|0
f4:f5:d8:8d:f2:58|5|3|0|0|0|0
9e:ab:89:2d:82:91|0|2|0|5|0|1862
c0:06:c3:8f:c0:7b|0|0|4|0|96|0
02:00:00:00:00:00|2|19|0|0|0|0
08:9e:08:bc:6c:2b|0|3|0|0|0|0
44:07:0b:70:9e:93|6|0|0|0|0|0
01:00:5e:00:00:01|0|0|0|2|0|160
3c:8d:20:4f:d8:e9|7|0|0|0|0|0
da:db:db:66:b2:c7|0|14|0|0|0|0
20:1f:3b:3a:bb:3d|4|0|0|0|0|0
46:ce:cc:e6:3d:fb|0|3|0|0|0|0
b8:27:eb:81:9a:d6|2|1|0|0|0|0
90:0c:c8:ff:c0:3c|0|12|0|0|0|0
1a:31:4f:c8:2e:28|0|3|0|0|0|0
ee:3b:72:4a:5b:2b|0|3|0|0|0|0
d6:68:81:85:17:18|0|5|0|0|0|0
32:58:83:b0:f9:f6|0|7|0|0|0|0
0a:13:f0:54:ad:22|0|12|0|0|0|0
e4:5f:01:5c:9d:89|0|1|0|0|0|0
f6:0e:57:08:40:d0|0|2|0|0|0|0
54:60:09:e2:ee:aa|0|8|0|0|0|0
f0:5c:77:12:21:75|0|2|0|0|0|0
00:08:07:76:35:b7|0|1|0|0|0|0
ba:5b:9b:67:9f:ce|1|6|0|0|0|0
