25
b4:e6:2d:f6:c8:79
90:9a:4a:80:71:9a|1197|7|46|25|6822|3645
ff:ff:ff:ff:ff:ff|0|2344|0|31|0|5432
90:9a:4a:80:85:9e|1076|0|0|0|0|0
cc:50:e3:f0:6b:20|0|0|7|0|168|0
20:aa:4b:5b:e6:4b|92|0|9|7|1436|168
b4:e6:2d:f6:c8:79|0|4|0|4|0|454
1c:bf:ce:e3:fb:45|0|4|0|0|0|0
c0:06:c3:8f:c0:7b|3|4|8|2|614|168
28:6d:cd:09:2a:ea|0|0|11|3|2578|315
c0:06:c3:8f:c7:99|4|11|6|4|453|312
f4:f5:d8:8d:f2:58|3|0|0|0|0|0
68:ff:7b:c5:ca:c9|8|0|0|0|0|0
44:07:0b:70:9e:93|1|0|0|0|0|0
84:e3:42:4b:9d:4f|6|0|0|0|0|0
da:a1:19:d6:d6:d6|2|7|0|0|0|0
84:d8:1b:29:48:82|1|0|0|0|0|0
50:d4:f7:dc:1f:d0|0|0|1|0|120|0
01:00:5e:00:00:fb|0|0|0|5|0|1047
08:9e:08:bc:6c:2b|0|1|0|0|0|0
94:9f:3e:84:df:5a|0|1|0|0|0|0
54:2a:a2:73:c6:e9|1|9|0|0|0|0
62:6a:1d:86:a8:4c|0|1|0|0|0|0
54:60:09:e2:ee:aa|0|1|0|0|0|0
01:00:5e:00:00:01|0|0|0|1|0|84
01:00:5e:00:00:16|0|0|0|6|0|566
