33
b4:e6:2d:f6:b6:a5
68:02:b8:1e:7f:1f|1227|0|28|0|3628|0
ff:ff:ff:ff:ff:ff|0|3510|0|10|0|768
6a:02:98:1e:7f:1f|1224|0|0|0|0|0
d8:b6:b7:7a:3a:61|1293|0|22|80|2686|2848
b4:e6:2d:f6:b6:a5|0|1|0|3|0|390
80:58:f8:93:88:29|0|0|0|6|0|650
78:9f:70:2b:86:c6|1|0|0|0|0|0
bc:54:51:02:a4:f0|0|0|32|2|1692|52
70:ee:50:73:4e:36|0|0|28|0|728|0
b0:95:75:4b:b9:26|0|0|0|28|0|728
0e:26:0a:2f:38:6b|0|0|11|2|264|52
a4:3e:a0:a4:2a:46|0|127|0|0|0|0
f0:72:ea:da:42:c6|0|14|0|0|0|0
d8:8c:79:90:f4:9b|0|7|0|0|0|0
e6:35:23:4e:ab:99|0|0|15|2|364|52
26:17:dc:59:74:f7|0|0|22|1|528|26
f0:5c:77:1a:f1:64|0|7|0|0|0|0
da:a1:19:3a:2f:5a|0|3|0|0|0|0
33:33:00:00:00:01|0|0|0|3|0|584
33:33:00:00:00:02|0|0|0|1|0|96
33:33:ff:1e:b6:60|0|0|0|1|0|112
01:00:5e:00:00:01|0|0|0|1|0|88
06:0f:10:6b:3d:64|0|7|0|0|0|0
01:00:5e:00:00:fb|0|0|0|7|0|1432
33:33:00:00:00:fb|0|0|0|7|0|1572
c8:66:5d:1f:4f:54|0|6|0|0|0|0
10:8e:e0:22:17:e8|0|14|0|0|0|0
1a:87:40:ce:10:df|0|25|0|0|0|0
33:33:00:00:00:16|0|0|0|2|0|256
01:00:5e:00:00:16|0|0|0|2|0|184
fe:b9:67:37:f4:fb|0|7|0|0|0|0
12:3f:bf:02:f8:10|0|10|0|0|0|0
9c:5d:12:d7:43:d4|0|7|0|0|0|0
