42
b4:e6:2d:f6:c8:79
90:9a:4a:80:71:9a|1207|5|8|38|778|4361
ff:ff:ff:ff:ff:ff|0|3238|0|55|0|9618
90:9a:4a:80:85:9e|1139|0|3|6|234|144
20:aa:4b:5b:e6:4b|332|0|59|0|10042|0
68:ff:7b:c5:ca:c9|657|0|0|0|0|0
b4:e6:2d:f6:c8:79|0|1|0|3|0|376
9e:ab:89:2d:82:91|0|0|6|3|144|234
f0:ef:86:05:a3:fa|0|15|0|0|0|0
74:eb:80:1d:42:94|4|2|0|0|0|0
f0:f6:c1:d5:cb:42|0|3|0|0|0|0
f0:ef:86:06:76:35|0|25|0|0|0|0
c0:06:c3:8f:c0:7b|4|8|11|3|1376|246
c0:06:c3:8f:c7:99|0|0|7|2|543|156
b8:27:eb:81:9a:d6|0|2|0|0|0|0
34:c0:59:00:a0:8f|3|2|0|0|0|0
a4:50:46:4c:af:3b|0|0|17|0|2364|0
d2:91:e3:05:21:b7|0|2|0|0|0|0
e4:5f:01:5c:9d:89|0|9|0|0|0|0
01:00:5e:00:00:01|0|0|0|1|0|76
28:6d:cd:09:2a:ea|1|2|3|0|78|0
fa:d5:61:db:80:fd|0|1|0|0|0|0
01:00:5e:00:00:fa|0|0|0|2|0|228
20:df:b9:8e:c2:c7|1|0|0|0|0|0
cc:f4:11:a1:a0:2c|6|0|0|0|0|0
b2:21:f8:d2:75:3d|0|7|0|0|0|0
44:07:0b:2f:49:8b|16|0|6|0|588|0
f0:79:59:d6:09:10|0|0|0|6|0|588
b8:27:eb:3b:22:38|0|4|0|0|0|0
33:33:00:00:00:01|0|0|0|1|0|120
0a:26:07:17:f8:71|1|0|0|0|0|0
44:07:0b:70:9e:93|7|0|0|0|0|0
9e:ba:5a:11:69:bb|3|3|0|0|0|0
f4:f5:d8:84:58:92|0|4|0|0|0|0
94:e2:3c:2c:75:7c|0|2|0|0|0|0
06:62:10:7b:69:82|0|7|0|0|0|0
5a:ac:0a:ef:76:68|0|6|0|0|0|0
1e:e8:29:91:3d:5e|1|0|0|0|0|0
a4:77:33:63:f5:7e|0|3|0|0|0|0
54:60:09:e2:ee:aa|0|6|0|0|0|0
da:a1:19:c7:c7:c7|1|10|0|0|0|0
f4:f5:d8:8d:f2:58|0|11|0|0|0|0
08:9e:08:bc:6c:2b|0|5|0|0|0|0
