36
b4:e6:2d:f6:c8:79
90:9a:4a:80:71:9a|1254|6|28|41|4266|7421
ff:ff:ff:ff:ff:ff|0|3519|0|73|0|13211
90:9a:4a:80:85:9e|1271|0|7|0|552|0
20:aa:4b:5b:e6:4b|1012|0|68|0|12735|0
68:ff:7b:c5:ca:c9|226|0|0|0|0|0
ac:d1:b8:8d:4b:a1|0|7|0|0|0|0
44:07:0b:6c:b6:e3|2|0|0|0|0|0
28:6d:cd:09:2a:ea|0|0|24|5|5462|1100
b4:e6:2d:f6:c8:79|0|3|0|3|0|376
9a:62:e4:b2:2f:73|0|10|0|0|0|0
80:91:33:25:67:05|43|134|0|0|0|0
00:08:07:76:35:b7|0|6|0|0|0|0
74:eb:80:1d:42:94|1|13|0|0|0|0
38:00:25:e8:2f:88|0|63|0|0|0|0
be:c6:58:69:51:42|0|1|0|0|0|0
da:a1:19:15:15:15|3|16|0|0|0|0
c0:06:c3:8f:c0:7b|2|4|12|5|1596|1059
b8:27:eb:81:9a:d6|0|4|0|0|0|0
f0:ef:86:06:76:35|0|14|0|0|0|0
9e:ab:89:2d:82:91|0|2|0|6|0|468
c0:06:c3:8f:c7:99|4|8|5|7|363|951
44:07:0b:2f:49:8b|15|0|0|0|0|0
f4:f5:d8:84:58:92|0|1|0|0|0|0
62:0e:aa:8c:28:27|1|0|0|0|0|0
e4:5f:01:5c:9d:89|0|1|0|0|0|0
01:00:5e:00:00:fa|0|0|0|2|0|228
08:9e:08:bc:6c:2b|0|2|0|0|0|0
be:eb:be:33:26:02|0|3|0|0|0|0
01:00:5e:00:00:01|0|0|0|2|0|160
f4:f5:d8:8d:f2:58|0|8|0|0|0|0
94:e2:3c:2c:75:7c|0|1|0|0|0|0
84:d8:1b:29:48:82|1|0|0|0|0|0
6e:9b:5f:08:9c:b6|0|2|0|0|0|0
54:60:09:e2:ee:aa|0|15|0|0|0|0
52:33:76:63:d9:8f|0|1|0|0|0|0
7c:2e:bd:f4:94:ee|9|0|0|0|0|0
