64
b4:e6:2d:f6:c8:79
90:9a:4a:80:71:9a|1306|5|13|36|1492|6451
ff:ff:ff:ff:ff:ff|0|3090|0|43|0|7950
90:9a:4a:80:85:9e|1260|38|57|315|19935|8066
04:6c:59:1b:72:04|37|55|209|4|5840|666
68:ff:7b:c5:ca:c9|133|0|0|0|0|0
20:aa:4b:5b:e6:4b|625|0|42|73|7824|1992
01:00:5e:00:00:fa|0|0|0|1|0|114
3c:8d:20:4f:d8:e9|6|0|0|0|0|0
cc:50:e3:f0:6b:20|0|0|73|0|1992|0
da:a1:19:99:a7:58|0|42|0|0|0|0
9e:ab:89:2d:82:91|2|23|107|5|2658|414
b4:e6:2d:f6:c8:79|0|1|0|4|0|454
1e:e8:29:e4:16:89|1|0|0|0|0|0
84:e3:42:4b:9d:4f|24|0|0|0|0|0
01:00:5e:7f:ff:fa|0|0|0|43|0|18568
28:6d:cd:09:2a:ea|0|0|27|4|5926|474
54:60:09:01:a1:78|1|0|0|0|0|0
ac:67:84:5b:07:e3|16|48|0|0|0|0
3c:22:fb:60:87:53|3|3|0|0|0|0
c0:06:c3:8f:c0:7b|0|0|3|0|72|0
bc:54:2f:5e:b7:f3|1|6|0|0|0|0
5e:96:02:9b:c4:bd|2|4|0|0|0|0
ba:f5:6e:e7:6c:18|0|1|0|0|0|0
24:77:03:d4:12:38|2|18|0|0|0|0
12:e8:29:e4:16:89|1|0|0|0|0|0
c0:06:c3:8f:c7:99|5|10|6|5|453|564
f6:c1:dc:71:98:a3|4|9|0|0|0|0
01:00:5e:00:00:01|0|0|0|1|0|84
ba:cb:fe:20:2a:7b|2|8|0|0|0|0
f0:ef:86:05:a3:fa|0|10|0|0|0|0
01:00:5e:00:00:fb|0|0|0|2|0|307
20:1f:3b:3a:bb:3d|3|0|0|0|0|0
01:00:5e:00:00:16|0|0|0|1|0|88
f4:f5:d8:8d:f2:58|6|0|0|0|0|0
74:df:bf:45:ac:65|0|3|0|0|0|0
06:7a:6e:9e:bd:0b|0|2|0|0|0|0
c6:14:49:fa:5f:3d|2|12|0|0|0|0
66:18:7e:cc:13:1d|1|0|0|0|0|0
44:07:0b:89:e4:ab|8|0|0|0|0|0
1c:bf:ce:e3:fb:45|0|9|0|0|0|0
a6:50:02:bb:18:47|0|3|0|0|0|0
54:60:09:e2:ee:aa|0|2|0|0|0|0
00:08:07:76:35:b7|0|2|0|0|0|0
6a:73:57:2b:52:ad|0|1|0|0|0|0
1e:5d:cc:9f:4d:9a|0|3|0|0|0|0
90:0c:c8:ff:c0:3c|0|6|0|0|0|0
