32
b4:e6:2d:f6:b6:a5
68:02:b8:1e:7f:1f|1227|0|427|0|74301|0
ff:ff:ff:ff:ff:ff|0|3515|0|281|0|56136
6a:02:98:1e:7f:1f|1226|0|0|0|0|0
d8:b6:b7:7a:3a:61|1346|0|15|128|1312|4142
bc:54:51:02:a4:f0|0|0|85|1|2696|26
01:00:5e:00:00:fb|0|0|0|46|0|5566
b4:e6:2d:f6:b6:a5|0|1|0|4|0|485
fa:c8:61:0b:29:7e|1|7|0|0|0|0
70:ee:50:73:4e:36|0|0|33|0|858|0
b0:95:75:4b:b9:26|0|0|0|33|0|858
da:a1:19:cd:93:9e|0|18|0|0|0|0
a4:3e:a0:a4:2a:46|0|153|0|0|0|0
33:33:00:00:00:01|0|0|0|3|0|584
84:16:f9:07:68:71|0|14|0|0|0|0
0c:54:15:5d:f1:f6|0|7|0|0|0|0
26:17:dc:59:74:f7|0|0|16|2|384|52
0e:26:0a:2f:38:6b|0|0|6|2|144|52
01:00:5e:00:00:01|0|0|0|1|0|88
33:33:00:00:00:16|0|0|0|8|0|992
01:00:5e:00:00:16|0|0|0|9|0|852
01:00:5e:7f:ff:fa|0|0|0|6|0|1278
33:33:00:00:00:fb|0|0|0|40|0|5424
33:33:00:01:00:03|0|0|0|18|0|2146
