18
b4:e6:2d:f6:b6:a5
68:02:b8:1e:7f:1f|1248|0|305|0|60092|0
ff:ff:ff:ff:ff:ff|0|2347|0|284|0|56000
6a:02:98:1e:7f:1f|1247|0|0|0|0|0
b4:e6:2d:f6:b6:a5|0|1|0|3|0|390
a4:3e:a0:a4:2a:46|0|96|0|0|0|0
10:1c:0c:1a:10:10|3|30|0|0|0|0
70:ee:50:73:4e:36|0|0|20|0|520|0
b0:95:75:4b:b9:26|0|0|0|20|0|520
c2:0d:f4:f5:b5:5c|0|6|0|0|0|0
c8:66:5d:1f:4f:54|0|12|0|0|0|0
9c:5d:12:d7:43:d4|0|6|0|0|0|0
01:00:5e:00:00:fb|0|0|0|3|0|768
33:33:00:00:00:fb|0|0|0|3|0|828
33:33:00:00:00:16|0|0|0|2|0|248
01:00:5e:00:00:16|0|0|0|2|0|180
01:80:c2:00:00:0e|0|0|0|1|0|94
33:33:00:00:00:01|0|0|0|3|0|584
01:00:5e:7f:ff:fa|0|0|0|4|0|1000
