36
b4:e6:2d:f6:c8:79
a4:50:46:4c:af:3b|18|44|140|38|9600|5699
90:9a:4a:80:71:9a|1291|18|59|195|8126|19724
ff:ff:ff:ff:ff:ff|0|2752|0|35|0|5702
28:6d:cd:09:2a:ea|0|0|39|6|8722|792
90:9a:4a:80:85:9e|1155|2|4144|2364|5812243|62846
20:aa:4b:5b:e6:4b|472|0|37|0|5937|0
9e:ab:89:2d:82:91|2|42|2364|4143|62846|5812159
54:2a:a2:73:c6:e9|10|45|0|0|0|0
c0:06:c3:8f:c7:99|0|0|8|3|636|315
44:07:0b:2f:49:8b|6|0|0|0|0|0
b4:e6:2d:f6:c8:79|0|2|0|4|0|454
f0:ef:86:05:a3:fa|0|10|0|0|0|0
54:60:09:e2:ee:aa|0|1|0|0|0|0
c0:06:c3:8f:c0:7b|4|8|8|8|766|866
b2:42:1f:ff:c4:2a|0|2|0|0|0|0
f4:f5:d8:8d:f2:58|0|2|0|0|0|0
b8:27:eb:81:9a:d6|0|2|0|0|0|0
68:ff:7b:c5:ca:c9|0|0|2|0|156|0
1a:a5:c3:61:4f:b6|0|0|0|2|0|156
a6:54:f5:24:58:78|0|3|0|0|0|0
24:77:03:d4:12:38|3|9|0|0|0|0
d8:47:32:54:de:63|0|2|0|0|0|0
20:1f:3b:3a:bb:3d|4|0|0|0|0|0
01:00:5e:00:00:fa|0|0|0|1|0|114
08:9e:08:bc:6c:2b|0|1|0|0|0|0
01:00:5e:00:00:01|0|0|0|1|0|84
50:e0:85:84:55:94|3|12|0|0|0|0
44:07:0b:70:9e:93|1|0|0|0|0|0
ca:f6:11:16:a6:b6|1|0|13|0|312|0
48:5a:b6:22:0c:7e|0|8|0|0|0|0
01:00:5e:00:00:fb|0|0|0|1|0|121
34:f6:4b:e3:9c:e8|0|3|0|0|0|0
64:d1:a3:3c:1d:a0|0|0|0|13|0|312
3c:8d:20:19:41:be|0|3|0|0|0|0
a6:23:9c:e5:b4:cb|2|0|0|0|0|0
e4:5f:01:5c:9d:89|0|1|0|0|0|0
