21
b4:e6:2d:f6:b6:a5
70:ee:50:73:4e:36|0|0|154|0|3986|0
b0:95:75:4b:b9:26|0|0|0|154|0|3986
68:02:b8:1e:7f:1f|1253|5|113|0|31876|0
ff:ff:ff:ff:ff:ff|0|2348|0|4|0|304
01:00:5e:00:00:fb|0|0|0|17|0|3875
6a:02:98:1e:7f:1f|1244|0|0|0|0|0
33:33:00:00:00:fb|0|0|0|17|0|4215
10:1c:0c:1a:10:10|7|32|0|60|0|21300
33:33:00:00:00:02|0|0|0|1|0|104
33:33:ff:47:43:51|0|0|0|1|0|120
33:33:ff:d5:57:26|0|0|0|2|0|240
33:33:00:01:00:02|0|0|0|1|0|132
33:33:00:00:00:16|0|0|0|2|0|288
a4:3e:a0:a4:2a:46|0|71|0|0|0|0
33:33:00:00:00:01|0|0|0|4|0|816
58:b1:0f:56:36:08|0|12|0|0|0|0
64:b3:10:aa:e3:3c|0|6|0|0|0|0
1a:27:d6:13:52:af|2|12|0|0|0|0
c8:66:5d:1f:4f:54|0|12|0|0|0|0
b4:e6:2d:f6:b6:a5|0|2|0|4|0|482
7e:42:7e:9a:b0:dd|0|6|0|0|0|0
