68
b4:e6:2d:f6:c8:79
90:9a:4a:80:85:9e|1188|18|83|417|27712|10442
ff:ff:ff:ff:ff:ff|0|3730|0|61|0|11281
90:9a:4a:80:71:9a|1295|7|17|48|1831|6895
04:6c:59:1b:72:04|17|33|217|4|5642|324
20:aa:4b:5b:e6:4b|649|0|49|0|9039|0
9e:ab:89:2d:82:91|2|2|200|4|4800|312
68:ff:7b:c5:ca:c9|771|0|0|0|0|0
6a:a7:b9:89:64:11|11|0|13|0|2097|0
28:6d:cd:09:2a:ea|0|0|27|3|5904|315
b4:e6:2d:f6:c8:79|0|1|0|5|0|544
24:41:8c:45:80:6c|1|0|0|0|0|0
20:1f:3b:3a:bb:3d|40|120|0|0|0|0
01:00:5e:00:00:fb|0|0|0|13|0|1456
01:00:5e:7f:ff:fa|0|0|0|64|0|25918
b0:a7:b9:89:64:1f|5|0|12|0|1492|0
01:00:5e:00:00:fc|0|0|0|5|0|505
24:77:03:d4:12:38|3|18|0|0|0|0
c0:06:c3:8f:c7:99|3|4|6|2|399|237
44:07:0b:2f:49:8b|12|0|0|0|0|0
46:38:8e:f7:c7:81|0|3|0|0|0|0
33:33:00:00:00:01|0|0|0|1|0|120
f2:b2:80:0a:ea:79|1|5|0|0|0|0
20:f4:78:24:ce:e8|0|3|0|0|0|0
da:c7:14:94:b5:d2|0|4|0|0|0|0
e4:5f:01:78:c0:dc|0|2|0|0|0|0
38:00:25:e8:32:12|0|3|0|0|0|0
c0:06:c3:8f:c0:7b|2|4|4|3|150|343
84:d8:1b:29:48:82|1|0|2|0|240|0
50:e0:85:84:55:94|4|9|0|0|0|0
01:00:5e:00:00:fa|0|0|0|2|0|228
f4:c2:48:a2:18:f3|0|2|0|0|0|0
e0:dc:ff:db:25:97|0|1|0|0|0|0
bc:54:2f:5e:b7:f3|2|8|0|0|0|0
8e:0c:ea:12:42:86|0|1|0|0|0|0
0e:be:52:30:5f:e3|0|1|0|0|0|0
a4:50:46:4c:af:3b|2|3|11|4|442|392
66:c6:b6:4f:bf:af|0|1|0|0|0|0
f4:f5:d8:8d:f2:58|3|6|0|0|0|0
7a:49:43:a2:2a:7f|0|5|0|0|0|0
74:df:bf:45:ac:65|0|2|0|0|0|0
20:df:b9:ac:28:3b|3|0|0|0|0|0
36:f2:26:2f:49:f0|0|2|0|0|0|0
01:00:5e:00:00:01|0|0|0|1|0|84
01:00:5e:00:00:16|0|0|0|4|0|352
44:07:0b:60:bf:75|2|0|0|0|0|0
7c:d9:5c:62:1d:99|1|0|0|0|0|0
