51
b4:e6:2d:f6:c8:79
90:9a:4a:80:71:9a|1287|7|31|39|3147|6370
ff:ff:ff:ff:ff:ff|0|3054|0|37|0|6662
90:9a:4a:80:85:9e|1275|0|0|0|0|0
20:aa:4b:5b:e6:4b|602|0|40|52|6966|1248
b4:e6:2d:f6:c8:79|0|2|0|4|0|471
68:ff:7b:c5:ca:c9|94|0|0|0|0|0
44:07:0b:2f:49:8b|8|0|0|0|0|0
1c:bf:ce:e3:fb:45|0|3|0|0|0|0
c0:06:c3:8f:c7:99|7|15|11|23|1029|2202
fe:ba:c3:e5:90:39|1|12|0|0|0|0
28:6d:cd:09:2a:ea|0|0|24|4|5245|474
84:d8:1b:29:48:82|3|0|0|0|0|0
f0:ef:86:05:a3:fa|0|13|0|0|0|0
cc:50:e3:f0:6b:20|0|0|52|0|1248|0
54:2a:a2:73:c6:e9|16|52|0|0|0|0
4e:3b:95:6d:a8:79|1|7|0|0|0|0
84:e3:42:4b:9d:4f|27|0|0|0|0|0
5e:44:1a:03:47:c1|0|9|0|0|0|0
94:9f:3e:84:df:5a|1|12|0|0|0|0
c0:06:c3:8f:c0:7b|0|0|4|0|96|0
b8:81:98:41:b1:49|2|2|0|0|0|0
30:07:4d:7d:5d:46|1|3|0|0|0|0
54:60:09:01:a1:78|4|0|0|0|0|0
44:07:0b:6c:b6:e3|2|0|0|0|0|0
f4:f5:d8:8d:f2:58|10|8|0|0|0|0
b8:27:eb:81:9a:d6|0|5|0|0|0|0
da:a1:19:8c:8c:8c|1|6|0|0|0|0
44:07:0b:70:9e:93|5|0|0|0|0|0
a6:40:fe:c5:b2:89|0|6|0|0|0|0
00:08:07:76:35:b7|0|3|0|0|0|0
bc:54:2f:5e:b7:f3|0|7|0|0|0|0
62:2e:f2:a7:8f:3f|0|14|0|0|0|0
01:00:5e:00:00:fa|0|0|0|2|0|228
f0:ef:86:06:76:35|0|2|0|0|0|0
c6:bd:bc:93:3d:43|0|9|0|0|0|0
d2:04:f9:9a:63:ae|0|3|0|0|0|0
66:ef:9c:57:9d:8d|0|3|0|0|0|0
1e:5c:9b:b5:fd:79|0|3|0|0|0|0
54:3a:d6:77:88:6e|1|6|0|0|0|0
de:5d:b3:d9:9c:1d|1|15|0|0|0|0
56:68:61:2c:82:5b|0|12|0|0|0|0
de:51:02:1a:3c:5e|0|6|0|0|0|0
82:2d:8c:3d:a2:eb|0|11|0|0|0|0
fa:a0:73:0d:e7:06|0|11|0|0|0|0
1e:f3:d9:39:53:37|0|10|0|0|0|0
48:5a:b6:22:0c:7e|0|3|0|0|0|0
24:77:03:d4:12:38|0|7|0|0|0|0
aa:fd:49:b5:a9:c3|0|2|0|0|0|0
01:00:5e:00:00:01|0|0|0|1|0|76
a4:77:33:63:f5:7e|0|3|0|0|0|0
54:60:09:e2:ee:aa|0|3|0|0|0|0
