63
b4:e6:2d:f6:c8:79
a4:50:46:4c:af:3b|34|78|997|4700|156166|6120095
90:9a:4a:80:71:9a|1337|40|4745|1049|6126329|165321
90:9a:4a:80:85:9e|735|5|40|123|11016|3182
ff:ff:ff:ff:ff:ff|0|2524|0|47|0|6977
9e:ab:89:2d:82:91|0|0|8|3|192|234
20:aa:4b:5b:e6:4b|498|0|35|1|5829|78
b4:e6:2d:f6:c8:79|0|2|0|5|0|549
28:6d:cd:09:2a:ea|0|0|34|7|7391|951
38:f9:d3:b3:0c:da|2|0|0|0|0|0
68:ff:7b:c5:ca:c9|154|0|0|0|0|0
04:6c:59:1b:72:04|6|10|115|5|2990|390
44:07:0b:2f:49:8b|9|0|0|0|0|0
c0:06:c3:8f:c7:99|0|0|5|1|309|78
c0:06:c3:8f:c0:7b|6|10|13|3|1455|331
f4:f5:d8:8d:f2:58|4|4|0|0|0|0
54:60:09:e2:ee:aa|0|2|0|0|0|0
01:00:5e:7f:ff:fa|0|0|0|30|0|10769
ec:5c:68:84:b1:4b|0|23|0|0|0|0
00:08:07:76:35:b7|0|1|0|0|0|0
76:78:27:bc:20:c6|0|4|0|0|0|0
8e:bf:b1:1d:a1:86|0|1|0|0|0|0
22:48:f8:26:26:64|1|6|0|0|0|0
20:1f:3b:3a:bb:3d|3|0|0|0|0|0
01:00:5e:00:00:fb|0|0|0|7|0|1617
33:33:00:00:00:fb|0|0|0|1|0|141
16:d9:cb:b5:80:91|0|8|0|0|0|0
33:33:00:00:00:01|0|0|0|1|0|120
0e:f4:91:0b:9f:b0|0|3|0|0|0|0
18:e8:29:e4:16:89|1|0|0|0|0|0
01:00:5e:00:00:01|0|0|0|2|0|168
01:00:5e:00:00:16|0|0|0|7|0|640
82:60:02:d9:c1:fe|0|3|0|0|0|0
74:df:bf:45:ac:65|0|1|0|0|0|0
ae:5d:b1:a1:66:c4|0|4|0|0|0|0
2a:9c:19:40:de:59|0|3|0|0|0|0
8e:f8:57:1f:4a:3e|0|2|0|0|0|0
01:00:5e:00:00:fa|0|0|0|1|0|114
9a:01:30:63:9e:fc|0|3|0|0|0|0
32:a6:08:0e:bf:90|0|3|0|0|0|0
4c:fc:aa:30:f4:e9|0|2|0|0|0|0
86:6d:d0:88:50:16|0|5|0|0|0|0
b8:27:eb:81:9a:d6|1|2|0|0|0|0
a4:50:46:42:f3:41|1|9|0|0|0|0
be:41:40:38:5d:98|0|3|0|0|0|0
b2:ce:58:49:a6:f5|1|3|0|0|0|0
96:6e:a9:7b:e1:6f|0|3|0|0|0|0
