25
b4:e6:2d:f6:b6:a5
d8:b6:b7:7a:3a:61|2|0|0|0|0|0
ff:ff:ff:ff:ff:ff|0|2312|0|210|0|21046
b0:ac:d2:04:78:ff|1|0|0|0|0|0
68:02:b8:1e:7f:1f|1316|0|327|10|62185|260
32:71:e4:08:73:46|0|12|0|0|0|0
6a:02:98:1e:7f:1f|1314|0|0|0|0|0
b4:e6:2d:f6:b6:a5|0|5|0|8|0|2056
01:00:5e:7f:ff:fa|0|0|0|88|0|35914
f8:77:b8:53:10:e8|8|102|0|0|0|0
a4:3e:a0:a4:2a:46|0|108|0|0|0|0
80:1f:02:b4:07:ae|0|0|10|0|260|0
01:00:5e:00:00:fb|0|0|0|7|0|967
33:33:00:00:00:fb|0|0|0|5|0|840
33:33:00:00:00:16|0|0|0|2|0|248
01:00:5e:00:00:02|0|0|0|1|0|90
9e:53:0d:5a:04:f4|0|12|0|0|0|0
54:2a:a2:48:a3:f0|0|42|0|0|0|0
33:33:00:00:00:01|0|0|0|4|0|816
33:33:00:00:00:02|0|0|0|1|0|96
33:33:ff:1e:b6:60|0|0|0|1|0|112
7a:31:ba:8b:0f:62|0|6|0|0|0|0
64:b3:10:aa:e3:3c|0|12|0|0|0|0
3a:dc:43:cd:7c:34|0|12|0|0|0|0
c8:66:5d:1f:4f:54|0|6|0|0|0|0
72:2e:42:41:01:84|0|12|0|0|0|0
