50
b4:e6:2d:f6:b6:a5
68:02:b8:1e:7f:1f|1308|0|317|0|59846|0
ff:ff:ff:ff:ff:ff|0|2367|0|299|0|57078
6a:02:98:1e:7f:1f|1297|0|0|0|0|0
70:ee:50:73:4e:36|0|0|193|0|5018|0
b0:95:75:4b:b9:26|0|0|0|193|0|5018
9e:f3:50:57:b5:22|1|6|0|0|0|0
10:1c:0c:1a:10:10|3|12|0|0|0|0
44:fe:3b:06:5c:71|43|0|0|0|0|0
86:fd:ad:db:68:29|0|1|0|0|0|0
b4:e6:2d:f6:b6:a5|0|2|0|5|0|608
ee:5c:62:2a:7e:05|3|12|0|0|0|0
c8:66:5d:1f:4f:54|0|12|0|0|0|0
1a:f1:9b:d3:21:18|2|0|0|0|0|0
dc:41:a9:b1:30:a0|0|9|0|4|0|368
a4:3e:a0:a4:2a:46|0|75|0|0|0|0
c8:c7:50:54:2d:82|0|2|0|0|0|0
54:2a:a2:48:a3:f0|0|85|0|0|0|0
ee:7d:7e:49:4e:f7|1|0|0|0|0|0
2e:42:70:d2:a0:93|0|1|0|0|0|0
0c:cb:85:ac:77:55|0|1|0|0|0|0
c6:0a:48:80:5a:02|1|0|0|0|0|0
1a:51:76:03:9f:79|1|6|0|0|0|0
c2:a8:e4:f1:87:65|1|6|0|0|0|0
1a:69:fa:83:45:b7|1|0|0|0|0|0
d6:66:c6:44:6f:38|1|0|0|0|0|0
b6:e8:94:5e:b7:c0|1|0|0|0|0|0
aa:b9:52:67:33:af|1|0|0|0|0|0
c6:89:60:46:da:41|1|0|0|0|0|0
26:f1:14:97:64:39|0|12|0|0|0|0
56:85:fd:02:68:98|2|0|0|0|0|0
26:94:9b:c4:cd:39|2|31|0|0|0|0
b2:27:fa:b3:48:30|2|0|0|0|0|0
7a:ce:b1:06:15:8d|0|1|0|0|0|0
33:33:00:00:00:01|0|0|0|3|0|584
33:33:00:00:00:02|0|0|0|1|0|96
33:33:ff:1e:b6:60|0|0|0|1|0|112
ca:19:cd:27:5e:c7|0|4|0|0|0|0
76:07:f7:b2:7a:ff|0|1|0|0|0|0
2a:96:fb:3d:94:d2|0|4|0|0|0|0
64:b3:10:aa:e3:3c|0|1|0|0|0|0
4e:95:92:99:81:af|0|3|0|0|0|0
f6:ba:e4:27:c1:35|0|1|0|0|0|0
4a:c2:b1:ea:c7:a8|0|1|0|0|0|0
6e:11:95:58:de:ef|0|1|0|0|0|0
d6:90:e9:9e:23:fb|0|1|0|0|0|0
fa:63:ae:30:12:d8|1|6|0|0|0|0
7e:a2:1a:ff:c2:28|0|2|0|0|0|0
d8:8c:79:90:f4:9b|0|6|0|0|0|0
01:00:5e:7f:ff:fa|0|0|0|4|0|1000
f0:5c:77:1a:f1:64|0|1|0|0|0|0
