35
b4:e6:2d:f6:b6:a5
d8:b6:b7:7a:3a:61|1360|0|16|86|2385|6845
ff:ff:ff:ff:ff:ff|0|3524|0|138|0|13312
68:02:b8:1e:7f:1f|1302|10|268|87|101448|7866
6a:02:98:1e:7f:1f|1289|0|0|0|0|0
01:00:5e:7f:ff:fa|0|0|0|67|0|32473
b4:e6:2d:f6:b6:a5|0|1|0|3|0|390
bc:54:51:02:a4:f0|0|0|3|3|127|446
70:ee:50:73:4e:36|0|0|10|0|260|0
b0:95:75:4b:b9:26|0|0|0|10|0|260
a4:3e:a0:a4:2a:46|0|113|0|0|0|0
2c:0e:3d:ac:4c:05|0|0|18|0|456|0
54:2a:a2:48:a3:f0|0|99|0|0|0|0
e6:35:23:4e:ab:99|5|95|63|2|6238|52
26:17:dc:59:74:f7|0|0|11|0|264|0
f0:72:ea:da:42:c6|0|21|0|0|0|0
0e:26:0a:2f:38:6b|0|0|9|2|216|52
33:33:00:00:00:01|0|0|0|3|0|584
33:33:00:00:00:02|0|0|0|1|0|96
33:33:ff:1e:b6:60|0|0|0|1|0|112
26:94:9b:c4:cd:39|13|31|69|59|7410|55652
33:33:00:00:00:16|0|0|0|4|0|576
16:2b:77:2f:a8:f3|0|0|26|0|624|0
