41
b4:e6:2d:f6:c8:79
28:6d:cd:09:2a:ea|0|0|30|4|6814|474
90:9a:4a:80:71:9a|1279|6|90|121|12799|15526
ff:ff:ff:ff:ff:ff|0|2631|0|28|0|4224
9e:ab:89:2d:82:91|26|46|866|44|20784|40683
90:9a:4a:80:85:9e|970|26|45|866|40767|20784
20:aa:4b:5b:e6:4b|553|0|29|0|4250|0
c0:06:c3:8f:c0:7b|5|12|11|8|1162|769
b4:e6:2d:f6:c8:79|0|4|0|3|0|376
54:2a:a2:73:c6:e9|12|38|0|0|0|0
c0:06:c3:8f:c7:99|0|0|9|4|726|474
b8:27:eb:3b:22:38|0|3|0|0|0|0
9c:5a:81:3c:9b:3b|0|3|0|0|0|0
f0:ef:86:05:a3:fa|0|9|0|0|0|0
a4:50:46:4c:af:3b|1|2|71|71|6824|10706
24:41:8c:45:80:6c|1|0|0|0|0|0
00:08:07:76:35:b7|0|5|0|0|0|0
18:e8:29:e4:16:89|0|0|1|0|202|0
44:07:0b:70:9e:93|3|0|0|0|0|0
44:07:0b:2f:49:8b|7|0|0|0|0|0
68:ff:7b:c5:ca:c9|3|0|2|0|162|0
c0:d2:dd:2a:21:67|0|1|0|0|0|0
48:5a:b6:22:0c:7e|5|26|0|0|0|0
74:4c:a1:c2:7b:65|0|3|0|0|0|0
34:f6:4b:e3:9c:e8|0|10|0|0|0|0
01:00:5e:00:00:01|0|0|0|2|0|168
f4:f5:d8:8d:f2:58|0|4|0|0|0|0
20:1f:3b:3a:bb:3d|3|0|0|0|0|0
50:e0:85:84:55:94|3|10|0|0|0|0
10:fe:ed:dd:08:06|5|0|0|0|0|0
da:a1:19:c8:c8:c8|1|13|0|0|0|0
01:00:5e:00:00:fa|0|0|0|2|0|228
ae:c9:0e:91:2b:44|0|3|0|0|0|0
24:77:03:d4:12:38|2|4|0|0|0|0
7c:b2:7d:d3:ca:b1|0|3|0|0|0|0
be:4d:20:ef:43:91|0|2|0|0|0|0
da:a1:19:1e:35:71|1|6|0|0|0|0
b8:27:eb:81:9a:d6|0|2|0|0|0|0
0a:cb:f7:12:4a:9c|0|1|0|0|0|0
46:17:6f:b5:a5:8c|0|6|0|0|0|0
1a:a5:c3:61:4f:b6|0|0|0|1|0|78
3e:9d:b9:99:54:06|0|1|0|0|0|0
