64
b4:e6:2d:f6:c8:79
90:9a:4a:80:71:9a|1363|14|76|59|9355|8238
ff:ff:ff:ff:ff:ff|0|2483|0|0|0|0
90:9a:4a:80:85:9e|1111|3|68|273|18822|6924
01:00:5e:7f:ff:fa|0|0|0|33|0|15019
b4:e6:2d:f6:c8:79|0|2|0|13|0|1636
28:6d:cd:09:2a:ea|0|0|28|17|6245|2112
68:ff:7b:c5:ca:c9|222|0|0|0|0|0
ec:5c:68:84:b1:4b|3|45|0|0|0|0
1a:6b:5a:f5:37:85|0|3|0|0|0|0
f6:ba:25:d7:19:eb|1|3|0|0|0|0
9e:ab:89:2d:82:91|3|21|273|34|6924|3719
e6:1d:78:73:e4:e3|0|0|3|0|234|0
20:aa:4b:5b:e6:4b|1|0|0|3|0|234
2a:72:77:00:94:52|0|3|0|0|0|0
5a:d0:ed:9b:4b:2b|1|6|0|0|0|0
20:f4:78:24:ce:e8|0|1|0|0|0|0
3c:22:fb:60:87:53|0|3|0|0|0|0
44:07:0b:89:e4:ab|9|0|0|0|0|0
c0:06:c3:8f:c0:7b|8|13|6|22|441|2630
9e:42:fb:a6:00:f7|1|0|0|0|0|0
f0:72:ea:ef:27:ca|9|0|0|0|0|0
a4:50:46:4c:af:3b|0|0|16|12|760|1495
ee:ab:79:ee:e2:49|0|4|0|0|0|0
22:54:33:3a:59:49|0|3|0|0|0|0
92:54:3b:d3:b6:a2|2|4|0|0|0|0
c2:f2:8f:ae:df:f3|0|2|0|0|0|0
b6:bf:c1:56:be:4b|0|6|0|0|0|0
3e:91:46:b7:8e:0b|1|0|0|0|0|0
00:0c:e7:2f:0b:41|4|9|0|0|0|0
f2:c1:22:92:c8:3c|0|3|0|0|0|0
f6:b1:be:fc:51:17|0|6|0|0|0|0
c0:06:c3:8f:c7:99|6|12|9|12|792|1482
0e:0f:59:40:c6:b9|2|7|0|0|0|0
82:e0:d4:da:f5:34|0|3|0|0|0|0
8e:b5:e7:c8:d7:55|0|3|0|0|0|0
da:a1:19:ed:6f:ce|0|13|0|0|0|0
ba:e2:9d:68:b6:41|1|6|0|0|0|0
04:ea:56:43:69:3f|1|4|0|0|0|0
b8:27:eb:81:9a:d6|0|3|0|0|0|0
7e:3c:6a:92:b2:05|0|3|0|0|0|0
44:07:0b:6c:b6:e3|2|0|0|0|0|0
06:bd:a7:14:6c:e9|1|0|0|0|0|0
f2:b2:80:0a:ea:79|1|0|0|0|0|0
84:d8:1b:29:48:82|0|0|2|0|240|0
01:00:5e:00:00:fb|0|0|0|2|0|240
72:87:a4:dd:80:1d|1|3|0|0|0|0
54:60:09:e2:ee:aa|0|3|0|0|0|0
36:98:b8:92:ae:79|0|3|0|0|0|0
01:00:5e:00:00:01|0|0|0|1|0|84
1a:ad:f2:3a:d8:d4|0|3|0|0|0|0
56:66:34:ef:8a:72|0|3|0|0|0|0
da:a1:19:dd:13:e4|1|6|0|0|0|0
da:14:eb:6b:4d:b0|1|3|0|0|0|0
48:5a:b6:22:0c:7e|0|6|0|0|0|0
d6:d8:4c:10:da:97|0|3|0|0|0|0
be:88:df:54:e2:9c|0|3|0|0|0|0
24:77:03:d4:12:38|2|8|0|0|0|0
36:16:34:3a:35:6a|0|6|0|0|0|0
5e:0c:9f:a2:aa:36|0|3|0|0|0|0
56:d8:c9:88:37:0d|0|3|0|0|0|0
ba:89:3b:44:f7:68|0|3|0|0|0|0
76:78:27:bc:20:c6|0|3|0|0|0|0
42:86:af:2e:cd:4a|0|3|0|0|0|0
f2:e2:47:f3:ec:e9|1|3|0|0|0|0
