31
b4:e6:2d:f6:b6:a5
d8:b6:b7:7a:3a:61|940|0|14|75|1184|2051
ff:ff:ff:ff:ff:ff|0|3129|0|260|0|53840
68:02:b8:1e:7f:1f|1218|0|272|0|55820|0
6a:02:98:1e:7f:1f|1216|0|0|0|0|0
bc:54:51:02:a4:f0|0|0|64|2|1779|204
b4:e6:2d:f6:b6:a5|0|1|0|3|0|390
ee:a3:a9:60:7e:48|0|7|0|0|0|0
d8:8c:79:90:f4:9b|0|7|0|0|0|0
26:6f:1d:c2:e2:46|0|8|0|0|0|0
f0:72:ea:da:42:c6|0|14|0|0|0|0
a4:3e:a0:a4:2a:46|0|113|0|0|0|0
cc:4b:73:b0:02:dc|0|4|0|0|0|0
e6:35:23:4e:ab:99|0|0|8|2|200|52
01:00:5e:00:00:fb|0|0|0|6|0|1004
33:33:00:00:00:01|0|0|0|3|0|584
5c:f5:da:b6:d8:02|0|7|0|0|0|0
01:00:5e:00:00:01|0|0|0|1|0|88
b2:8c:5d:d3:f1:01|0|5|0|0|0|0
00:1c:bf:52:98:29|0|12|0|0|0|0
c8:66:5d:1f:4f:54|0|13|0|0|0|0
84:16:f9:07:68:71|0|28|0|0|0|0
0e:26:0a:2f:38:6b|0|0|3|2|72|52
33:33:00:00:00:02|0|0|0|1|0|108
26:17:dc:59:74:f7|0|0|0|2|0|52
22:14:cf:37:09:52|0|2|0|0|0|0
c0:d2:dd:64:66:15|1|11|0|0|0|0
76:a2:a9:a3:f3:5b|1|7|0|0|0|0
d2:81:e5:04:43:a5|0|8|0|0|0|0
33:33:00:00:00:fb|0|0|0|2|0|416
33:33:00:00:00:16|0|0|0|1|0|124
01:00:5e:00:00:16|0|0|0|1|0|90
