39
b4:e6:2d:f6:c8:79
90:9a:4a:80:71:9a|1184|5|52|49|6117|8565
ff:ff:ff:ff:ff:ff|0|2562|0|60|0|9182
90:9a:4a:80:85:9e|865|0|0|0|0|0
20:aa:4b:5b:e6:4b|515|0|35|4|6028|104
68:ff:7b:c5:ca:c9|60|0|0|0|0|0
44:07:0b:2f:49:8b|14|0|0|0|0|0
28:6d:cd:09:2a:ea|0|0|31|6|6732|792
c0:06:c3:8f:c0:7b|5|10|12|8|1434|866
b2:52:73:db:37:b7|0|1|0|0|0|0
be:a3:d2:b6:c5:3f|0|9|0|0|0|0
ac:d6:18:e0:b8:fc|5|10|0|0|0|0
20:1f:3b:3a:bb:3d|7|0|0|0|0|0
f0:ef:86:21:66:5f|0|3|0|0|0|0
52:41:dc:87:2a:9f|1|1|0|0|0|0
34:c0:59:00:a0:8f|0|1|0|0|0|0
7c:2e:bd:f4:94:ee|8|0|0|0|0|0
b4:e6:2d:f6:c8:79|0|2|0|4|0|454
e2:19:26:20:dc:a3|0|9|0|0|0|0
c0:06:c3:8f:c7:99|0|0|6|6|399|549
e6:1d:78:73:e4:e3|0|0|4|0|104|0
92:05:75:96:87:af|1|6|0|0|0|0
08:9e:08:49:f2:bd|0|5|0|0|0|0
ec:5c:68:84:b1:4b|2|14|0|0|0|0
44:07:0b:70:9e:93|6|0|0|0|0|0
46:0a:34:0d:73:0b|1|4|0|0|0|0
7c:b2:7d:d3:ca:b1|0|4|0|0|0|0
f4:f5:d8:8d:f2:58|2|3|0|0|0|0
b6:02:7e:b3:a7:ab|0|2|0|0|0|0
22:48:f8:26:26:64|1|6|0|0|0|0
ee:69:68:3a:83:3f|0|1|0|0|0|0
01:00:5e:00:00:fa|0|0|0|1|0|114
00:08:07:76:35:b7|0|5|0|0|0|0
d8:47:32:54:de:63|0|1|0|0|0|0
94:e2:3c:2c:75:7c|0|1|0|0|0|0
54:60:09:e2:ee:aa|0|7|0|0|0|0
8e:06:d7:0e:93:f0|0|1|0|0|0|0
6e:5f:f0:0f:5f:a3|0|1|0|0|0|0
84:cf:bf:8f:18:40|0|3|0|0|0|0
01:00:5e:00:00:16|0|0|0|2|0|188
