28
b4:e6:2d:f6:c8:79
90:9a:4a:80:85:9e|1133|1|3435|1007|3053227|512679
ff:ff:ff:ff:ff:ff|0|2504|0|3|0|416
9e:ab:89:2d:82:91|1|2|1007|3434|512679|3053143
90:9a:4a:80:71:9a|1254|24|1691|1340|1727232|184249
b4:e6:2d:f6:c8:79|0|1|0|4|0|471
20:aa:4b:5b:e6:4b|85|0|3|0|416|0
a4:50:46:4c:af:3b|18|46|1301|1669|177916|1724710
68:ff:7b:c5:ca:c9|153|0|0|0|0|0
c0:06:c3:8f:c0:7b|7|11|5|9|228|944
c0:06:c3:8f:c7:99|6|11|10|5|951|633
f4:f5:d8:8d:f2:58|5|0|0|0|0|0
00:9d:6b:1b:82:15|1|18|0|0|0|0
ae:28:56:b4:7a:90|0|3|0|0|0|0
28:6d:cd:09:2a:ea|0|0|24|4|5154|474
06:3c:7c:17:a9:54|0|1|0|0|0|0
72:f8:19:33:71:9a|1|0|0|0|0|0
48:5a:b6:22:0c:7e|0|6|0|0|0|0
ac:d1:b8:8d:4b:a1|0|2|0|0|0|0
3a:4e:06:b5:eb:e4|0|6|0|0|0|0
01:00:5e:00:00:01|0|0|0|1|0|84
da:a1:19:32:1c:68|0|6|0|0|0|0
54:3a:d6:77:88:6e|2|9|0|0|0|0
da:a1:19:18:9b:83|1|0|0|0|0|0
36:9c:0a:0a:63:05|0|5|0|0|0|0
e2:94:15:a3:59:18|0|4|0|0|0|0
b8:27:eb:81:9a:d6|1|1|0|0|0|0
9a:a3:84:7c:2d:ce|0|6|0|0|0|0
72:42:a3:07:b2:78|0|1|0|0|0|0
