24
b4:e6:2d:f6:b6:a5
d8:b6:b7:7a:3a:61|1273|0|9|43|296|1262
ff:ff:ff:ff:ff:ff|0|3514|0|7|0|532
68:02:b8:1e:7f:1f|1223|0|24|0|3301|0
6a:02:98:1e:7f:1f|1223|0|0|0|0|0
01:00:5e:00:00:fb|0|0|0|2|0|512
33:33:00:00:00:fb|0|0|0|2|0|552
bc:54:51:02:a4:f0|0|0|19|2|678|52
b4:e6:2d:f6:b6:a5|0|1|0|4|0|482
c8:66:5d:1f:4f:54|0|14|0|0|0|0
a4:3e:a0:a4:2a:46|0|117|0|0|0|0
26:17:dc:59:74:f7|0|0|14|2|336|52
e6:35:23:4e:ab:99|0|0|8|2|200|52
be:76:3e:84:bb:d5|0|7|0|0|0|0
0e:26:0a:2f:38:6b|0|0|2|2|48|52
f0:72:ea:da:42:c6|0|14|0|0|0|0
9c:5d:12:d7:43:d4|0|6|0|0|0|0
33:33:00:00:00:01|0|0|0|3|0|584
33:33:00:00:00:02|0|0|0|1|0|96
33:33:ff:1e:b6:60|0|0|0|1|0|112
d8:8c:79:90:f4:9b|0|7|0|0|0|0
64:b3:10:aa:e3:3c|0|32|0|0|0|0
80:58:f8:93:88:29|0|0|0|4|0|431
01:00:5e:00:00:01|0|0|0|1|0|88
26:46:c8:e0:84:6d|0|7|0|0|0|0
