31
b4:e6:2d:f6:b6:a5
68:02:b8:1e:7f:1f|1317|0|137|0|47528|0
ff:ff:ff:ff:ff:ff|0|2350|0|10|0|1698
6a:02:98:1e:7f:1f|1300|0|0|0|0|0
70:ee:50:73:4e:36|0|0|97|0|2518|0
b0:95:75:4b:b9:26|0|0|0|97|0|2518
01:00:5e:7f:ff:fa|0|0|0|60|0|30806
a4:3e:a0:a4:2a:46|0|84|0|0|0|0
54:2a:a2:48:a3:f0|0|84|0|0|0|0
10:1c:0c:1a:10:10|0|33|0|0|0|0
24:46:c8:f7:fe:d9|0|6|0|0|0|0
1a:87:40:a5:23:b3|0|12|0|0|0|0
b4:e6:2d:f6:b6:a5|0|2|0|4|0|482
64:b3:10:aa:e3:3c|0|12|0|0|0|0
c8:66:5d:1f:4f:54|0|12|0|0|0|0
33:33:00:00:00:01|0|0|0|3|0|584
92:54:fd:0d:43:2a|2|0|0|0|0|0
9e:80:44:a7:02:47|0|6|0|0|0|0
0e:dc:54:7d:55:d1|0|12|0|0|0|0
ee:79:6a:6c:16:c1|0|6|0|0|0|0
33:33:ff:a5:4e:19|0|0|0|2|0|240
33:33:00:00:00:02|0|0|0|1|0|96
01:00:5e:00:00:fb|0|0|0|24|0|5961
33:33:00:00:00:fb|0|0|0|22|0|6221
33:33:ff:47:43:51|0|0|0|1|0|120
33:33:ff:28:fb:8c|0|0|0|5|0|600
33:33:00:00:00:16|0|0|0|2|0|408
33:33:00:01:00:02|0|0|0|1|0|132
01:00:5e:00:00:02|0|0|0|2|0|180
b6:d4:fc:87:88:57|1|0|0|0|0|0
be:e8:44:e8:e9:3e|2|4|0|0|0|0
fe:89:f6:26:4e:ca|1|0|0|0|0|0
