45
b4:e6:2d:f6:c8:79
20:aa:4b:5b:e6:4b|953|0|68|0|12528|0
ff:ff:ff:ff:ff:ff|0|4058|0|64|0|12146
68:ff:7b:c5:ca:c9|852|0|15|43|3245|1032
90:9a:4a:80:85:9e|1122|1|3|28|240|672
90:9a:4a:80:71:9a|1241|14|48|90|7364|12290
b4:e6:2d:f6:c8:79|0|2|0|5|0|626
a0:78:17:a1:19:64|0|4|43|5|1032|390
a4:50:46:4c:af:3b|5|9|46|25|4382|4139
f4:f5:d8:84:58:92|0|2|0|0|0|0
44:07:0b:70:9e:93|7|0|0|0|0|0
28:6d:cd:09:2a:ea|0|0|26|5|5826|633
f4:f5:d8:8d:f2:58|4|5|0|0|0|0
c0:06:c3:8f:c7:99|5|10|9|5|1088|1100
01:00:5e:00:00:fb|0|0|0|9|0|2771
6e:87:aa:0f:6e:db|0|3|0|0|0|0
2a:c0:4c:78:0d:3b|0|11|0|0|0|0
ea:a6:7a:00:9b:92|0|1|0|0|0|0
c0:06:c3:8f:c0:7b|4|8|9|8|994|866
44:07:0b:2f:49:8b|16|0|0|0|0|0
92:c4:f3:22:de:e9|0|3|0|0|0|0
44:07:0b:6c:b6:e3|1|0|0|0|0|0
a2:e0:6c:67:3c:21|1|0|0|0|0|0
9e:ab:89:2d:82:91|1|2|28|2|672|156
54:60:09:e2:ee:aa|0|7|0|0|0|0
01:00:5e:00:00:fa|0|0|0|2|0|228
d6:68:81:85:17:18|0|4|0|0|0|0
44:07:0b:89:e4:ab|12|0|0|0|0|0
08:9e:08:bc:6c:2b|0|2|0|0|0|0
01:00:5e:00:00:01|0|0|0|3|0|244
7c:2e:bd:f4:94:ee|10|0|0|0|0|0
b8:27:eb:81:9a:d6|0|10|0|0|0|0
c6:a3:d0:90:a3:f0|0|4|0|0|0|0
1e:72:38:61:ee:c8|2|7|0|0|0|0
da:a1:19:b3:b3:b3|1|9|0|0|0|0
7e:3c:6a:92:b2:05|0|2|0|0|0|0
ce:2a:f0:7d:4a:a4|0|2|0|0|0|0
ba:0c:0a:fd:4c:fc|1|23|0|0|0|0
cc:50:e3:f0:6b:20|0|0|0|1|0|78
00:08:07:76:35:b7|0|7|0|0|0|0
00:08:03:bf:74:c3|0|2|0|0|0|0
20:f4:78:24:ce:e8|4|20|0|0|0|0
20:1f:3b:3a:bb:3d|3|0|0|0|0|0
f0:ef:86:06:76:35|0|7|0|0|0|0
d2:7d:b6:09:4f:b1|0|4|0|0|0|0
e4:5f:01:5c:9d:89|0|2|0|0|0|0
