27
b4:e6:2d:f6:b6:a5
68:02:b8:1e:7f:1f|1286|0|424|15|85873|390
ff:ff:ff:ff:ff:ff|0|3521|0|255|0|24682
6a:02:98:1e:7f:1f|1244|0|0|0|0|0
d8:b6:b7:7a:3a:61|1310|0|7|183|488|6416
b4:e6:2d:f6:b6:a5|0|2|0|6|0|669
01:00:5e:7f:ff:fa|0|0|0|87|0|35236
80:1f:02:b4:07:ae|1|20|15|0|390|0
c8:66:5d:1f:4f:54|0|6|0|0|0|0
bc:54:51:02:a4:f0|0|0|78|0|2920|0
e6:35:23:4e:ab:99|0|0|105|2|3496|52
01:00:5e:00:00:fb|0|0|0|31|0|11378
33:33:00:00:00:fb|0|0|0|31|0|11998
a4:3e:a0:a4:2a:46|0|129|0|0|0|0
ea:01:d9:e0:11:c3|0|7|0|0|0|0
84:16:f9:07:68:71|0|14|0|0|0|0
ba:9f:31:f7:09:ae|0|6|0|0|0|0
33:33:00:00:00:02|0|0|0|2|0|204
f8:77:b8:53:10:e8|6|73|0|0|0|0
64:b3:10:aa:e3:3c|0|16|0|0|0|0
33:33:00:00:00:01|0|0|0|3|0|584
33:33:ff:1e:b6:60|0|0|0|1|0|112
2e:1d:1c:f5:38:f2|0|40|0|4|0|506
01:00:5e:00:00:01|0|0|0|1|0|88
33:33:00:00:00:16|0|0|0|4|0|496
01:00:5e:00:00:16|0|0|0|4|0|356
1a:2e:5b:27:6b:53|0|6|0|0|0|0
d0:c6:37:81:ea:b1|0|7|0|0|0|0
