28
b4:e6:2d:f6:b6:a5
68:02:b8:1e:7f:1f|1280|0|26|8|3591|208
ff:ff:ff:ff:ff:ff|0|2424|0|11|0|908
6a:02:98:1e:7f:1f|1243|0|0|0|0|0
26:94:9b:c4:cd:39|0|0|8|0|208|0
02:aa:3f:a7:c9:b1|84|0|0|0|0|0
a4:3e:a0:a4:2a:46|0|113|0|0|0|0
02:aa:3f:a7:c9:b2|42|0|11|0|2754|0
b4:e6:2d:f6:b6:a5|0|1|0|6|0|669
01:00:5e:00:00:fb|0|0|0|5|0|1131
33:33:00:00:00:fb|0|0|0|3|0|705
5a:3c:ea:89:05:b7|2|12|0|0|0|0
33:33:00:00:00:16|0|0|0|3|0|372
5c:f8:21:84:a4:31|0|1|0|0|0|0
2a:23:96:11:7e:b0|0|1|0|0|0|0
72:a9:3d:e9:73:1b|0|2|0|0|0|0
10:1c:0c:1a:10:10|1|36|0|0|0|0
33:33:00:00:00:0c|0|0|0|2|0|1132
01:00:5e:7f:ff:fa|0|0|0|1|0|516
1e:3a:89:07:41:44|0|1|0|0|0|0
6e:30:98:87:52:9d|0|1|0|0|0|0
33:33:ff:92:e9:b1|0|0|0|1|0|120
64:b3:10:aa:e3:3c|0|30|0|0|0|0
8c:c5:b4:3b:6e:56|0|6|0|0|0|0
