49
b4:e6:2d:f6:b6:a5
68:02:b8:1e:7f:1f|1328|13|272|127|44465|8638
ff:ff:ff:ff:ff:ff|0|3692|0|135|0|14140
6a:02:98:1e:7f:1f|1253|0|0|0|0|0
70:2e:22:8d:72:74|1412|62|79|19|39589|598
00:0c:43:18:8e:7b|62|54|19|0|598|0
5c:f8:21:84:a4:31|0|169|0|0|0|0
b4:e6:2d:f6:b6:a5|0|1|0|3|0|390
c8:66:5d:1f:4f:54|0|12|0|0|0|0
b2:c2:87:78:a6:a3|48|0|0|0|0|0
92:5c:14:cf:f6:c9|46|0|0|0|0|0
10:1c:0c:1a:10:10|28|110|127|32|8638|6907
b0:c2:87:78:a6:a2|61|0|12|0|3471|0
01:00:5e:7f:ff:fa|0|0|0|82|0|41177
33:33:00:00:00:16|0|0|0|7|0|988
01:00:5e:00:00:02|0|0|0|5|0|410
01:00:5e:00:00:fb|0|0|0|44|0|10523
33:33:00:00:00:fb|0|0|0|39|0|10893
90:5c:44:cf:f6:c9|8|0|0|0|0|0
e0:76:d0:78:7a:16|0|2|0|0|0|0
33:33:00:00:00:01|0|0|0|5|0|984
a4:3e:a0:a4:2a:46|1|72|0|0|0|0
74:da:38:69:27:22|26|0|0|0|0|0
f0:72:ea:da:42:c6|0|4|0|0|0|0
c2:ce:ee:9b:0f:5e|0|1|0|0|0|0
82:9d:f4:6f:2b:9b|0|6|0|0|0|0
4e:3a:c2:cb:34:39|0|4|0|0|0|0
68:02:b8:76:3c:e4|1|0|0|0|0|0
01:00:5e:00:00:16|0|0|0|2|0|180
9e:8c:c0:df:60:67|0|1|0|0|0|0
ba:00:e8:00:bf:f9|0|6|0|0|0|0
da:72:32:21:c0:df|1|6|0|0|0|0
33:33:00:01:00:03|0|0|0|1|0|127
90:00:4e:37:d4:f2|0|4|0|0|0|0
84:16:f9:07:68:71|0|23|0|0|0|0
33:33:00:00:00:02|0|0|0|2|0|208
ba:9f:c9:a5:b3:39|0|1|0|0|0|0
33:33:ff:47:43:51|0|0|0|1|0|120
33:33:ff:45:91:b7|0|0|0|2|0|240
b2:21:75:56:bb:67|0|1|0|0|0|0
33:33:00:01:00:02|0|0|0|1|0|132
be:9c:dc:85:e4:2b|0|1|0|0|0|0
80:be:05:5f:13:d9|0|1|0|0|0|0
b4:fb:e3:fc:1e:95|0|7|0|0|0|0
ac:67:84:9f:f1:e2|0|1|0|0|0|0
01:00:5e:00:00:01|0|0|0|1|0|80
a6:6f:58:08:fb:50|1|6|0|0|0|0
9a:5d:8a:62:5a:a1|1|0|0|0|0|0
5c:f5:da:b6:d8:02|0|0|0|1|0|26
64:b3:10:aa:e3:3c|1|18|0|0|0|0
