25
b4:e6:2d:f6:c8:79
90:9a:4a:80:85:9e|464|1|302|579|202396|141570
ff:ff:ff:ff:ff:ff|0|1879|0|15|0|1725
90:9a:4a:80:71:9a|1227|7|98|55|10752|6491
20:aa:4b:5b:e6:4b|272|0|16|0|1839|0
a4:50:46:4c:af:3b|0|0|22|15|962|1744
28:6d:cd:09:2a:ea|0|0|18|19|4249|2397
9e:f4:91:e1:b4:9b|0|3|0|0|0|0
b4:e6:2d:f6:c8:79|0|4|0|15|0|1886
9e:ab:89:2d:82:91|1|5|579|301|141570|202312
f2:b2:80:0a:ea:79|1|11|0|0|0|0
50:e0:85:84:55:94|4|13|0|0|0|0
1c:bf:ce:e3:fb:45|0|4|0|0|0|0
08:9e:08:bc:6c:2b|0|2|0|0|0|0
88:46:04:50:5c:49|0|12|0|0|0|0
68:ff:7b:c5:ca:c9|3|0|0|0|0|0
c0:06:c3:8f:c7:99|0|0|6|38|399|3396
ac:d1:b8:8d:4b:a1|0|1|0|0|0|0
c0:06:c3:8f:c0:7b|7|13|9|11|881|1329
54:3a:d6:77:88:6e|0|7|0|0|0|0
01:00:5e:00:00:01|0|0|0|1|0|84
da:a1:19:eb:86:94|0|13|0|0|0|0
aa:fd:49:b5:a9:c3|0|4|0|0|0|0
a4:83:e7:3a:0b:4e|1|0|0|0|0|0
da:b7:02:e6:38:53|0|1|0|0|0|0
01:00:5e:00:00:fa|0|0|0|1|0|114
