36
b4:e6:2d:f6:b6:a5
68:02:b8:1e:7f:1f|1272|0|20|12|2313|547
ff:ff:ff:ff:ff:ff|0|2834|0|7|0|532
6a:02:98:1e:7f:1f|1270|0|0|0|0|0
d8:b6:b7:7a:3a:61|592|0|3|36|262|925
0e:26:0a:2f:38:6b|0|0|15|0|360|0
b4:e6:2d:f6:b6:a5|0|1|0|3|0|390
bc:54:51:02:a4:f0|0|0|3|3|127|262
ba:9f:31:f7:09:ae|0|22|0|0|0|0
70:ee:50:73:4e:36|0|0|93|0|2418|0
b0:95:75:4b:b9:26|0|0|0|93|0|2418
80:58:f8:93:88:29|0|0|12|5|547|599
e6:35:23:4e:ab:99|0|0|4|0|102|0
a4:3e:a0:a4:2a:46|0|64|0|0|0|0
1a:87:40:98:b7:47|0|19|0|0|0|0
0a:bd:95:0a:db:87|0|12|0|0|0|0
33:33:00:00:00:01|0|0|0|3|0|584
26:17:dc:59:74:f7|0|0|14|0|336|0
33:33:00:00:00:02|0|0|0|1|0|96
33:33:ff:1e:b6:60|0|0|0|1|0|112
c8:66:5d:1f:4f:54|0|12|0|0|0|0
64:b3:10:aa:e3:3c|0|26|0|0|0|0
cc:4b:73:b0:02:dc|0|14|0|0|0|0
f0:5c:77:1a:f1:64|0|6|0|0|0|0
c6:51:61:4e:17:d2|0|13|0|0|0|0
4e:9b:05:55:9f:ce|2|25|0|0|0|0
e6:76:a8:16:06:88|0|9|0|0|0|0
aa:ee:61:72:1b:be|0|6|0|0|0|0
02:00:00:00:00:00|0|6|0|0|0|0
8a:e9:a5:8a:59:67|0|21|0|0|0|0
9a:98:e3:09:a9:21|0|16|0|0|0|0
5a:67:23:1f:7a:bd|0|6|0|0|0|0
f2:3e:c8:b9:32:0f|1|0|0|0|0|0
5e:a8:cc:33:d1:bb|1|6|0|0|0|0
7e:18:e3:3a:21:57|1|7|0|0|0|0
f0:72:ea:da:42:c6|0|6|0|0|0|0
a6:ee:10:bf:a9:71|4|12|0|0|0|0
