32
b4:e6:2d:f6:c8:79
9e:ab:89:2d:82:91|12|21|802|11|19248|1394
90:9a:4a:80:85:9e|1012|12|12|802|1478|19248
20:aa:4b:5b:e6:4b|496|0|32|0|5350|0
ff:ff:ff:ff:ff:ff|0|3085|0|32|0|5350
90:9a:4a:80:71:9a|1190|11|22|45|2618|6744
68:ff:7b:c5:ca:c9|459|0|4|0|359|0
b4:e6:2d:f6:c8:79|0|2|0|3|0|376
28:6d:cd:09:2a:ea|0|0|22|4|4654|474
b0:e4:d5:c0:ed:3a|0|3|0|0|0|0
c0:06:c3:8f:c7:99|4|8|9|5|726|552
d8:ce:3a:d3:82:b4|0|5|0|0|0|0
01:00:5e:00:00:fb|0|0|0|1|0|125
c0:06:c3:8f:c0:7b|7|11|10|10|1052|1216
a4:50:46:4c:af:3b|0|0|4|0|312|0
01:00:5e:00:00:01|0|0|0|1|0|84
6a:a7:b9:89:64:11|5|0|0|0|0|0
f4:f5:d8:8d:f2:58|4|5|0|0|0|0
58:ef:68:2a:26:ec|2|0|0|0|0|0
b0:a7:b9:89:64:1f|2|0|0|0|0|0
e4:5f:01:5c:9d:89|0|1|0|0|0|0
a0:78:17:a1:19:64|0|0|0|3|0|234
38:f9:d3:b3:0c:da|2|0|0|0|0|0
44:07:0b:2f:49:8b|6|0|0|0|0|0
f0:ef:86:06:76:35|0|4|0|0|0|0
f4:f5:d8:84:58:92|0|2|0|0|0|0
00:08:07:76:35:b7|0|8|0|0|0|0
08:9e:08:bc:6c:2b|0|2|0|0|0|0
f2:9e:75:f6:f8:91|0|13|0|0|0|0
74:df:bf:45:ac:65|0|1|0|0|0|0
b8:27:eb:81:9a:d6|0|2|0|0|0|0
da:a1:19:91:91:91|0|3|0|0|0|0
00:24:d6:f5:65:ef|0|2|0|0|0|0
