37
b4:e6:2d:f6:c8:79
90:9a:4a:80:71:9a|1298|8|16|60|1730|9313
ff:ff:ff:ff:ff:ff|0|2910|0|45|0|8260
90:9a:4a:80:85:9e|726|0|3|5|240|120
68:ff:7b:c5:ca:c9|353|0|0|0|0|0
00:08:07:76:35:b7|0|4|0|0|0|0
20:aa:4b:5b:e6:4b|705|0|48|75|8570|2002
b4:e6:2d:f6:c8:79|0|2|0|3|0|376
a4:50:46:4c:af:3b|1|2|13|1|1076|78
28:6d:cd:09:2a:ea|0|0|29|5|6404|633
e6:1d:78:73:e4:e3|0|0|75|0|2002|0
80:91:33:25:67:05|0|98|0|0|0|0
c0:06:c3:8f:c0:7b|5|10|12|3|1434|331
9e:ab:89:2d:82:91|0|0|5|2|120|156
f0:ef:86:06:76:35|0|15|0|0|0|0
44:07:0b:70:9e:93|20|44|0|0|0|0
f4:f5:d8:8d:f2:58|4|5|0|0|0|0
00:08:10:80:dc:7a|0|1|0|0|0|0
c0:06:c3:8f:c7:99|2|4|6|4|399|312
20:1f:3b:3a:bb:3d|4|0|0|0|0|0
01:00:5e:00:00:fa|0|0|0|1|0|114
44:07:0b:2f:49:8b|14|0|0|0|0|0
be:fc:b8:d9:eb:f6|0|1|0|0|0|0
01:00:5e:00:00:01|0|0|0|2|0|160
