53
b4:e6:2d:f6:c8:79
20:aa:4b:5b:e6:4b|402|0|42|0|7153|0
ff:ff:ff:ff:ff:ff|0|2574|0|43|0|7323
90:9a:4a:80:85:9e|1043|27|67|231|24636|5860
90:9a:4a:80:71:9a|1239|9|79|110|9488|11433
28:6d:cd:09:2a:ea|0|0|33|25|7404|3153
5e:b0:77:01:39:bb|1|0|0|0|0|0
04:6c:59:1b:72:04|27|36|158|4|4108|312
68:ff:7b:c5:ca:c9|17|0|2|17|156|408
08:9e:08:49:f2:bd|0|8|0|0|0|0
a4:50:46:4c:af:3b|3|6|56|9|1904|1038
ca:f6:11:16:a6:b6|1|1|5|0|120|0
64:d1:a3:3c:1d:a0|0|0|0|5|0|120
01:00:5e:7f:ff:fa|0|0|0|51|0|23052
c0:06:c3:8f:c0:7b|6|12|13|23|1423|2671
c0:06:c3:8f:c7:99|0|0|8|8|702|912
50:e0:85:84:55:94|4|14|0|0|0|0
01:00:5e:00:00:01|0|0|0|2|0|160
9e:ab:89:2d:82:91|0|5|73|2|1752|156
32:f8:be:97:ea:5f|0|1|0|0|0|0
da:a1:19:db:db:db|1|8|0|0|0|0
da:a1:19:57:50:36|0|3|0|0|0|0
54:60:09:e2:ee:aa|0|1|0|0|0|0
1a:a5:c3:61:4f:b6|0|0|17|2|408|156
f0:ef:86:05:a3:fa|0|8|0|0|0|0
b4:e6:2d:f6:c8:79|0|2|0|14|0|1714
7c:b2:7d:d3:ca:b1|0|2|0|0|0|0
f4:f5:d8:8d:f2:58|1|3|0|0|0|0
56:05:5f:e6:fd:5b|0|7|0|0|0|0
0e:b6:ee:8a:eb:66|1|5|0|0|0|0
01:00:5e:00:00:fb|0|0|0|2|0|288
f4:f2:6d:90:44:3c|1|0|0|0|0|0
56:68:61:2c:82:5b|1|5|0|0|0|0
a0:2c:36:28:1e:19|0|3|0|0|0|0
44:07:0b:2f:49:8b|7|0|0|0|0|0
8a:d6:82:e3:e4:d9|1|0|0|0|0|0
5c:5f:67:4a:d7:b0|1|0|0|0|0|0
44:07:0b:70:9e:93|1|0|0|0|0|0
33:33:00:00:00:01|0|0|0|1|0|120
e2:43:a6:1e:5e:ea|0|1|0|0|0|0
00:08:10:80:dc:7a|0|1|0|0|0|0
50:2f:9b:cf:55:b2|1|0|0|0|0|0
d6:03:d9:5e:f8:be|0|1|0|0|0|0
72:8c:80:f2:16:e2|0|3|0|0|0|0
7c:2e:bd:f4:94:ee|8|0|0|0|0|0
7e:81:a9:64:a2:a0|0|5|0|0|0|0
62:82:90:a5:67:5a|0|1|0|0|0|0
f0:ef:86:06:76:35|0|2|0|0|0|0
66:41:72:da:b6:77|1|10|0|0|0|0
22:48:f8:26:26:64|0|4|0|0|0|0
b8:27:eb:81:9a:d6|0|1|0|0|0|0
20:1f:3b:3a:bb:3d|1|0|0|0|0|0
01:00:5e:00:00:fa|0|0|0|1|0|114
01:00:5e:00:00:16|0|0|0|3|0|264
