34
b4:e6:2d:f6:b6:a5
68:02:b8:1e:7f:1f|1271|0|324|11|60294|286
ff:ff:ff:ff:ff:ff|0|3547|0|211|0|20128
6a:02:98:1e:7f:1f|1271|0|0|0|0|0
d8:b6:b7:7a:3a:61|1322|0|15|64|1658|1768
bc:54:51:02:a4:f0|0|0|21|2|728|52
01:00:5e:7f:ff:fa|0|0|0|93|0|37311
1e:91:eb:86:24:ec|0|14|0|0|0|0
b4:e6:2d:f6:b6:a5|0|1|0|4|0|482
22:fd:e3:a8:2b:b8|0|13|0|0|0|0
4e:be:92:78:e7:e2|0|7|0|0|0|0
80:1f:02:b4:07:ae|0|0|11|0|286|0
4a:53:10:24:46:a2|3|32|0|0|0|0
e6:35:23:4e:ab:99|0|0|8|2|200|52
2a:e8:36:3b:e4:76|0|7|0|0|0|0
a4:3e:a0:a4:2a:46|0|119|0|0|0|0
4c:fc:aa:04:98:e5|8|0|0|0|0|0
70:ee:50:73:4e:36|0|0|28|0|726|0
b0:95:75:4b:b9:26|0|0|0|28|0|726
04:4e:af:fb:fd:77|12|0|0|0|0|0
0e:26:0a:2f:38:6b|0|0|12|2|288|52
26:17:dc:59:74:f7|0|0|23|2|552|52
f8:77:b8:53:10:e8|12|122|0|0|0|0
c8:66:5d:1f:4f:54|0|5|0|0|0|0
26:6f:1d:c2:e2:46|0|6|0|0|0|0
f0:5c:77:1a:f1:64|0|7|0|0|0|0
64:b3:10:aa:e3:3c|0|13|0|0|0|0
01:00:5e:00:00:01|0|0|0|1|0|88
01:00:5e:00:00:fb|0|0|0|9|0|1470
33:33:00:00:00:fb|0|0|0|7|0|1383
33:33:00:00:00:01|0|0|0|3|0|584
33:33:00:00:00:02|0|0|0|1|0|96
33:33:ff:1e:b6:60|0|0|0|1|0|112
01:00:5e:00:00:02|0|0|0|1|0|90
9c:5d:12:d7:43:d4|0|6|0|0|0|0
