38
b4:e6:2d:f6:b6:a5
d8:b6:b7:7a:3a:61|1348|0|11|32|1260|776
01:00:5e:7f:ff:fa|0|0|0|83|0|34007
68:02:b8:1e:7f:1f|1311|0|451|16|98793|416
ff:ff:ff:ff:ff:ff|0|3565|0|334|0|60105
6a:02:98:1e:7f:1f|1309|0|0|0|0|0
b4:e6:2d:f6:b6:a5|0|1|0|3|0|390
80:1f:02:b4:07:ae|1|20|16|14|416|1691
70:2c:1f:8a:7c:d7|42|0|0|0|0|0
a4:3e:a0:a4:2a:46|0|177|0|0|0|0
00:0c:e7:48:34:71|0|26|0|0|0|0
c8:66:5d:1f:4f:54|0|24|0|0|0|0
bc:54:51:02:a4:f0|0|0|1|2|24|52
e6:35:23:4e:ab:99|0|0|8|2|200|52
26:17:dc:59:74:f7|0|0|15|0|360|0
1a:87:40:eb:8d:fb|0|14|0|0|0|0
33:33:00:00:00:01|0|0|0|3|0|584
33:33:00:00:00:02|0|0|0|1|0|96
33:33:ff:1e:b6:60|0|0|0|1|0|112
70:ee:50:73:4e:36|0|0|20|0|520|0
b0:95:75:4b:b9:26|0|0|0|20|0|520
34:7e:5c:38:ae:a0|0|1|0|0|0|0
04:4e:af:fb:fd:77|7|0|0|0|0|0
0e:26:0a:2f:38:6b|0|0|8|2|192|52
7a:11:f8:97:67:f7|2|0|0|0|0|0
1a:87:40:3a:c9:6a|0|31|0|0|0|0
f8:77:b8:53:10:e8|6|60|0|0|0|0
01:00:5e:00:00:fb|0|0|0|8|0|1342
33:33:00:00:00:fb|0|0|0|7|0|1392
01:00:5e:00:00:02|0|0|0|1|0|90
ca:5c:c9:73:6f:f4|0|13|0|0|0|0
88:9f:6f:ab:69:ae|0|14|0|0|0|0
01:00:5e:00:00:01|0|0|0|1|0|88
c8:c7:50:54:2d:82|0|6|0|0|0|0
64:b3:10:aa:e3:3c|0|19|0|0|0|0
84:16:f9:07:68:71|0|7|0|0|0|0
70:bc:10:16:23:53|0|7|0|0|0|0
1a:87:40:7d:ac:eb|0|14|0|0|0|0
4e:9b:05:55:9f:ce|0|27|0|0|0|0
