48
b4:e6:2d:f6:b6:a5
68:02:b8:1e:7f:1f|1352|0|479|0|83846|0
ff:ff:ff:ff:ff:ff|0|2913|0|339|0|63838
6a:02:98:1e:7f:1f|1345|0|0|0|0|0
d8:b6:b7:7a:3a:61|696|0|16|135|1756|3656
a4:3e:a0:a4:2a:46|0|137|0|0|0|0
26:17:dc:59:74:f7|0|0|40|2|960|52
b4:e6:2d:f6:b6:a5|0|1|0|4|0|482
0e:26:0a:2f:38:6b|0|0|65|2|1560|52
01:00:5e:00:00:fb|0|0|0|71|0|8619
33:33:00:00:00:fb|0|0|0|12|0|2198
01:00:5e:00:00:16|0|0|0|9|0|834
33:33:00:00:00:16|0|0|0|8|0|996
32:13:47:3f:94:80|0|3|0|0|0|0
32:13:9b:3c:d8:0a|2|13|0|0|0|0
8a:fd:6a:72:13:3b|1|6|0|0|0|0
bc:54:51:02:a4:f0|0|0|22|2|936|52
2e:6b:12:15:e0:22|2|20|0|0|0|0
01:00:5e:7f:ff:fa|0|0|0|24|0|5811
94:e2:3c:3e:11:65|0|14|0|0|0|0
88:9f:6f:ab:69:ae|0|40|0|0|0|0
32:55:6a:cd:09:73|2|18|0|0|0|0
e6:35:23:4e:ab:99|0|0|8|0|200|0
33:33:ff:4e:85:99|0|0|0|9|0|1080
b2:d6:cc:a1:10:26|2|19|0|0|0|0
f6:5e:dd:ca:d7:fd|2|13|0|0|0|0
7e:29:06:b6:e5:24|0|12|0|0|0|0
f8:77:b8:53:10:e8|9|146|0|0|0|0
fa:63:4a:a0:5c:35|2|12|0|0|0|0
4a:3e:71:5a:70:bf|2|0|0|0|0|0
4a:93:ab:63:a4:e0|2|0|0|0|0|0
01:00:5e:00:00:01|0|0|0|1|0|88
64:b3:10:aa:e3:3c|0|18|0|0|0|0
fe:c9:94:4e:16:22|2|1|0|0|0|0
01:80:c2:00:00:0e|0|0|0|5|0|470
92:59:9d:ae:a7:d1|1|0|0|0|0|0
33:33:00:01:00:03|0|0|0|1|0|129
01:00:5e:00:00:fc|0|0|0|1|0|109
b6:f1:bf:e1:6c:f1|2|0|0|0|0|0
c6:2e:b6:32:57:20|0|2|0|0|0|0
22:af:87:33:98:39|1|0|0|0|0|0
62:36:35:4a:70:de|1|0|0|0|0|0
84:16:f9:07:68:71|0|7|0|0|0|0
33:33:00:00:00:01|0|0|0|3|0|584
33:33:00:00:00:02|0|0|0|1|0|96
33:33:ff:1e:b6:60|0|0|0|1|0|112
80:58:f8:93:88:29|0|8|0|0|0|0
a2:a8:da:58:47:6e|2|19|0|0|0|0
f0:5c:77:1a:f1:64|0|6|0|0|0|0
