26
b4:e6:2d:f6:b6:a5
68:02:b8:1e:7f:1f|1211|0|320|0|61865|0
ff:ff:ff:ff:ff:ff|0|3433|0|267|0|54372
6a:02:98:1e:7f:1f|1161|0|0|0|0|0
d8:b6:b7:7a:3a:61|1216|0|9|42|296|1183
bc:54:51:02:a4:f0|0|0|13|2|479|52
b4:e6:2d:f6:b6:a5|0|2|0|4|0|482
01:00:5e:00:00:fb|0|0|0|13|0|2138
a4:3e:a0:a4:2a:46|0|100|0|0|0|0
0e:26:0a:2f:38:6b|0|0|10|2|240|52
e6:35:23:4e:ab:99|0|0|8|2|200|52
ba:64:16:5c:70:ac|2|0|46|0|1104|0
68:02:b8:2e:8d:67|0|1|0|46|0|1104
26:17:dc:59:74:f7|0|0|11|2|264|52
01:00:5e:00:00:16|0|0|0|6|0|540
4e:9b:05:55:9f:ce|1|19|0|0|0|0
01:00:5e:00:00:01|0|0|0|1|0|88
c8:66:5d:1f:4f:54|0|6|0|0|0|0
80:58:f8:93:88:29|0|0|0|25|0|3257
46:3f:cb:10:8a:42|0|2|0|0|0|0
24:46:c8:f7:fe:d9|0|14|0|0|0|0
33:33:00:00:00:fb|0|0|0|3|0|828
33:33:00:00:00:16|0|0|0|2|0|248
82:90:fb:e2:55:4a|0|2|0|0|0|0
26:94:9b:c4:cd:39|2|0|0|0|0|0
e6:f9:9f:e6:ff:35|0|7|0|0|0|0
f0:72:ea:da:42:c6|0|7|0|0|0|0
