31
b4:e6:2d:f6:b6:a5
d8:b6:b7:7a:3a:61|1264|0|10|54|690|1528
ff:ff:ff:ff:ff:ff|0|3463|0|7|0|532
68:02:b8:1e:7f:1f|1207|0|29|0|4484|0
6a:02:98:1e:7f:1f|1207|0|0|0|0|0
e6:35:23:4e:ab:99|0|0|8|2|200|52
bc:54:51:02:a4:f0|0|0|22|4|752|472
26:17:dc:59:74:f7|0|0|19|2|456|52
70:ee:50:73:4e:36|0|0|21|0|546|0
b0:95:75:4b:b9:26|0|0|0|21|0|546
b4:e6:2d:f6:b6:a5|0|1|0|4|0|482
a4:3e:a0:a4:2a:46|0|141|0|0|0|0
01:00:5e:00:00:fb|0|0|0|4|0|1024
33:33:00:00:00:fb|0|0|0|4|0|1104
33:33:00:00:00:16|0|0|0|2|0|248
01:00:5e:00:00:16|0|0|0|2|0|180
0e:26:0a:2f:38:6b|0|0|5|1|120|26
9c:5d:12:d7:43:d4|0|6|0|0|0|0
01:00:5e:00:00:01|0|0|0|1|0|88
c8:66:5d:1f:4f:54|0|26|0|0|0|0
12:06:7a:94:52:a9|0|7|0|0|0|0
3e:3c:6d:b4:fe:2c|0|7|0|0|0|0
d8:8c:79:90:f4:9b|0|7|0|0|0|0
e2:eb:9a:72:81:69|2|0|0|0|0|0
02:a2:b1:49:32:72|0|7|0|0|0|0
33:33:00:00:00:01|0|0|0|3|0|584
33:33:00:00:00:02|0|0|0|1|0|96
33:33:ff:1e:b6:60|0|0|0|1|0|112
64:b3:10:aa:e3:3c|0|1|0|0|0|0
80:58:f8:93:88:29|0|0|0|1|0|122
f0:72:ea:da:42:c6|0|7|0|0|0|0
aa:5a:a5:68:95:a2|0|7|0|0|0|0
