25
b4:e6:2d:f6:b6:a5
68:02:b8:1e:7f:1f|1230|0|37|0|4953|0
ff:ff:ff:ff:ff:ff|0|3514|0|7|0|532
6a:02:98:1e:7f:1f|1229|0|0|0|0|0
d8:b6:b7:7a:3a:61|1241|0|8|34|270|938
01:00:5e:00:00:fb|0|0|0|6|0|1046
33:33:00:00:00:fb|0|0|0|5|0|1056
33:33:00:00:00:16|0|0|0|4|0|496
01:00:5e:00:00:02|0|0|0|1|0|90
b4:e6:2d:f6:b6:a5|0|1|0|7|0|761
01:00:5e:00:00:16|0|0|0|2|0|180
bc:54:51:02:a4:f0|0|0|16|1|498|26
a4:3e:a0:a4:2a:46|0|134|0|0|0|0
1a:87:40:38:f6:96|0|8|0|0|0|0
26:17:dc:59:74:f7|0|0|9|2|216|52
e6:35:23:4e:ab:99|0|0|8|2|200|52
0e:26:0a:2f:38:6b|0|0|1|2|24|52
33:33:00:00:00:01|0|0|0|3|0|584
33:33:00:00:00:02|0|0|0|1|0|96
33:33:ff:1e:b6:60|0|0|0|1|0|112
26:46:c8:f6:2e:7c|0|13|0|0|0|0
01:00:5e:00:00:01|0|0|0|1|0|88
9c:5d:12:d7:43:d4|0|6|0|0|0|0
f0:72:ea:da:42:c6|0|7|0|0|0|0
