27
b4:e6:2d:f6:b6:a5
68:02:b8:1e:7f:1f|1252|0|4|0|482|0
ff:ff:ff:ff:ff:ff|0|2646|0|4|0|376
6a:02:98:1e:7f:1f|1227|0|0|0|0|0
02:aa:3f:a7:c9:b2|195|0|16|0|6189|0
b4:e6:2d:f6:b6:a5|0|2|0|4|0|482
02:aa:3f:a7:c9:b1|189|0|0|0|0|0
5c:f8:21:84:a4:31|0|25|0|0|0|0
a4:3e:a0:a4:2a:46|0|126|0|0|0|0
01:00:5e:00:00:fb|0|0|0|2|0|486
dc:bd:7a:1e:22:bd|1|0|1|0|96|0
7c:16:89:dc:01:46|0|1|0|1|0|96
33:33:00:00:00:16|0|0|0|1|0|124
1a:77:69:f4:92:7c|0|1|0|0|0|0
58:b1:0f:56:36:08|0|6|0|0|0|0
8a:7f:03:d5:e3:d4|0|3|0|0|0|0
32:f1:59:dd:85:5c|0|3|0|0|0|0
10:1c:0c:1a:10:10|2|0|0|0|0|0
c8:66:5d:1f:4f:54|0|18|0|0|0|0
e4:5f:01:7e:fb:99|0|1|0|0|0|0
d8:8c:79:90:f4:9b|0|6|0|0|0|0
fe:bc:09:c6:e3:db|0|1|0|0|0|0
da:e3:55:fa:06:9c|0|1|0|0|0|0
01:00:5e:7f:ff:fa|0|0|0|4|0|2245
33:33:00:00:00:0c|0|0|0|5|0|2958
