22
b4:e6:2d:f6:b6:a5
68:02:b8:1e:7f:1f|1258|0|6|0|974|0
ff:ff:ff:ff:ff:ff|0|2438|0|7|0|550
6a:02:98:1e:7f:1f|1255|0|0|0|0|0
b4:e6:2d:f6:b6:a5|0|2|0|3|0|390
72:fe:3b:06:5c:73|47|0|0|0|0|0
44:fe:3b:06:5c:71|136|0|7|0|550|0
6a:fe:2a:02:54:04|0|2|0|0|0|0
0c:96:e6:13:35:0e|0|5|0|0|0|0
10:1c:0c:1a:10:10|1|12|0|0|0|0
58:b1:0f:56:36:08|0|26|0|0|0|0
a4:3e:a0:a4:2a:46|0|114|0|0|0|0
c8:66:5d:1f:4f:54|0|6|0|0|0|0
2c:db:07:46:b4:19|0|10|0|0|0|0
d8:8c:79:90:f4:9b|0|6|0|0|0|0
70:ee:50:73:4e:36|0|0|18|0|468|0
b0:95:75:4b:b9:26|0|0|0|18|0|468
33:33:00:00:00:01|0|0|0|3|0|584
9c:5d:12:d7:43:d4|0|6|0|0|0|0
64:b3:10:aa:e3:3c|0|18|0|0|0|0
dc:dc:e2:b9:25:18|0|7|0|0|0|0
f0:5c:77:1a:f1:64|0|8|0|0|0|0
1a:87:40:07:c6:f5|0|37|0|0|0|0
