31
b4:e6:2d:f6:b6:a5
68:02:b8:1e:7f:1f|1308|0|499|0|85568|0
ff:ff:ff:ff:ff:ff|0|2127|0|210|0|22021
6a:02:98:1e:7f:1f|1108|0|0|0|0|0
b4:e6:2d:f6:b6:a5|0|2|0|3|0|390
01:00:5e:00:00:fb|0|0|0|67|0|14318
a4:3e:a0:a4:2a:46|0|129|0|0|0|0
64:b3:10:aa:e3:3c|0|6|0|0|0|0
01:00:5e:7f:ff:fa|0|0|0|56|0|28956
d0:c6:37:81:ea:b1|0|18|0|0|0|0
7c:1c:4e:74:5f:32|0|12|0|0|0|0
68:02:b8:2e:8d:67|12|0|0|0|0|0
33:33:00:01:00:02|0|0|0|2|0|343
33:33:00:00:00:fb|0|0|0|51|0|7272
33:33:00:01:00:03|0|0|0|46|0|5482
62:45:bd:0f:13:87|0|6|0|0|0|0
01:00:5e:00:00:fc|0|0|0|46|0|4562
33:33:ff:40:08:c5|0|0|0|2|0|224
33:33:00:00:00:02|0|0|0|1|0|96
33:33:ff:03:7f:63|0|0|0|2|0|232
33:33:ff:1e:b6:60|0|0|0|1|0|120
c8:66:5d:1f:4f:54|0|11|0|0|0|0
33:33:00:00:00:01|0|0|0|6|0|944
01:00:5e:00:00:16|0|0|0|4|0|360
