38
b4:e6:2d:f6:b6:a5
68:02:b8:1e:7f:1f|1284|0|323|0|61292|0
ff:ff:ff:ff:ff:ff|0|2365|0|306|0|58650
6a:02:98:1e:7f:1f|1277|0|0|0|0|0
b4:e6:2d:f6:b6:a5|0|2|0|4|0|482
dc:41:a9:b1:30:a0|0|9|0|4|0|368
44:fe:3b:06:5c:71|27|0|0|0|0|0
54:2a:a2:48:a3:f0|0|105|0|0|0|0
a4:3e:a0:a4:2a:46|0|67|0|0|0|0
64:b3:10:aa:e3:3c|0|28|0|0|0|0
ae:36:43:26:e6:c9|0|1|0|0|0|0
8e:ff:15:41:18:26|2|0|0|0|0|0
10:1c:0c:1a:10:10|3|6|0|0|0|0
66:92:7f:c4:91:8a|2|0|0|0|0|0
26:e6:cc:96:8b:3b|2|0|0|0|0|0
9c:5d:12:d7:43:d4|0|6|0|0|0|0
70:ee:50:73:4e:36|0|0|19|0|494|0
b0:95:75:4b:b9:26|0|0|0|19|0|494
2a:f3:75:77:07:26|4|5|0|0|0|0
c8:66:5d:1f:4f:54|0|6|0|0|0|0
c2:53:7d:9d:2b:66|3|11|0|0|0|0
e6:24:5b:1f:61:1a|0|1|0|0|0|0
fa:e1:61:49:66:80|2|0|0|0|0|0
33:33:00:00:00:01|0|0|0|3|0|584
33:33:00:00:00:02|0|0|0|1|0|96
33:33:ff:1e:b6:60|0|0|0|1|0|112
ca:96:a0:ca:b4:3c|2|0|0|0|0|0
01:00:5e:7f:ff:fa|0|0|0|4|0|1000
1e:28:67:78:b8:70|0|1|0|0|0|0
2c:db:07:46:b4:19|0|2|0|0|0|0
6a:1b:3b:23:cd:4b|1|0|0|0|0|0
d2:02:af:69:95:f2|1|0|0|0|0|0
4e:ed:40:36:9e:5c|1|0|0|0|0|0
ee:ab:ab:db:b2:aa|1|0|0|0|0|0
42:e0:69:70:9f:c1|1|0|0|0|0|0
16:73:61:31:e7:cd|1|0|0|0|0|0
8e:16:50:da:2d:5f|1|0|0|0|0|0
42:a3:e0:32:c5:b3|1|0|0|0|0|0
f0:5c:77:1a:f1:64|0|1|0|0|0|0
