56
b4:e6:2d:f6:b6:a5
00:0c:43:18:8e:7b|11|19|1|0|26|0
70:2e:22:8d:72:74|387|11|14|1|6646|26
6a:02:98:1e:7f:1f|952|0|0|0|0|0
ff:ff:ff:ff:ff:ff|0|3584|0|293|0|57524
b2:c2:87:78:a6:a3|237|0|0|0|0|0
68:02:b8:1e:7f:1f|916|6|407|54|85839|2354
b0:c2:87:78:a6:a2|243|0|41|0|12705|0
0c:54:a5:02:31:6d|478|0|18|0|5383|0
0e:54:a5:02:31:6e|401|0|0|0|0|0
01:00:5e:00:00:fb|0|0|0|28|0|6601
33:33:00:00:00:fb|0|0|0|25|0|6328
54:be:f7:19:78:e1|247|0|7|0|2450|0
e2:00:36:4d:e1:0c|0|2|0|0|0|0
b4:e6:2d:f6:b6:a5|0|3|0|3|0|390
10:1c:0c:1a:10:10|9|29|54|55|2354|18302
b4:fb:e3:fc:1e:95|0|50|0|0|0|0
33:33:00:00:00:16|0|0|0|3|0|552
01:00:5e:00:00:02|0|0|0|1|0|80
5c:f8:21:84:a4:31|0|68|0|0|0|0
01:00:5e:7f:ff:fa|0|0|0|41|0|16840
90:00:4e:37:d4:f2|0|1|0|0|0|0
33:33:00:00:00:02|0|0|0|1|0|104
33:33:ff:47:43:51|0|0|0|1|0|120
33:33:ff:57:e3:e2|0|0|0|2|0|240
33:33:00:01:00:02|0|0|0|1|0|132
22:00:4e:37:d4:f2|0|1|0|0|0|0
33:33:00:00:00:01|0|0|0|2|0|352
a4:3e:a0:a4:2a:46|0|36|0|0|0|0
f0:72:ea:da:42:c6|0|5|0|0|0|0
6a:02:98:76:3c:e4|4|0|0|0|0|0
68:02:b8:76:3c:e4|3|0|0|0|0|0
e6:4a:de:39:d8:70|0|8|0|0|0|0
70:c9:4e:74:42:3f|0|1|0|0|0|0
fe:6d:21:d9:48:89|0|1|0|0|0|0
84:16:f9:07:68:71|0|7|0|0|0|0
01:00:5e:40:98:8f|0|0|0|6|0|1272
c8:66:5d:1f:4f:54|0|11|0|0|0|0
33:33:ef:c0:98:8f|0|0|0|11|0|2574
20:68:9d:a5:0c:4d|0|2|0|0|0|0
01:00:5e:00:00:16|0|0|0|2|0|176
e0:76:d0:78:7a:16|0|1|0|0|0|0
02:f3:ad:d6:80:ea|0|4|0|0|0|0
3e:2e:60:eb:82:83|0|0|0|2|0|207
5c:f5:da:b6:d8:02|0|5|0|0|0|0
64:b3:10:aa:e3:3c|0|8|0|0|0|0
dc:f7:56:40:0f:c6|0|0|0|1|0|181
33:33:ff:2d:1e:4e|0|0|0|6|0|720
2c:33:7a:7f:1d:55|0|0|1|0|90|0
c0:38:96:37:de:45|0|0|0|1|0|90
01:00:5e:00:00:fc|0|0|0|2|0|201
33:33:00:01:00:03|0|0|0|1|0|127
ca:cf:03:45:d1:ef|3|9|0|0|0|0
ac:67:84:9f:f1:e2|0|4|0|0|0|0
da:a1:19:5f:01:18|0|11|0|0|0|0
8a:d0:66:6c:89:62|0|3|0|0|0|0
4c:dd:31:1a:15:c8|0|1|0|0|0|0
