27
b4:e6:2d:f6:b6:a5
d8:b6:b7:7a:3a:61|1204|0|8|30|208|838
ff:ff:ff:ff:ff:ff|0|3447|0|342|0|61842
68:02:b8:1e:7f:1f|1232|0|390|15|68402|390
6a:02:98:1e:7f:1f|1234|0|0|0|0|0
01:00:5e:7f:ff:fa|0|0|0|19|0|2185
80:58:f8:93:88:29|0|26|0|9|0|1115
b4:e6:2d:f6:b6:a5|0|3|0|8|0|1032
a4:3e:a0:a4:2a:46|0|114|0|0|0|0
80:1f:02:b4:07:ae|1|20|15|0|390|0
52:d6:11:3e:ea:b4|1|0|0|0|0|0
bc:54:51:02:a4:f0|0|0|4|2|206|52
e6:35:23:4e:ab:99|0|0|8|2|200|52
26:94:9b:c4:cd:39|2|1|0|0|0|0
f0:72:ea:da:42:c6|0|14|0|0|0|0
26:17:dc:59:74:f7|0|0|14|2|336|52
5e:a6:2f:23:5a:5d|0|7|0|0|0|0
0e:26:0a:2f:38:6b|0|0|4|2|96|52
c8:66:5d:1f:4f:54|0|12|0|0|0|0
d8:8c:79:90:f4:9b|0|6|0|0|0|0
7a:f3:25:c1:9e:69|0|1|0|0|0|0
f0:5c:77:1a:f1:64|0|12|0|0|0|0
01:00:5e:00:00:fb|0|0|0|4|0|860
33:33:00:00:00:fb|0|0|0|4|0|940
33:33:00:00:00:16|0|0|0|2|0|248
01:00:5e:00:00:16|0|0|0|2|0|180
ea:a1:78:7a:a5:0d|0|4|0|0|0|0
b2:eb:65:6d:71:13|0|7|0|0|0|0
