58
b4:e6:2d:f6:c8:79
90:9a:4a:80:85:9e|1155|7|52|288|14453|7533
ff:ff:ff:ff:ff:ff|0|3014|0|41|0|7440
20:aa:4b:5b:e6:4b|732|0|43|0|7612|0
90:9a:4a:80:71:9a|1208|4|27|71|3044|10397
28:6d:cd:09:2a:ea|0|0|33|5|7313|552
04:6c:59:1b:72:04|5|11|105|7|2853|725
9e:ab:89:2d:82:91|4|17|183|7|4680|774
68:ff:7b:c5:ca:c9|6|0|0|0|0|0
b4:e6:2d:f6:c8:79|0|2|0|4|0|454
a4:50:46:4c:af:3b|0|0|18|4|1216|449
da:a1:19:c3:fb:4a|0|11|0|0|0|0
b8:27:eb:81:9a:d6|0|3|0|0|0|0
f4:f5:d8:8d:f2:58|2|2|0|0|0|0
c0:06:c3:8f:c7:99|0|0|10|5|951|633
ca:f6:11:16:a6:b6|0|1|0|0|0|0
f0:ef:86:05:a3:fa|0|9|0|0|0|0
01:00:5e:7f:ff:fa|0|0|0|28|0|11575
c2:97:19:19:26:2a|1|0|0|0|0|0
01:00:5e:00:00:fb|0|0|0|7|0|1101
68:54:5a:59:ed:f9|0|5|0|0|0|0
42:75:b4:8e:62:f3|0|3|0|0|0|0
c0:3c:59:93:37:44|1|0|0|0|0|0
7c:2e:bd:f4:94:ee|8|0|0|0|0|0
c0:06:c3:8f:c0:7b|4|8|10|9|917|956
66:33:9a:d3:00:f2|0|1|0|0|0|0
00:08:03:bf:74:c3|0|1|0|0|0|0
20:1f:3b:3a:bb:3d|4|0|0|0|0|0
84:4b:f5:19:a0:99|0|7|0|0|0|0
44:07:0b:2f:49:8b|9|0|0|0|0|0
44:07:0b:70:9e:93|4|0|0|0|0|0
3a:01:1f:c6:bb:67|0|2|0|0|0|0
44:07:0b:6c:b6:e3|1|0|0|0|0|0
01:00:5e:00:00:01|0|0|0|2|0|160
01:00:5e:00:00:16|0|0|0|2|0|176
f6:19:ae:1d:34:14|0|1|0|0|0|0
54:60:09:e2:ee:aa|0|4|0|0|0|0
0a:88:22:3c:8f:ac|0|3|0|0|0|0
3c:22:fb:60:87:53|1|0|0|0|0|0
5e:5a:f8:c9:8b:2b|0|1|0|0|0|0
ca:47:94:ab:55:23|0|1|0|0|0|0
0a:26:07:17:f8:71|2|0|0|0|0|0
30:07:4d:7d:5d:46|0|3|0|0|0|0
6e:bd:aa:e3:9a:a9|0|2|0|0|0|0
ce:bf:70:e8:6e:f2|0|6|0|0|0|0
ea:ad:c6:91:cc:0c|0|1|0|0|0|0
0e:ef:92:d3:bc:b6|0|1|0|0|0|0
76:ac:92:35:ef:ae|1|0|0|0|0|0
ee:68:99:46:e3:1d|0|1|0|0|0|0
01:00:5e:00:00:fa|0|0|0|1|0|114
10:fe:ed:dd:08:06|1|0|0|0|0|0
66:7f:aa:9b:82:39|1|4|0|0|0|0
56:68:61:2c:82:5b|1|3|0|0|0|0
02:00:00:00:00:00|0|2|0|0|0|0
26:4b:f5:19:a0:99|0|2|0|0|0|0
9c:b6:d0:9c:15:43|0|2|0|0|0|0
de:1a:9c:ba:ac:11|1|0|0|0|0|0
b2:6e:7e:26:57:03|2|6|0|0|0|0
5a:84:a1:2a:f6:65|0|3|0|0|0|0
