54
b4:e6:2d:f6:c8:79
90:9a:4a:80:71:9a|1269|10|83|99|14756|9651
ff:ff:ff:ff:ff:ff|0|3185|0|36|0|5884
90:9a:4a:80:85:9e|819|1|1214|1202|1701706|32091
20:aa:4b:5b:e6:4b|691|0|39|0|6232|0
68:ff:7b:c5:ca:c9|583|0|9|4|990|96
9e:ab:89:2d:82:91|1|17|1202|1181|32091|1684660
28:6d:cd:09:2a:ea|0|0|24|4|5154|474
f2:b2:80:0a:ea:79|2|20|0|0|0|0
b4:e6:2d:f6:c8:79|0|2|0|3|0|376
c0:06:c3:8f:c0:7b|4|8|11|8|1076|866
a0:2c:36:28:1e:19|0|22|0|0|0|0
0c:7a:15:bf:67:c4|1|6|0|0|0|0
ba:66:46:78:12:88|1|3|0|0|0|0
3e:07:6c:50:b1:3b|0|2|0|0|0|0
a4:50:46:4c:af:3b|2|1|56|64|2719|12566
74:df:bf:45:ac:65|0|1|0|0|0|0
88:46:04:50:5c:49|1|15|0|0|0|0
c0:06:c3:8f:c7:99|4|9|8|4|702|474
7a:f9:3f:1b:22:29|1|0|0|0|0|0
6a:65:e0:58:db:41|1|6|0|0|0|0
22:48:f8:26:26:64|0|6|0|0|0|0
01:00:5e:00:00:fb|0|0|0|6|0|750
b8:27:eb:81:9a:d6|0|7|0|0|0|0
00:08:07:76:35:b7|0|6|0|0|0|0
f4:f5:d8:8d:f2:58|7|3|0|0|0|0
a0:78:17:a1:19:64|0|0|4|2|96|156
01:00:5e:7f:ff:fa|0|0|0|32|0|16962
38:f9:d3:b3:0c:da|5|0|0|0|0|0
c6:2c:b0:13:4d:1f|0|3|0|0|0|0
2a:39:62:ee:bc:df|0|4|0|0|0|0
46:74:16:25:78:63|0|3|0|0|0|0
f0:72:ea:ef:27:ca|0|7|0|0|0|0
44:07:0b:2f:49:8b|8|0|0|0|0|0
54:60:09:e2:ee:aa|0|3|0|0|0|0
01:00:5e:00:00:fa|0|0|0|2|0|228
6a:a6:8b:e5:5e:dc|1|1|0|0|0|0
76:78:27:bc:20:c6|0|3|0|0|0|0
56:45:4f:f4:cc:51|0|1|0|0|0|0
3e:c2:7b:31:c7:7c|0|1|0|0|0|0
b6:2f:58:84:90:c0|2|0|1|0|24|0
9a:89:b9:a8:ab:f3|1|5|0|0|0|0
01:00:5e:00:00:01|0|0|0|2|0|168
f0:ef:86:06:76:35|0|5|0|0|0|0
84:d8:1b:29:48:82|0|0|0|1|0|24
ce:26:03:13:2d:2c|0|12|0|0|0|0
a2:e0:6c:67:3c:21|0|3|0|0|0|0
22:dd:eb:10:d0:cc|0|3|0|0|0|0
f2:9e:75:f6:f8:91|0|1|0|0|0|0
ca:3f:c1:e4:6b:fc|2|9|0|0|0|0
04:ea:56:43:69:3f|0|4|0|0|0|0
da:75:4b:04:99:5e|0|6|0|0|0|0
0a:1f:5d:14:48:fb|1|0|0|0|0|0
33:33:00:00:00:01|0|0|0|1|0|120
08:9e:08:bc:6c:2b|0|3|0|0|0|0
