28
b4:e6:2d:f6:b6:a5
68:02:b8:1e:7f:1f|1294|0|330|0|62753|0
ff:ff:ff:ff:ff:ff|0|2449|0|304|0|57581
6a:02:98:1e:7f:1f|1293|0|0|0|0|0
01:00:5e:7f:ff:fa|0|0|0|1|0|213
44:fe:3b:06:5c:71|133|0|3|0|228|0
2c:db:07:46:b4:19|0|2|0|0|0|0
70:ee:50:73:4e:36|0|0|89|0|2310|0
b0:95:75:4b:b9:26|0|0|0|89|0|2310
b4:e6:2d:f6:b6:a5|0|2|0|5|0|577
a4:3e:a0:a4:2a:46|0|150|0|0|0|0
54:2a:a2:48:a3:f0|0|98|0|0|0|0
72:fe:3b:06:5c:73|49|0|0|0|0|0
9c:5d:12:d7:43:d4|0|6|0|0|0|0
4e:9b:05:55:9f:ce|2|19|0|0|0|0
1a:71:65:ad:97:a7|0|2|0|0|0|0
64:b3:10:aa:e3:3c|0|6|0|0|0|0
33:33:00:00:00:16|0|0|0|4|0|496
01:00:5e:00:00:fb|0|0|0|6|0|1454
33:33:00:00:00:fb|0|0|0|6|0|1574
01:00:5e:00:00:16|0|0|0|3|0|270
33:33:00:00:00:01|0|0|0|4|0|816
10:1c:0c:1a:10:10|2|0|0|0|0|0
8c:c5:b4:3b:6e:56|0|2|0|0|0|0
82:bd:1b:5d:4d:75|0|7|0|0|0|0
00:1c:bf:52:98:29|0|7|0|0|0|0
c8:66:5d:1f:4f:54|0|6|0|0|0|0
02:00:00:00:00:00|1|12|0|0|0|0
f0:72:ea:da:42:c6|0|6|0|0|0|0
