33
b4:e6:2d:f6:b6:a5
68:02:b8:1e:7f:1f|1259|0|455|0|76930|0
ff:ff:ff:ff:ff:ff|0|2862|0|278|0|55899
6a:02:98:1e:7f:1f|1261|0|0|0|0|0
d8:b6:b7:7a:3a:61|694|0|35|56|7830|1574
01:00:5e:00:00:fb|0|0|0|66|0|9112
33:33:00:00:00:fb|0|0|0|66|0|10432
01:00:5e:7f:ff:fa|0|0|0|6|0|1319
a4:3e:a0:a4:2a:46|0|153|0|0|0|0
b4:e6:2d:f6:b6:a5|0|1|0|3|0|390
e6:35:23:4e:ab:99|0|0|13|2|318|52
33:33:00:00:00:16|0|0|0|1|0|128
01:00:5e:00:00:16|0|0|0|2|0|184
0e:26:0a:2f:38:6b|0|0|7|2|168|52
26:6f:1d:c2:e2:46|0|2|0|0|0|0
26:17:dc:59:74:f7|0|0|13|2|312|52
bc:54:51:02:a4:f0|0|0|23|2|776|420
da:a1:19:ad:48:33|2|0|0|0|0|0
70:bc:10:16:23:53|0|16|0|0|0|0
33:33:00:00:00:01|0|0|0|3|0|584
da:a1:19:66:5c:10|0|7|0|0|0|0
c8:66:5d:1f:4f:54|0|6|0|0|0|0
f0:5c:77:1a:f1:64|0|6|0|0|0|0
f0:72:ea:da:42:c6|0|7|0|0|0|0
33:33:00:01:00:03|0|0|0|28|0|3304
01:00:5e:00:00:fc|0|0|0|28|0|2744
76:34:5e:16:31:26|3|49|0|0|0|0
88:9f:6f:ab:69:ae|0|7|0|0|0|0
3a:d2:4c:cd:63:4b|2|50|0|0|0|0
e6:13:91:06:75:d6|3|42|0|0|0|0
01:00:5e:00:00:01|0|0|0|1|0|88
e2:c8:86:91:85:3b|0|9|0|0|0|0
06:b9:80:fd:2c:14|0|5|0|0|0|0
00:1c:bf:52:98:29|0|2|0|0|0|0
