26
b4:e6:2d:f6:b6:a5
68:02:b8:1e:7f:1f|1273|0|42|0|5229|0
ff:ff:ff:ff:ff:ff|0|2834|0|8|0|612
6a:02:98:1e:7f:1f|1272|0|0|0|0|0
70:ee:50:73:4e:36|0|0|42|0|1086|0
b0:95:75:4b:b9:26|0|0|0|42|0|1086
80:58:f8:93:88:29|0|0|0|26|0|3423
d8:b6:b7:7a:3a:61|556|0|4|65|220|1792
bc:54:51:02:a4:f0|0|0|21|0|730|0
0e:26:0a:2f:38:6b|0|0|16|0|384|0
b4:e6:2d:f6:b6:a5|0|1|0|4|0|482
ce:eb:28:95:b1:b6|0|7|0|0|0|0
54:2a:a2:48:a3:f0|0|107|0|0|0|0
a4:3e:a0:a4:2a:46|0|65|0|0|0|0
e6:35:23:4e:ab:99|0|0|13|2|318|52
26:17:dc:59:74:f7|0|0|15|0|360|0
1a:87:40:63:64:e2|0|18|0|0|0|0
c8:66:5d:1f:4f:54|0|12|0|0|0|0
6e:8b:c4:d9:a6:4c|0|6|0|0|0|0
64:b3:10:aa:e3:3c|0|24|0|0|0|0
33:33:00:00:00:01|0|0|0|3|0|584
33:33:00:00:00:02|0|0|0|1|0|96
33:33:ff:1e:b6:60|0|0|0|1|0|112
01:00:5e:00:00:01|0|0|0|1|0|88
f0:5c:77:1a:f1:64|0|3|0|0|0|0
ba:9f:31:f7:09:ae|0|6|0|0|0|0
00:0c:e7:83:1d:68|0|18|0|0|0|0
