17
b4:e6:2d:f6:b6:a5
68:02:b8:1e:7f:1f|1223|0|16|0|1809|0
ff:ff:ff:ff:ff:ff|0|3515|0|7|0|532
6a:02:98:1e:7f:1f|1223|0|0|0|0|0
d8:b6:b7:7a:3a:61|1234|0|9|44|296|1174
b4:e6:2d:f6:b6:a5|0|1|0|4|0|485
e6:35:23:4e:ab:99|0|0|8|2|200|52
a4:3e:a0:a4:2a:46|0|137|0|0|0|0
0e:26:0a:2f:38:6b|0|0|11|2|264|52
26:17:dc:59:74:f7|0|0|15|2|360|52
01:00:5e:00:00:01|0|0|0|1|0|88
bc:54:51:02:a4:f0|0|0|10|2|350|52
00:0c:e7:ff:68:7d|0|8|0|0|0|0
64:b3:10:aa:e3:3c|0|12|0|0|0|0
c8:66:5d:1f:4f:54|0|7|0|0|0|0
33:33:00:00:00:01|0|0|0|3|0|584
33:33:00:00:00:02|0|0|0|1|0|96
33:33:ff:1e:b6:60|0|0|0|1|0|112
