44
b4:e6:2d:f6:c8:79
90:9a:4a:80:71:9a|1227|10|87|111|15601|25435
ff:ff:ff:ff:ff:ff|0|2282|0|0|0|0
90:9a:4a:80:85:9e|1113|0|3145|187|4504967|5580
01:00:5e:7f:ff:fa|0|0|0|38|0|18035
b4:e6:2d:f6:c8:79|0|1|0|10|0|1273
ea:5c:a8:a8:98:6a|0|4|0|0|0|0
9e:ab:89:2d:82:91|0|34|187|3106|5580|4486848
28:6d:cd:09:2a:ea|0|0|45|25|9410|3217
44:07:0b:70:9e:93|5|0|0|0|0|0
16:95:a9:f5:51:38|0|0|1|0|24|0
50:1c:bf:e2:f2:b0|0|0|0|1|0|24
e2:42:1d:b7:29:fe|0|3|0|0|0|0
c0:06:c3:8f:c7:99|4|8|8|7|702|852
3c:22:fb:60:87:53|4|0|0|0|0|0
da:ce:4c:b0:e3:91|1|0|0|0|0|0
f0:72:ea:ef:27:ca|6|6|0|0|0|0
68:ff:7b:c5:ca:c9|41|0|0|0|0|0
01:00:5e:00:00:01|0|0|0|1|0|84
a4:50:46:4c:af:3b|0|0|54|23|15053|7479
fe:8c:36:fb:ac:89|1|0|0|0|0|0
c0:06:c3:8f:c0:7b|6|9|4|22|270|2780
a2:e0:6c:67:3c:21|0|3|10|0|240|0
c8:b3:73:1d:6a:02|0|0|0|10|0|240
5a:0a:71:95:b4:65|1|2|0|0|0|0
ae:a9:63:99:d0:21|0|3|0|0|0|0
2a:c1:9a:b3:86:3a|0|5|0|0|0|0
24:77:03:d4:12:38|1|13|0|0|0|0
52:5e:a0:48:7f:9e|1|6|0|0|0|0
7e:2a:22:ca:38:61|0|6|0|0|0|0
6a:0b:a4:a5:25:fe|0|1|0|0|0|0
4a:69:17:58:75:82|0|3|0|0|0|0
4a:37:79:81:2a:a5|1|0|0|0|0|0
4a:25:74:c5:d9:2c|0|2|0|0|0|0
20:aa:4b:5b:e6:4b|2|0|0|0|0|0
d0:c6:37:cb:3c:f7|0|5|0|0|0|0
a0:51:0b:4d:68:13|1|0|0|0|0|0
ec:5c:68:84:b1:4b|2|6|0|0|0|0
58:ef:68:2a:26:ec|2|0|0|0|0|0
f4:f5:d8:8d:f2:58|0|1|0|0|0|0
ea:05:c8:90:f8:e0|1|0|0|0|0|0
da:90:8f:5e:35:2d|1|0|0|0|0|0
4a:d2:ed:f0:7c:34|0|3|0|0|0|0
48:5a:b6:22:0c:7e|0|2|0|0|0|0
8e:0c:eb:e4:6f:64|0|3|0|0|0|0
