39
b4:e6:2d:f6:c8:79
20:aa:4b:5b:e6:4b|571|0|35|0|6345|0
ff:ff:ff:ff:ff:ff|0|2805|0|34|0|6225
90:9a:4a:80:71:9a|1292|40|12081|1636|15139918|340582
a4:50:46:4c:af:3b|39|90|1595|12059|333020|15137026
90:9a:4a:80:85:9e|822|1|6|12|474|288
68:ff:7b:c5:ca:c9|290|0|0|0|0|0
f0:ef:86:06:76:35|0|16|0|0|0|0
28:6d:cd:09:2a:ea|0|0|31|9|7028|1736
c0:06:c3:8f:c0:7b|1|2|4|1|150|78
33:33:00:00:00:01|0|0|0|1|0|120
ac:d1:b8:8d:4b:a1|0|4|0|0|0|0
f4:f5:d8:8d:f2:58|1|2|0|0|0|0
e4:5f:01:5c:9d:89|0|4|0|0|0|0
44:07:0b:89:e4:ab|7|0|0|0|0|0
f4:f2:6d:90:44:3c|3|0|0|0|0|0
54:60:09:e2:ee:aa|0|7|0|0|0|0
44:07:0b:70:9e:93|4|0|0|0|0|0
de:ea:ec:14:85:e3|0|5|0|0|0|0
9e:ab:89:2d:82:91|1|17|12|5|288|390
1c:bf:ce:e3:fb:45|0|4|0|0|0|0
50:e0:85:84:55:94|1|13|0|0|0|0
b4:e6:2d:f6:c8:79|0|4|0|4|0|454
