44
b4:e6:2d:f6:b6:a5
68:02:b8:1e:7f:1f|1245|0|392|0|68843|0
ff:ff:ff:ff:ff:ff|0|3523|0|286|0|56725
6a:02:98:1e:7f:1f|1229|0|0|0|0|0
d8:b6:b7:7a:3a:61|1400|0|7|35|366|1066
4e:9b:05:55:9f:ce|1|25|0|0|0|0
0e:26:0a:2f:38:6b|0|0|2|0|48|0
70:ee:50:73:4e:36|0|0|36|0|936|0
b0:95:75:4b:b9:26|0|0|0|36|0|936
9c:5d:12:d7:43:d4|0|6|0|0|0|0
b4:e6:2d:f6:b6:a5|0|2|0|4|0|482
e2:69:5d:30:82:1e|0|7|0|0|0|0
26:17:dc:59:74:f7|0|0|0|2|0|52
e6:35:23:4e:ab:99|0|0|4|2|100|52
bc:54:51:02:a4:f0|0|0|29|3|918|262
36:19:16:34:ef:05|0|13|0|0|0|0
3a:97:64:85:f9:83|0|7|0|0|0|0
a4:3e:a0:a4:2a:46|0|80|0|0|0|0
c8:66:5d:1f:4f:54|0|18|0|0|0|0
6a:dd:1e:80:d0:88|0|7|0|0|0|0
0e:5f:1c:68:8a:b3|4|15|0|1|0|92
f0:72:ea:da:42:c6|0|21|0|0|0|0
5a:3b:fe:b8:8a:d6|0|6|0|0|0|0
c2:30:a0:79:5f:73|0|7|0|0|0|0
