48
b4:e6:2d:f6:b6:a5
d8:b6:b7:7a:3a:61|1282|0|28|57|3389|1691
ff:ff:ff:ff:ff:ff|0|3487|0|278|0|55273
68:02:b8:1e:7f:1f|1237|0|282|0|56041|0
6a:02:98:1e:7f:1f|1236|0|0|0|0|0
b4:e6:2d:f6:b6:a5|0|1|0|2|0|264
02:00:00:00:00:00|0|29|0|0|0|0
e6:35:23:4e:ab:99|0|0|11|2|270|52
bc:54:51:02:a4:f0|0|0|44|7|1373|764
26:17:dc:59:74:f7|0|0|0|2|0|52
e6:ea:90:af:81:6f|2|5|0|0|0|0
9c:5d:12:d7:43:d4|0|6|0|0|0|0
a4:3e:a0:a4:2a:46|0|100|0|0|0|0
3a:43:9b:99:4e:34|2|8|0|0|0|0
22:47:f8:2d:e9:7d|0|6|0|0|0|0
66:34:78:33:e7:80|2|7|0|0|0|0
56:95:ef:07:e6:26|0|21|0|0|0|0
2a:7a:02:96:f9:1a|1|6|0|0|0|0
fe:c1:35:93:25:86|2|7|0|0|0|0
5a:9d:db:cf:de:29|2|0|0|0|0|0
5a:35:cb:c8:dd:74|1|7|0|0|0|0
12:ce:ed:93:89:47|1|0|0|0|0|0
f0:72:ea:da:42:c6|0|7|0|0|0|0
2a:27:21:22:e9:81|2|1|0|0|0|0
7e:6b:58:3d:c6:9b|1|0|0|0|0|0
7e:96:34:74:42:a4|0|3|0|0|0|0
42:79:7a:e6:3c:62|2|5|0|0|0|0
c6:e9:00:21:bf:86|0|7|0|0|0|0
f2:68:99:19:82:51|2|1|0|0|0|0
8e:06:a6:ac:d6:46|1|0|0|0|0|0
de:65:49:6a:01:34|2|10|0|0|0|0
58:91:cf:92:d9:66|0|7|0|0|0|0
56:25:fc:5a:2d:43|0|7|0|0|0|0
12:1f:8d:89:c6:ed|2|13|0|0|0|0
d8:8c:79:90:f4:9b|0|13|0|0|0|0
36:48:c1:96:10:c9|2|12|0|0|0|0
fe:b4:1e:fa:97:95|1|0|0|0|0|0
33:33:00:00:00:01|0|0|0|3|0|584
0e:26:0a:2f:38:6b|0|0|2|0|48|0
e6:e9:67:74:00:71|0|7|0|0|0|0
5e:06:d7:58:0b:ed|2|6|0|0|0|0
01:00:5e:00:00:01|0|0|0|1|0|88
01:00:5e:7f:ff:fa|0|0|0|4|0|1016
62:15:67:21:37:82|2|0|0|0|0|0
01:00:5e:00:00:16|0|0|0|6|0|552
01:00:5e:00:00:fb|0|0|0|5|0|785
1e:a5:84:c8:80:fc|1|0|0|0|0|0
32:b0:57:1c:bb:47|2|1|0|0|0|0
