46
b4:e6:2d:f6:c8:79
90:9a:4a:80:85:9e|1046|21|121|483|29704|11592
ff:ff:ff:ff:ff:ff|0|2334|0|4|0|480
9e:ab:89:2d:82:91|4|12|483|3|11592|234
90:9a:4a:80:71:9a|1313|22|845|779|519439|163102
68:ff:7b:c5:ca:c9|149|6|10|5|1902|120
01:00:5e:00:00:fb|0|0|0|30|0|4554
b4:e6:2d:f6:c8:79|0|1|0|5|0|549
a4:50:46:4c:af:3b|14|44|735|828|155888|517780
20:aa:4b:5b:e6:4b|43|0|2|54|574|1508
b0:35:9f:5d:a6:65|6|3|0|0|0|0
01:00:5e:7f:ff:fa|0|0|0|83|0|25773
e6:1d:78:73:e4:e3|1|4|54|0|1508|0
a0:78:17:a1:19:64|0|0|5|2|120|156
34:c0:59:00:a0:8f|1|0|0|0|0|0
04:6c:59:1b:72:04|17|38|0|3|0|234
74:eb:80:1d:42:94|0|1|0|0|0|0
28:6d:cd:09:2a:ea|0|0|25|6|5404|549
c0:06:c3:8f:c0:7b|4|8|10|3|1084|246
a2:80:84:0e:0d:d7|0|3|0|0|0|0
50:e0:85:84:55:94|5|19|0|0|0|0
1c:bf:ce:e3:fb:45|0|4|0|0|0|0
aa:72:8a:7d:79:a3|0|3|0|0|0|0
c0:06:c3:8f:c7:99|4|8|9|3|726|315
00:08:07:76:35:b7|0|2|0|0|0|0
76:da:83:ac:99:e8|1|3|0|0|0|0
01:00:5e:00:00:01|0|0|0|2|0|168
f0:ef:86:06:76:35|0|1|0|0|0|0
01:00:5e:00:00:16|0|0|0|5|0|440
3e:9e:c1:ec:69:65|0|4|0|0|0|0
ec:5c:68:84:b1:4b|0|12|0|0|0|0
26:a2:9b:fb:37:03|0|3|0|0|0|0
0e:16:7f:c9:4a:3a|0|12|0|0|0|0
06:de:cf:3e:b7:cf|1|6|0|0|0|0
44:07:0b:70:9e:93|1|0|0|0|0|0
d2:c6:a4:97:8f:20|0|4|0|0|0|0
2a:a2:34:37:b5:3e|0|6|0|0|0|0
54:60:09:e2:ee:aa|0|2|0|0|0|0
a4:50:46:1c:f0:59|1|0|0|0|0|0
b6:ee:35:10:4c:ff|1|15|0|0|0|0
0e:88:53:78:28:d4|0|3|0|0|0|0
44:07:0b:2f:49:8b|1|0|0|0|0|0
e2:6c:58:bd:0b:16|0|5|0|0|0|0
24:77:03:d4:12:38|0|4|0|0|0|0
3c:f0:11:11:b7:41|1|0|0|0|0|0
7a:63:8e:f4:a1:e0|0|1|0|0|0|0
33:33:00:00:00:fb|0|0|0|1|0|141
