183
b4:e6:2d:b5:a8:2d
64:d1:a3:3c:78:a6|45|9|0|2136|0|55536
ff:ff:ff:ff:ff:ff|0|3886|0|1|0|249
2c:33:11:22:15:75|466|0|0|0|0|0
2c:33:11:50:2d:25|12|0|0|0|0|0
00:31:92:b2:35:d1|316|0|0|0|0|0
0c:80:63:47:1f:23|22|0|1|0|249|0
e4:c3:2a:03:e5:af|24|0|0|0|0|0
fe:2e:98:35:a6:bd|1787|0|0|0|0|0
2c:33:11:50:2d:22|17|0|0|0|0|0
2c:33:11:22:15:71|449|0|0|0|0|0
2c:33:11:50:2d:26|13|0|0|0|0|0
00:1e:c0:18:c5:eb|40|0|9|0|216|0
2c:33:11:22:15:70|353|0|10|0|1130|0
2c:33:11:50:2d:20|14|0|2|0|180|0
2c:33:11:22:15:72|402|0|0|0|0|0
2c:33:11:22:15:76|372|0|0|0|0|0
2c:33:11:22:15:77|410|0|0|0|0|0
2c:33:11:50:2d:21|11|0|0|0|0|0
c8:ff:77:ed:2f:4c|0|3|0|0|0|0
ec:2e:98:35:a6:bd|716|0|139|0|3336|0
2c:33:11:31:db:20|0|716|2|139|180|3336
2c:33:11:50:2d:27|9|0|0|0|0|0
d8:8c:79:2d:d7:e5|6|0|0|0|0|0
e4:c3:2a:e7:ae:a8|0|6|0|0|0|0
a6:88:23:17:7a:e6|0|18|0|0|0|0
00:02:6f:f7:e3:10|21|0|0|0|0|0
b8:27:eb:27:e4:26|0|11|0|0|0|0
e4:c3:2a:e9:36:82|20|0|0|0|0|0
de:aa:ca:2d:1a:3b|0|18|0|0|0|0
30:23:03:c8:e6:6c|1|0|0|0|0|0
54:cd:ee:04:7b:62|0|55|0|0|0|0
2e:45:92:53:d2:80|1|11|0|0|0|0
28:ee:52:ad:ef:48|2|0|0|0|0|0
6e:fe:36:32:c1:0b|0|50|0|0|0|0
30:4b:07:55:82:01|0|33|0|0|0|0
d0:3c:1f:e7:a6:c6|0|16|0|0|0|0
d2:64:45:b7:3b:20|0|33|0|0|0|0
00:31:92:a8:5a:ff|5|0|0|0|0|0
a6:ad:ee:cd:df:4e|0|8|0|0|0|0
3a:d9:de:53:64:dd|0|2|0|0|0|0
38:2d:e8:e3:99:d2|0|9|0|0|0|0
16:9e:d7:35:e2:c3|0|14|0|0|0|0
b4:e6:2d:b5:a8:2d|0|1|0|8|0|950
54:09:10:d5:c5:15|0|0|0|1|0|24
e4:0e:ee:bf:00:55|0|0|0|8|0|192
7a:2b:c5:77:2f:9e|0|34|0|0|0|0
6c:ad:f8:47:8f:2b|4|0|0|0|0|0
ec:2e:98:35:a7:81|0|188|0|0|0|0
00:0c:f6:e8:5d:d0|1|0|0|0|0|0
dc:71:96:b7:0c:3c|2|0|0|0|0|0
7e:d1:85:2b:4a:f4|0|6|0|0|0|0
da:a1:19:00:9b:a0|1|14|0|0|0|0
6a:41:dd:6a:a8:8f|0|1|0|0|0|0
ee:04:ae:0e:fd:70|0|61|0|0|0|0
2c:33:11:38:ca:91|30|0|0|0|0|0
2c:33:11:38:ca:97|30|0|0|0|0|0
2c:33:11:38:ca:95|33|0|0|0|0|0
2c:33:11:38:ca:90|25|0|5|2|923|52
2c:33:11:38:ca:92|24|0|0|0|0|0
2c:33:11:38:ca:96|31|0|0|0|0|0
86:19:4d:e8:50:c0|0|2|0|0|0|0
00:00:00:00:00:00|0|0|54|0|1836|0
2e:33:11:22:15:70|0|0|0|54|0|1836
24:18:1d:34:38:42|0|12|0|0|0|0
34:f6:4b:a4:7d:88|0|0|2|3|52|743
e0:d0:83:96:02:bb|0|3|0|0|0|0
f0:f6:c1:d5:cb:42|0|39|0|0|0|0
e2:d4:63:04:3f:94|0|19|0|0|0|0
ac:67:5d:07:d5:2d|3|3|0|0|0|0
a2:9d:0d:c5:88:b1|0|42|0|0|0|0
44:cb:8b:07:0f:6a|4|32|0|0|0|0
42:2d:ef:c7:74:17|2|0|0|0|0|0
52:8e:bc:45:ee:46|0|1|0|0|0|0
d6:2c:4e:4f:f1:03|0|25|0|0|0|0
44:cb:8b:07:0e:f0|0|9|0|0|0|0
66:cb:1c:44:b4:2b|0|6|0|0|0|0
74:4c:a1:aa:16:d9|0|5|0|0|0|0
7e:86:bf:ad:ad:96|0|8|0|0|0|0
f2:12:52:b3:c8:18|0|10|0|0|0|0
14:7d:da:ac:27:e8|0|4|0|0|0|0
a4:50:46:45:69:b5|0|9|0|0|0|0
c2:85:bf:01:f2:7a|2|2|0|0|0|0
76:16:5f:9b:1b:34|0|3|0|0|0|0
82:9d:c4:a6:60:fa|0|7|0|0|0|0
2e:59:a1:43:6d:16|0|5|0|0|0|0
6e:a6:d2:de:a5:85|0|10|0|0|0|0
82:e2:91:da:d0:5f|0|4|0|0|0|0
3e:80:52:4b:f0:0e|0|2|0|0|0|0
9a:05:10:74:fd:7c|0|4|0|0|0|0
76:b1:b7:14:e2:4d|0|1|0|0|0|0
e2:03:56:e8:34:ef|0|8|0|0|0|0
32:e0:d4:8e:3b:52|0|8|0|0|0|0
62:45:b7:f4:65:08|0|2|0|0|0|0
32:8a:4c:b8:10:d1|2|1|0|0|0|0
e6:47:40:93:d0:74|0|1|0|0|0|0
08:96:ad:a0:62:e0|0|0|2|0|180|0
01:0b:85:00:00:00|0|0|0|23|0|2056
e8:48:b8:43:de:d7|0|6|0|0|0|0
d0:17:69:b0:14:b2|0|26|0|0|0|0
7e:33:eb:95:83:57|0|2|0|0|0|0
66:2c:6d:6e:c2:c8|0|3|0|0|0|0
f4:f5:d8:6e:d8:7e|13|0|2136|0|55536|0
d8:8c:79:14:4f:30|0|2|0|0|0|0
7a:d7:5a:f9:d6:de|0|6|0|0|0|0
08:96:ad:a0:6c:c0|0|0|2|0|180|0
46:f5:7d:0d:38:12|0|2|0|0|0|0
ee:54:82:67:41:c6|0|2|0|0|0|0
86:a2:8c:4c:10:5d|2|6|0|0|0|0
0a:95:08:de:cb:03|0|0|2|0|48|0
2c:33:11:31:db:2f|0|0|0|2|0|48
a2:50:7b:49:65:9a|0|6|0|0|0|0
aa:ba:a1:bd:dd:38|1|1|0|0|0|0
ee:ae:96:ea:70:ce|0|1|0|0|0|0
92:49:b3:0f:ed:0f|0|11|0|0|0|0
38:0a:ab:05:8e:b9|0|6|0|0|0|0
1c:4d:70:17:da:59|0|17|0|0|0|0
3a:f6:17:6a:2c:f7|0|4|0|0|0|0
00:a3:8e:6c:6c:70|0|0|2|0|180|0
c2:73:f3:8f:a4:40|0|4|0|0|0|0
c2:6a:35:75:ea:e0|0|3|0|0|0|0
08:9e:08:39:15:a5|0|1|0|0|0|0
64:5a:04:af:cd:04|0|2|0|0|0|0
da:7d:80:b6:3d:83|0|4|0|0|0|0
aa:e4:14:79:88:43|0|12|0|0|0|0
7a:a4:8d:f7:33:c7|0|1|0|0|0|0
fa:6b:b5:6a:6c:8f|0|6|0|0|0|0
7a:74:ac:e6:9d:c7|0|2|0|0|0|0
2c:33:11:39:90:30|0|0|1|0|76|0
62:47:f8:a6:7d:73|0|8|0|0|0|0
2c:33:11:50:2d:00|0|0|2|0|180|0
fa:1c:f5:12:0a:82|0|3|0|0|0|0
ea:21:dc:4e:e1:ee|0|4|0|0|0|0
70:db:98:26:7c:50|0|0|2|0|180|0
c6:4f:b1:95:d8:70|0|4|0|0|0|0
1e:89:fe:7a:e4:44|0|4|0|0|0|0
ee:04:21:c4:89:e3|0|5|0|0|0|0
38:fc:98:8d:9b:e0|2|0|0|0|0|0
9e:de:8e:9b:84:fb|0|1|0|0|0|0
ca:a1:7f:64:68:30|0|1|0|0|0|0
2c:6d:c1:f9:50:1f|0|2|0|0|0|0
fe:47:6b:cc:b3:79|0|1|0|0|0|0
36:08:44:d4:d8:3b|0|1|0|0|0|0
c6:95:1d:8f:3c:fe|0|1|0|0|0|0
d2:5d:84:d1:82:b0|0|2|0|0|0|0
22:b9:6d:e4:fd:9c|0|4|0|0|0|0
00:a3:8e:6e:87:c0|0|0|2|0|180|0
4e:36:62:eb:06:29|4|0|0|0|0|0
b6:30:31:37:56:0f|0|3|0|0|0|0
44:cb:8b:91:7f:b0|0|1|0|0|0|0
56:c3:68:a8:6e:e5|5|2|0|0|0|0
12:6e:3d:a3:ff:d2|0|4|0|0|0|0
ce:2a:f0:7d:4a:a4|0|2|0|0|0|0
fe:d9:88:ca:d1:cd|0|1|0|0|0|0
14:77:40:a9:14:c7|0|14|0|0|0|0
26:cd:66:e5:99:b7|0|1|0|0|0|0
3c:dc:bc:63:e2:1a|0|3|0|0|0|0
42:fa:fd:79:93:40|0|1|0|0|0|0
e6:c2:34:ef:06:10|2|2|0|0|0|0
e2:d0:d9:2c:a5:74|0|1|0|0|0|0
2c:33:11:22:eb:20|0|0|2|0|180|0
d4:63:c6:53:4b:7c|0|1|0|0|0|0
16:c8:4b:ea:1d:1f|0|1|0|0|0|0
d2:a0:1e:78:36:e9|0|1|0|0|0|0
32:67:07:dc:d8:8b|0|2|0|0|0|0
5e:61:12:d0:67:dd|0|1|0|0|0|0
42:43:97:c3:35:99|0|1|0|0|0|0
da:a1:19:28:1d:20|0|10|0|0|0|0
fa:26:ee:3c:bb:04|0|1|0|0|0|0
a6:ef:d7:7b:8c:35|0|3|0|0|0|0
da:d5:bf:28:7c:2d|0|1|0|0|0|0
