29
b4:e6:2d:f6:b6:a5
68:02:b8:1e:7f:1f|1218|0|42|0|5327|0
ff:ff:ff:ff:ff:ff|0|3313|0|7|0|532
d8:b6:b7:7a:3a:61|1072|1|8|45|454|1259
6a:02:98:1e:7f:1f|1216|0|0|0|0|0
b4:e6:2d:f6:b6:a5|0|1|0|4|0|482
bc:54:51:02:a4:f0|0|0|20|3|651|262
80:58:f8:93:88:29|0|0|0|16|0|1905
26:17:dc:59:74:f7|1|1|17|2|408|52
a4:3e:a0:a4:2a:46|0|94|0|0|0|0
e6:35:23:4e:ab:99|0|0|8|2|200|52
70:ee:50:73:4e:36|0|0|29|0|748|0
b0:95:75:4b:b9:26|0|0|0|29|0|748
da:a1:19:3a:2f:5a|0|18|0|0|0|0
1a:87:40:60:8d:9e|0|19|0|0|0|0
c8:66:5d:1f:4f:54|0|12|0|0|0|0
33:33:00:00:00:01|0|0|0|3|0|584
33:33:00:00:00:02|0|0|0|1|0|96
33:33:ff:1e:b6:60|0|0|0|1|0|112
64:b3:10:aa:e3:3c|0|21|0|0|0|0
d8:8c:79:90:f4:9b|0|7|0|0|0|0
78:9f:70:2b:86:c6|1|0|0|0|0|0
01:00:5e:00:00:fb|0|0|0|3|0|564
33:33:00:00:00:fb|0|0|0|3|0|624
