52
b4:e6:2d:f6:c8:79
90:9a:4a:80:85:9e|1185|38|113|403|28812|9672
ff:ff:ff:ff:ff:ff|0|2382|0|25|0|4540
90:9a:4a:80:71:9a|1300|5|73|127|25538|26517
44:07:0b:2f:49:8b|12|0|0|0|0|0
20:aa:4b:5b:e6:4b|67|0|76|4|12501|104
34:02:86:11:c3:80|0|0|0|34|0|6001
f4:f5:d8:8d:f2:58|3|3|0|0|0|0
50:e0:85:84:55:94|4|11|0|0|0|0
68:ff:7b:c5:ca:c9|85|0|0|0|0|0
28:6d:cd:09:2a:ea|0|0|32|11|6901|1587
a4:50:46:4c:af:3b|1|1|75|43|17347|21817
b4:e6:2d:f6:c8:79|0|1|0|6|0|704
04:6c:59:1b:72:04|35|71|0|4|0|312
01:00:5e:00:00:fb|0|0|0|28|0|4168
33:33:00:00:00:fb|0|0|0|6|0|780
01:00:5e:00:00:fc|0|0|0|2|0|208
33:33:00:01:00:03|0|0|0|2|0|248
da:a1:19:4e:a2:c7|16|88|0|0|0|0
9e:ab:89:2d:82:91|3|8|403|24|9672|1968
e6:1d:78:73:e4:e3|0|0|4|0|104|0
5e:a3:37:37:2f:1a|0|8|0|0|0|0
06:6a:2a:05:e5:d0|0|3|0|0|0|0
12:bb:11:04:05:59|0|2|0|0|0|0
8a:a2:af:a5:6f:83|2|7|0|0|0|0
f2:b2:80:0a:ea:79|1|3|0|0|0|0
c0:06:c3:8f:c0:7b|4|8|13|9|1657|956
c0:06:c3:8f:c7:99|0|0|7|4|612|474
20:f4:78:24:ce:e8|0|4|0|0|0|0
01:00:5e:7f:ff:fa|0|0|0|56|0|22316
ec:5c:68:84:b1:4b|1|15|0|0|0|0
f0:ef:86:06:76:35|0|3|0|0|0|0
e4:04:39:ba:5b:9d|0|9|0|0|0|0
20:1f:3b:3a:bb:3d|3|0|0|0|0|0
24:77:03:d4:12:38|0|7|0|0|0|0
48:5a:b6:22:0c:7e|0|2|0|0|0|0
50:eb:71:d0:6d:35|0|1|0|0|0|0
16:2f:f9:7e:12:8e|0|10|0|0|0|0
b8:27:eb:81:9a:d6|0|3|0|0|0|0
01:00:5e:00:00:fa|0|0|0|2|0|228
da:a1:19:a1:b0:ea|1|3|0|0|0|0
a6:72:ba:2c:69:99|0|3|0|0|0|0
01:00:5e:00:00:01|0|0|0|2|0|160
00:08:07:76:35:b7|0|3|0|0|0|0
01:00:5e:00:00:16|0|0|0|3|0|264
33:33:00:00:00:01|0|0|0|1|0|120
1c:bf:ce:e3:fb:45|0|1|0|0|0|0
1a:1d:1a:07:42:41|1|2|0|0|0|0
da:37:4b:9c:a9:bf|0|4|0|0|0|0
f0:ef:86:05:a3:fa|0|5|0|0|0|0
d2:b4:96:e5:60:7c|2|8|0|0|0|0
6e:e6:5f:2c:a4:a6|1|3|0|0|0|0
08:9e:08:bc:6c:2b|0|2|0|0|0|0
