26
b4:e6:2d:f6:b6:a5
d8:b6:b7:7a:3a:61|1290|0|16|51|2183|1456
ff:ff:ff:ff:ff:ff|0|3512|0|9|0|1117
68:02:b8:1e:7f:1f|1215|0|112|0|17410|0
6a:02:98:1e:7f:1f|1211|0|0|0|0|0
a4:3e:a0:a4:2a:46|0|127|0|0|0|0
80:58:f8:93:88:29|0|0|0|97|0|15696
b4:e6:2d:f6:b6:a5|0|2|0|3|0|390
33:33:00:00:00:01|0|0|0|3|0|584
33:33:00:00:00:02|0|0|0|1|0|96
33:33:ff:1e:b6:60|0|0|0|1|0|112
78:9f:70:2b:86:c6|3|2|0|0|0|0
f0:72:ea:da:42:c6|0|14|0|0|0|0
bc:54:51:02:a4:f0|0|0|21|4|728|472
0e:26:0a:2f:38:6b|0|0|20|2|480|52
e6:35:23:4e:ab:99|0|0|10|2|248|52
64:b3:10:aa:e3:3c|0|2|0|0|0|0
f0:5c:77:1a:f1:64|0|14|0|0|0|0
0c:cb:85:65:15:51|0|7|0|0|0|0
c8:66:5d:1f:4f:54|0|18|0|0|0|0
d8:8c:79:90:f4:9b|0|7|0|0|0|0
01:00:5e:00:00:01|0|0|0|1|0|88
01:00:5e:00:00:fb|0|0|0|2|0|434
33:33:00:00:00:fb|0|0|0|2|0|474
ec:2e:98:f0:f5:27|0|8|0|0|0|0
26:17:dc:59:74:f7|0|0|0|1|0|26
26:6f:1d:c2:e2:46|0|6|0|0|0|0
