36
b4:e6:2d:f6:c8:79
90:9a:4a:80:71:9a|1130|6|27|49|2824|8897
ff:ff:ff:ff:ff:ff|0|2176|0|32|0|5821
90:9a:4a:80:85:9e|606|0|0|0|0|0
f2:b2:80:0a:ea:79|3|14|0|0|0|0
28:6d:cd:09:2a:ea|0|0|36|3|7891|282
20:aa:4b:5b:e6:4b|381|0|37|13|6463|338
e6:1d:78:73:e4:e3|0|0|13|0|338|0
68:ff:7b:c5:ca:c9|108|0|0|0|0|0
f4:f5:d8:8d:f2:58|3|0|0|0|0|0
b4:e6:2d:f6:c8:79|0|4|0|15|0|1840
96:6a:a2:e7:5e:7f|0|3|0|0|0|0
ec:5c:68:84:b1:4b|1|7|0|0|0|0
c0:06:c3:8f:c0:7b|6|12|9|1|856|78
56:21:10:8e:9e:cb|0|7|0|0|0|0
01:00:5e:00:00:02|0|0|0|1|0|80
01:00:5e:00:00:fb|0|0|0|2|0|372
c0:06:c3:8f:c7:99|0|0|4|8|150|624
1c:bf:ce:e3:fb:45|0|1|0|0|0|0
e4:5f:01:5c:9d:89|0|1|0|0|0|0
b2:b4:43:77:5d:12|0|6|0|0|0|0
01:00:5e:00:00:01|0|0|0|1|0|76
44:07:0b:70:9e:93|4|0|0|0|0|0
01:00:5e:00:00:fa|0|0|0|1|0|114
