47
b4:e6:2d:f6:c8:79
20:aa:4b:5b:e6:4b|429|0|2|0|342|0
ff:ff:ff:ff:ff:ff|0|3116|0|1|0|264
90:9a:4a:80:85:9e|1118|4|104|48|31885|1152
90:9a:4a:80:71:9a|1294|34|15818|2264|19905099|465038
a4:50:46:4c:af:3b|33|69|2231|15804|459290|19903379
68:ff:7b:c5:ca:c9|419|0|2|32|156|768
b4:e6:2d:f6:c8:79|0|1|0|3|0|376
44:07:0b:2f:49:8b|13|0|0|0|0|0
28:6d:cd:09:2a:ea|0|0|21|6|4896|792
01:00:5e:7f:ff:fa|0|0|0|49|0|22363
01:00:5e:00:00:fb|0|0|0|46|0|8786
c0:06:c3:8f:c0:7b|1|2|4|1|150|78
a0:78:17:a1:19:64|0|0|32|2|768|156
9e:ab:89:2d:82:91|2|6|48|3|1152|234
04:6c:59:1b:72:04|2|4|0|3|0|234
3c:f0:11:c4:ac:66|0|3|0|0|0|0
84:d8:1b:29:48:82|1|0|0|0|0|0
44:07:0b:6c:b6:e3|4|0|0|0|0|0
ec:5c:68:84:b1:4b|1|0|0|0|0|0
5c:a3:9d:2f:3f:26|0|5|0|0|0|0
01:00:5e:00:00:01|0|0|0|1|0|84
01:00:5e:00:00:16|0|0|0|2|0|184
da:75:24:53:22:99|0|2|0|0|0|0
50:e0:85:84:55:94|5|21|0|0|0|0
90:78:41:9b:93:7b|1|3|0|0|0|0
c0:06:c3:8f:c7:99|4|8|8|4|702|474
4a:7c:e3:27:a9:6b|2|0|0|0|0|0
44:07:0b:89:e4:ab|6|0|0|0|0|0
46:3b:78:62:ec:7e|1|20|14|0|336|0
c4:12:f5:d1:17:6c|0|0|0|14|0|336
44:07:0b:70:9e:93|4|0|0|0|0|0
f4:f5:d8:8d:f2:58|2|1|0|0|0|0
1c:bf:ce:e3:fb:45|0|7|0|0|0|0
da:a1:19:d8:82:1b|0|2|0|0|0|0
24:77:03:d4:12:38|3|19|0|0|0|0
7c:2e:bd:f4:94:ee|8|0|0|0|0|0
f0:ef:86:06:76:35|0|4|0|0|0|0
a8:6d:aa:73:88:1d|0|6|0|0|0|0
3c:f0:11:11:b7:41|2|0|0|0|0|0
74:df:bf:45:ac:65|0|3|0|0|0|0
da:b4:0e:3c:6c:50|0|2|0|0|0|0
50:eb:71:d0:6d:35|1|6|0|0|0|0
cc:50:e3:f0:6b:20|0|0|0|1|0|78
54:60:09:e2:ee:aa|0|5|0|0|0|0
b8:81:98:41:b1:49|2|1|0|0|0|0
00:08:07:76:35:b7|0|2|0|0|0|0
b8:27:eb:81:9a:d6|0|2|0|0|0|0
