36
b4:e6:2d:f6:b6:a5
68:02:b8:1e:7f:1f|1319|0|140|0|13514|0
ff:ff:ff:ff:ff:ff|0|2629|0|137|0|12822
6a:02:98:1e:7f:1f|1319|0|0|0|0|0
02:aa:3f:a7:c9:b2|160|0|25|0|8062|0
b4:e6:2d:f6:b6:a5|0|1|0|3|0|390
9e:79:28:85:95:4b|0|2|0|0|0|0
02:aa:3f:a7:c9:b1|153|0|0|0|0|0
d6:45:3c:0f:c0:5b|0|6|0|0|0|0
50:3e:aa:b5:36:cf|0|6|0|0|0|0
10:1c:0c:1a:10:10|3|18|0|0|0|0
a4:3e:a0:a4:2a:46|0|42|0|0|0|0
c8:66:5d:1f:4f:54|0|12|0|0|0|0
00:f6:20:d0:d0:1d|0|5|0|0|0|0
5c:f8:21:84:a4:31|0|15|0|0|0|0
64:b3:10:aa:e3:3c|0|18|0|0|0|0
7e:e5:75:93:69:72|0|18|0|0|0|0
02:45:91:59:dd:fd|0|6|0|0|0|0
33:33:ff:02:17:66|0|0|0|10|0|1200
82:c9:06:92:6d:d3|0|1|0|0|0|0
01:00:5e:7f:ff:fa|0|0|0|9|0|4836
33:33:00:00:00:0c|0|0|0|3|0|1744
82:03:b1:43:d9:3f|0|3|0|0|0|0
ea:7a:94:89:b1:2e|0|1|0|0|0|0
