48
b4:e6:2d:f6:c8:79
90:9a:4a:80:85:9e|1251|0|117|566|38023|55928
9e:ab:89:2d:82:91|0|29|566|65|55928|17596
90:9a:4a:80:71:9a|1267|12|50|54|5949|8137
ff:ff:ff:ff:ff:ff|0|3091|0|51|0|9343
20:aa:4b:5b:e6:4b|685|0|56|0|9909|0
b4:e6:2d:f6:c8:79|0|3|0|9|0|1101
94:9f:3e:84:df:5a|4|0|0|0|0|0
28:6d:cd:09:2a:ea|0|0|28|9|5994|1104
a4:50:46:4c:af:3b|0|0|10|8|672|1012
c0:06:c3:8f:c0:7b|7|10|10|14|949|1574
20:1f:3b:3a:bb:3d|22|75|0|0|0|0
44:07:0b:2f:49:8b|11|0|0|0|0|0
84:e3:42:4b:9d:4f|32|0|0|0|0|0
f0:ef:86:06:76:35|0|1|0|0|0|0
01:00:5e:7f:ff:fa|0|0|0|51|0|20343
c0:06:c3:8f:c7:99|5|10|6|10|522|1158
da:a1:19:3b:e6:fe|2|10|0|0|0|0
68:ff:7b:c5:ca:c9|26|0|0|0|0|0
50:e0:85:84:55:94|2|18|0|0|0|0
44:07:0b:70:9e:93|4|0|0|0|0|0
b8:27:eb:81:9a:d6|0|2|0|0|0|0
44:07:0b:6c:b6:e3|2|0|0|0|0|0
fe:82:0a:49:96:6e|0|4|0|0|0|0
f4:f5:d8:8d:f2:58|8|3|0|0|0|0
01:00:5e:00:00:01|0|0|0|2|0|160
b6:8e:b3:5b:6a:58|1|8|0|0|0|0
01:00:5e:00:00:fa|0|0|0|2|0|228
f0:ef:86:21:66:5f|0|3|0|0|0|0
32:b8:de:76:7e:7b|0|6|0|0|0|0
44:07:0b:60:bf:75|2|0|0|0|0|0
e4:5f:01:5c:9d:89|0|3|0|0|0|0
fe:c0:3e:3f:e4:95|0|4|0|0|0|0
9e:e0:c7:4c:63:99|1|3|0|0|0|0
66:41:f2:9f:2a:5a|0|2|0|0|0|0
a2:0d:fa:83:09:0b|2|13|0|0|0|0
48:d6:d5:7c:5a:40|1|0|0|0|0|0
e2:f3:5c:3e:9a:5e|1|0|0|0|0|0
54:60:09:e2:ee:aa|0|7|0|0|0|0
9a:00:f9:ab:26:28|2|15|0|0|0|0
be:c4:46:3b:2a:40|2|5|0|0|0|0
01:00:5e:00:00:fb|0|0|0|1|0|121
33:33:00:00:00:fb|0|0|0|1|0|141
46:32:16:5d:54:05|0|2|0|0|0|0
5e:13:e2:78:24:1f|2|3|0|0|0|0
7c:b2:7d:d3:ca:b1|0|1|0|0|0|0
32:1e:ef:85:7c:0e|2|5|0|0|0|0
3c:8d:20:4f:d8:e9|3|0|0|0|0|0
38:8b:59:29:24:78|1|0|0|0|0|0
