53
b4:e6:2d:f6:c8:79
90:9a:4a:80:85:9e|1094|0|0|0|0|0
ff:ff:ff:ff:ff:ff|0|2713|0|24|0|3050
90:9a:4a:80:71:9a|1333|5|7|41|688|3113
20:aa:4b:5b:e6:4b|327|0|26|0|3240|0
b4:e6:2d:f6:c8:79|0|2|0|3|0|376
68:ff:7b:c5:ca:c9|140|0|0|0|0|0
1e:e8:29:e4:16:89|2|0|0|0|0|0
aa:59:5b:3a:25:b0|0|0|5|0|120|0
08:cc:68:53:a7:40|0|0|0|5|0|120
a4:50:46:4c:af:3b|1|1|21|0|1639|0
c0:06:c3:8f:c7:99|0|0|9|2|726|156
74:eb:80:1d:42:94|0|3|0|0|0|0
f4:f5:d8:8d:f2:58|3|4|0|0|0|0
7c:2e:bd:f4:94:ee|7|0|0|0|0|0
c0:06:c3:8f:c0:7b|3|6|7|2|644|156
01:00:5e:00:00:01|0|0|0|1|0|76
92:8f:f1:3f:45:2d|1|0|0|0|0|0
44:07:0b:2f:49:8b|9|0|0|0|0|0
28:6d:cd:09:2a:ea|1|3|4|0|104|0
9a:d5:f2:19:65:87|0|5|0|0|0|0
f0:ef:86:06:76:35|0|1|0|0|0|0
ae:64:af:6f:cc:24|1|3|0|0|0|0
74:df:bf:45:ac:65|0|1|0|0|0|0
0a:26:07:17:f8:71|2|0|0|0|0|0
be:38:2b:89:e4:9c|0|3|0|0|0|0
20:1f:3b:3a:bb:3d|5|89|0|0|0|0
ec:5c:68:84:b1:4b|0|18|0|0|0|0
5e:30:09:0f:2e:55|0|1|0|0|0|0
da:a1:19:c1:58:22|0|1|0|0|0|0
06:64:52:10:2e:79|0|2|0|0|0|0
3a:37:31:36:67:5d|2|0|0|0|0|0
90:0c:c8:ff:c0:3c|1|3|0|0|0|0
02:00:00:00:00:00|0|21|0|0|0|0
88:b4:a6:09:35:f7|0|3|0|0|0|0
9e:0a:e7:2e:de:0f|0|3|0|0|0|0
0e:2e:ca:dc:9d:21|0|5|0|0|0|0
2a:df:1c:ff:23:f0|0|5|0|0|0|0
44:07:0b:89:e4:ab|12|0|0|0|0|0
f2:8d:53:6c:0c:84|1|0|0|0|0|0
86:90:69:ec:66:fe|0|3|0|0|0|0
ac:67:84:52:fe:0b|1|0|0|0|0|0
06:7a:6e:9e:bd:0b|1|0|0|0|0|0
b8:27:eb:81:9a:d6|0|2|0|0|0|0
1c:bf:ce:e3:fb:45|0|5|0|0|0|0
44:07:0b:6c:b6:e3|1|0|0|0|0|0
24:77:03:d4:12:38|0|7|0|0|0|0
01:00:5e:00:00:fa|0|0|0|1|0|114
92:c0:4f:eb:94:49|0|25|0|0|0|0
