16
b4:e6:2d:f6:b6:a5
68:02:b8:1e:7f:1f|1246|0|74|0|32409|0
ff:ff:ff:ff:ff:ff|0|2349|0|8|0|821
6a:02:98:1e:7f:1f|1244|0|0|0|0|0
b4:e6:2d:f6:b6:a5|0|2|0|3|0|390
70:ee:50:73:4e:36|0|0|64|0|1658|0
b0:95:75:4b:b9:26|0|0|0|64|0|1658
54:2a:a2:48:a3:f0|0|54|0|0|0|0
01:00:5e:7f:ff:fa|0|0|0|60|0|30806
c8:66:5d:1f:4f:54|0|12|0|0|0|0
a4:3e:a0:a4:2a:46|0|48|0|0|0|0
10:1c:0c:1a:10:10|2|0|0|0|0|0
4e:9b:05:55:9f:ce|2|12|0|0|0|0
c6:fa:69:06:44:69|1|0|0|0|0|0
64:b3:10:aa:e3:3c|0|12|0|0|0|0
80:58:f8:93:88:29|0|0|0|3|0|392
5a:01:9d:62:0a:92|0|6|0|0|0|0
