23
b4:e6:2d:f6:b6:a5
d8:b6:b7:7a:3a:61|427|1|6|57|156|1376
ff:ff:ff:ff:ff:ff|0|2817|0|10|0|760
68:02:b8:1e:7f:1f|1242|0|21|0|2525|0
6a:02:98:1e:7f:1f|1240|0|0|0|0|0
d8:8c:79:90:f4:9b|0|1|0|0|0|0
70:2e:22:8d:72:74|152|0|4|0|1932|0
5c:f8:21:84:a4:31|0|18|0|0|0|0
a4:3e:a0:a4:2a:46|0|154|0|0|0|0
b4:e6:2d:f6:b6:a5|0|2|0|5|0|577
e6:35:23:4e:ab:99|0|0|8|1|200|26
26:17:dc:59:74:f7|0|0|1|2|24|52
bc:54:51:02:a4:f0|0|0|0|2|0|52
0e:26:0a:2f:38:6b|1|1|48|1|1152|26
c8:66:5d:1f:4f:54|0|12|0|0|0|0
01:00:5e:7f:ff:fa|0|0|0|4|0|1932
72:26:c5:63:81:73|0|1|0|0|0|0
b6:70:5c:20:29:9a|1|11|0|0|0|0
5c:f5:da:55:8b:f6|0|2|0|0|0|0
64:b3:10:aa:e3:3c|0|16|0|0|0|0
00:0c:e7:a3:97:c6|0|1|0|0|0|0
01:00:5e:00:00:fb|0|0|0|3|0|564
33:33:00:00:00:fb|0|0|0|3|0|624
1a:87:40:20:d0:c1|1|27|0|0|0|0
