34
b4:e6:2d:f6:b6:a5
68:02:b8:1e:7f:1f|1287|0|11|0|1988|0
ff:ff:ff:ff:ff:ff|0|2272|0|4|0|376
6a:02:98:1e:7f:1f|1203|0|0|0|0|0
b4:e6:2d:f6:b6:a5|0|1|0|3|0|390
02:aa:3f:a7:c9:b2|38|0|22|0|7992|0
01:00:5e:7f:ff:fa|0|0|0|4|0|2181
33:33:00:00:00:0c|0|0|0|7|0|4012
02:aa:3f:a7:c9:b1|1|0|0|0|0|0
a4:3e:a0:a4:2a:46|0|102|0|0|0|0
4c:fc:aa:04:03:83|0|5|0|0|0|0
10:1c:0c:1a:10:10|3|42|0|0|0|0
6a:9b:5b:47:ea:84|0|6|0|0|0|0
64:b3:10:aa:e3:3c|0|6|0|0|0|0
01:00:5e:00:00:fb|0|0|0|7|0|1598
33:33:00:00:00:16|0|0|0|3|0|372
01:00:5e:7f:ff:fb|0|0|0|1|0|114
5c:f8:21:84:a4:31|0|9|0|0|0|0
e4:5f:01:7e:fb:99|0|2|0|0|0|0
c8:66:5d:1f:4f:54|0|18|0|0|0|0
1a:87:40:0e:5d:2c|0|30|0|0|0|0
58:b1:0f:56:36:08|0|12|0|0|0|0
33:33:00:00:00:01|0|0|0|1|0|232
dc:bd:7a:1e:22:bd|2|0|1|0|96|0
