54
b4:e6:2d:f6:c8:79
90:9a:4a:80:71:9a|1308|8|103|117|37493|14891
ff:ff:ff:ff:ff:ff|0|3750|0|6|0|1134
68:ff:7b:c5:ca:c9|854|0|0|0|0|0
20:aa:4b:5b:e6:4b|634|0|4|0|701|0
90:9a:4a:80:85:9e|1188|0|62|32|23000|768
b4:e6:2d:f6:c8:79|0|3|0|3|0|376
a8:6d:aa:73:88:1d|2|47|0|0|0|0
0a:fb:44:04:a4:54|0|2|0|0|0|0
20:1f:3b:3a:bb:3d|36|129|0|0|0|0
28:6d:cd:09:2a:ea|0|0|23|3|4904|315
44:07:0b:2f:49:8b|7|0|0|0|0|0
f0:ef:86:06:76:35|0|2|0|0|0|0
94:9f:3e:84:df:5a|0|22|0|0|0|0
c0:06:c3:8f:c0:7b|2|4|4|5|150|511
84:d8:1b:29:48:82|3|0|4|0|480|0
c0:06:c3:8f:c7:99|2|4|5|2|174|237
6a:a7:b9:89:64:11|3|0|1|0|94|0
00:08:07:76:35:b7|1|4|0|0|0|0
a4:50:46:4c:af:3b|4|19|85|90|9663|36054
9e:ab:89:2d:82:91|0|16|32|13|768|1086
b0:a7:b9:89:64:1f|17|0|2|0|873|0
a2:e0:6c:67:3c:21|0|5|0|0|0|0
7c:d9:5c:62:1d:99|1|0|0|0|0|0
01:00:5e:00:00:fb|0|0|0|4|0|480
08:9e:08:bc:6c:2b|0|3|0|0|0|0
44:07:0b:70:9e:93|2|0|0|0|0|0
01:00:5e:7f:ff:fa|0|0|0|48|0|21830
e4:5f:01:5c:9d:89|0|3|0|0|0|0
c0:87:eb:8e:48:ef|0|4|0|0|0|0
2e:eb:44:83:9c:ce|0|3|0|0|0|0
d6:1b:81:e6:90:bc|0|1|0|0|0|0
f4:f5:d8:8d:f2:58|5|8|0|0|0|0
b2:9e:17:3f:6b:81|0|3|0|0|0|0
3c:8d:20:4f:d8:e9|2|0|0|0|0|0
54:60:09:01:a1:78|1|0|0|0|0|0
38:8b:59:29:24:78|4|0|0|0|0|0
b8:27:eb:81:9a:d6|0|2|0|0|0|0
33:33:00:00:00:0c|0|0|0|1|0|534
54:60:09:e2:ee:aa|0|2|0|0|0|0
2a:82:21:27:75:12|0|2|0|0|0|0
20:df:b9:ac:28:3b|3|0|0|0|0|0
7e:7c:5b:f0:d9:c9|0|1|0|0|0|0
fe:17:f1:a0:c4:ce|1|0|0|0|0|0
00:31:92:b2:52:69|0|1|0|0|0|0
44:07:0b:60:bf:75|4|0|0|0|0|0
01:00:5e:00:00:01|0|0|0|1|0|84
24:77:03:d4:12:38|2|22|0|0|0|0
