22
b4:e6:2d:f6:b6:a5
68:02:b8:1e:7f:1f|1230|0|8|0|1506|0
ff:ff:ff:ff:ff:ff|0|3515|0|0|0|0
6a:02:98:1e:7f:1f|1229|0|0|0|0|0
d8:b6:b7:7a:3a:61|1308|0|9|14|296|399
f0:72:ea:da:42:c6|0|35|0|0|0|0
b4:e6:2d:f6:b6:a5|0|1|0|3|0|390
e6:35:23:4e:ab:99|0|0|8|2|200|52
bc:54:51:02:a4:f0|0|0|2|2|103|52
01:00:5e:00:00:fb|0|0|0|1|0|256
33:33:00:00:00:fb|0|0|0|1|0|276
62:45:b7:07:e5:4a|0|13|0|0|0|0
0e:26:0a:2f:38:6b|0|0|4|2|96|52
26:17:dc:59:74:f7|0|0|0|2|0|52
a4:3e:a0:a4:2a:46|0|129|0|0|0|0
64:b3:10:aa:e3:3c|0|27|0|0|0|0
ee:94:09:db:60:88|0|2|0|0|0|0
1a:87:40:24:85:64|0|26|0|0|0|0
33:33:00:00:00:01|0|0|0|3|0|584
5e:45:85:98:a7:2a|0|7|0|0|0|0
9c:5d:12:d7:43:d4|0|6|0|0|0|0
01:00:5e:00:00:01|0|0|0|1|0|88
c8:66:5d:1f:4f:54|0|6|0|0|0|0
