19
b4:e6:2d:f6:b6:a5
d8:b6:b7:7a:3a:61|1299|0|9|33|296|1022
ff:ff:ff:ff:ff:ff|0|3493|0|1|0|289
68:02:b8:1e:7f:1f|1222|0|67|0|32069|0
6a:02:98:1e:7f:1f|1222|0|0|0|0|0
b4:e6:2d:f6:b6:a5|0|2|0|3|0|390
f0:72:ea:da:42:c6|0|25|0|0|0|0
c8:66:5d:1f:4f:54|0|12|0|0|0|0
a4:3e:a0:a4:2a:46|0|138|0|0|0|0
01:00:5e:7f:ff:fa|0|0|0|60|0|30806
bc:54:51:02:a4:f0|0|0|18|2|654|52
e6:35:23:4e:ab:99|0|0|10|2|248|52
0e:26:0a:2f:38:6b|0|1|5|2|120|52
26:17:dc:59:74:f7|0|0|0|2|0|52
01:00:5e:00:00:01|0|0|0|1|0|88
26:94:9b:c4:cd:39|0|40|0|0|0|0
6e:31:3e:55:e9:6b|0|7|0|0|0|0
1a:87:40:23:02:73|0|16|0|0|0|0
33:33:00:00:00:01|0|0|0|3|0|584
00:0c:e7:9a:8d:4e|0|9|0|0|0|0
