48
b4:e6:2d:f6:c8:79
90:9a:4a:80:71:9a|1255|11|54|80|18828|9466
a4:50:46:4c:af:3b|5|15|36|18|2124|15179
90:9a:4a:80:85:9e|1250|18|74|616|24076|15396
ff:ff:ff:ff:ff:ff|0|3753|0|57|0|10100
20:aa:4b:5b:e6:4b|831|0|57|123|10044|3004
68:ff:7b:c5:ca:c9|569|0|0|0|0|0
cc:50:e3:f0:6b:20|0|0|123|0|3004|0
9e:ab:89:2d:82:91|11|37|355|11|8610|930
04:6c:59:1b:72:04|7|13|262|6|7218|822
c0:06:c3:8f:c7:99|5|12|9|18|726|1626
28:6d:cd:09:2a:ea|0|0|25|4|5667|474
c0:06:c3:8f:c0:7b|4|8|10|11|949|1221
24:77:03:d4:12:38|3|14|0|0|0|0
54:60:09:e2:ee:aa|0|2|0|0|0|0
ae:e6:da:7e:ba:33|0|3|0|0|0|0
2a:f5:16:f8:6f:35|0|1|0|0|0|0
01:00:5e:7f:ff:fa|0|0|0|46|0|21432
44:07:0b:70:9e:93|8|0|0|0|0|0
44:07:0b:2f:49:8b|8|0|0|0|0|0
e0:dc:ff:db:25:97|0|1|0|0|0|0
01:00:5e:00:00:fb|0|0|0|4|0|496
f0:ef:86:05:a3:fa|0|9|0|0|0|0
a4:77:33:63:f5:7e|4|0|0|0|0|0
08:9e:08:bc:6c:2b|0|4|0|0|0|0
9e:4e:50:25:9a:d2|0|5|0|0|0|0
d6:1b:d4:ca:3c:84|0|7|0|0|0|0
48:e7:da:e7:6d:81|2|0|0|0|0|0
b4:e6:2d:f6:c8:79|0|1|0|3|0|328
00:08:07:76:35:b7|0|3|0|0|0|0
b8:27:eb:81:9a:d6|1|2|0|0|0|0
aa:ea:a2:14:6b:c2|0|1|0|0|0|0
44:07:0b:60:bf:75|4|0|0|0|0|0
44:07:0b:6c:b6:e3|5|0|0|0|0|0
3c:8d:20:4f:d8:e9|2|0|0|0|0|0
f4:f5:d8:8d:f2:58|11|8|0|0|0|0
94:9f:3e:84:df:5a|5|5|0|0|0|0
33:33:00:00:00:01|0|0|0|1|0|120
01:00:5e:00:00:fa|0|0|0|2|0|228
01:00:5e:00:00:01|0|0|0|2|0|160
01:00:5e:00:00:16|0|0|0|3|0|264
72:82:ec:d4:7c:48|0|1|0|0|0|0
56:f7:b0:2c:66:fc|1|28|0|0|0|0
f2:b2:80:0a:ea:79|2|18|0|0|0|0
f8:ad:cb:07:b1:e8|1|6|0|0|0|0
da:a1:19:34:34:34|1|6|0|0|0|0
68:54:5a:59:ed:f9|0|2|0|0|0|0
48:d6:d5:7c:5a:40|2|0|0|0|0|0
f4:f5:d8:84:58:92|0|3|0|0|0|0
