39
b4:e6:2d:f6:b6:a5
68:02:b8:1e:7f:1f|1261|1|887|27|195962|806
ff:ff:ff:ff:ff:ff|0|3141|0|296|0|58359
6a:02:98:1e:7f:1f|1258|0|0|0|0|0
d8:b6:b7:7a:3a:61|917|0|44|29|11266|980
b4:e6:2d:f6:b6:a5|0|1|0|3|0|390
01:00:5e:00:00:fb|0|0|0|83|0|11873
33:33:00:00:00:fb|0|0|0|83|0|13526
70:2e:22:8d:72:74|1|0|0|0|0|0
80:58:f8:93:88:29|7|59|27|358|806|110546
a4:3e:a0:a4:2a:46|0|98|0|0|0|0
bc:54:51:02:a4:f0|0|0|19|2|680|420
f0:72:ea:da:42:c6|0|7|0|0|0|0
8e:ce:84:5f:9c:42|9|40|0|0|0|0
e6:35:23:4e:ab:99|0|0|9|1|276|26
06:e5:2c:b5:e8:72|0|0|3|0|72|0
18:35:d1:10:b0:79|0|0|0|3|0|72
26:17:dc:59:74:f7|0|0|0|2|0|52
33:33:00:00:00:16|0|0|0|8|0|1004
01:00:5e:00:00:16|0|0|0|9|0|838
78:9f:70:2b:86:c6|2|0|0|0|0|0
64:b3:10:aa:e3:3c|0|7|0|0|0|0
0e:26:0a:2f:38:6b|0|4|1|0|24|0
33:33:00:00:00:01|0|0|0|3|0|584
33:33:00:00:00:02|0|0|0|1|0|96
33:33:ff:1e:b6:60|0|0|0|1|0|112
da:a1:19:16:06:fc|7|50|0|0|0|0
01:00:5e:7f:ff:fa|0|0|0|6|0|1278
33:33:00:01:00:03|0|0|0|37|0|4385
01:00:5e:00:00:fc|0|0|0|37|0|3645
82:dd:f8:89:c4:4e|1|0|0|0|0|0
8e:6e:7d:99:a3:0e|2|8|0|0|0|0
ea:c3:46:1c:e7:8f|2|0|0|0|0|0
da:a1:19:37:e3:cd|4|0|0|0|0|0
90:97:f3:4d:11:9e|1|40|0|0|0|0
da:a1:19:ff:86:37|1|7|0|0|0|0
06:38:8a:03:17:52|0|3|0|0|0|0
cc:4b:73:b0:02:dc|0|6|0|0|0|0
01:80:c2:00:00:0e|0|0|0|1|0|94
f0:5c:77:1a:f1:64|0|1|0|0|0|0
