35
b4:e6:2d:f6:b6:a5
d8:b6:b7:7a:3a:61|1382|0|10|94|322|2769
ff:ff:ff:ff:ff:ff|0|3519|0|267|0|54310
68:02:b8:1e:7f:1f|1254|0|310|17|60137|494
6a:02:98:1e:7f:1f|1253|0|0|0|0|0
b4:e6:2d:f6:b6:a5|0|2|0|5|0|577
80:58:f8:93:88:29|5|15|17|12|494|1437
a4:3e:a0:a4:2a:46|0|160|0|0|0|0
bc:54:51:02:a4:f0|0|0|66|2|2089|52
e6:35:23:4e:ab:99|0|0|8|3|200|78
70:ee:50:73:4e:36|0|0|63|0|1634|0
b0:95:75:4b:b9:26|0|0|0|63|0|1634
cc:4b:73:b0:02:dc|0|14|0|0|0|0
0e:26:0a:2f:38:6b|0|0|3|2|72|52
26:17:dc:59:74:f7|0|0|17|2|408|52
f0:5c:77:1a:f1:64|0|7|0|0|0|0
f2:92:7b:c9:c9:2b|0|7|0|0|0|0
24:32:42:34:29:40|1|7|0|0|0|0
01:00:5e:00:00:fb|0|0|0|9|0|1216
33:33:00:00:00:fb|0|0|0|7|0|1176
33:33:00:00:00:16|0|0|0|2|0|248
01:00:5e:00:00:02|0|0|0|2|0|180
01:00:5e:00:00:01|0|0|0|1|0|88
01:00:5e:7f:ff:fa|0|0|0|1|0|201
0a:a1:d4:9b:f0:71|0|62|0|0|0|0
02:99:65:28:e8:1e|0|7|0|0|0|0
33:33:00:00:00:01|0|0|0|3|0|584
33:33:00:00:00:02|0|0|0|1|0|96
33:33:ff:1e:b6:60|0|0|0|1|0|112
64:b3:10:aa:e3:3c|0|32|0|0|0|0
f0:72:ea:da:42:c6|0|7|0|0|0|0
84:16:f9:07:68:71|0|19|0|0|0|0
3e:8b:0b:2f:2a:f3|0|3|0|0|0|0
c8:66:5d:1f:4f:54|0|6|0|0|0|0
4e:9b:05:55:9f:ce|2|25|0|0|0|0
ea:98:5b:00:ae:c9|1|6|0|0|0|0
