24
b4:e6:2d:f6:b6:a5
68:02:b8:1e:7f:1f|1255|0|290|0|59009|0
ff:ff:ff:ff:ff:ff|0|2562|0|278|0|56384
6a:02:98:1e:7f:1f|1254|0|0|0|0|0
d8:b6:b7:7a:3a:61|337|0|10|128|746|3947
94:e2:3c:3e:11:65|0|59|0|0|0|0
e6:35:23:4e:ab:99|0|0|54|2|1949|52
b4:e6:2d:f6:b6:a5|0|2|0|3|0|390
0e:26:0a:2f:38:6b|0|0|47|0|1128|0
d8:8c:79:90:f4:9b|0|2|0|0|0|0
c0:ee:fb:43:db:fb|0|5|0|0|0|0
a4:3e:a0:a4:2a:46|0|99|0|0|0|0
80:be:05:5f:13:d9|0|7|0|0|0|0
bc:54:51:02:a4:f0|0|0|25|3|822|154
0a:c6:d4:24:bd:8e|0|42|0|0|0|0
01:00:5e:00:00:01|0|0|0|1|0|88
26:17:dc:59:74:f7|0|0|2|2|48|52
c8:66:5d:1f:4f:54|0|18|0|0|0|0
01:00:5e:00:00:fb|0|0|0|4|0|958
33:33:00:00:00:fb|0|0|0|4|0|1038
84:16:f9:07:68:71|0|13|0|0|0|0
9c:5d:12:d7:43:d4|0|6|0|0|0|0
01:00:5e:7f:ff:fa|0|0|0|3|0|639
64:b3:10:aa:e3:3c|0|29|0|0|0|0
00:1c:bf:52:98:29|0|2|0|0|0|0
