35
b4:e6:2d:f6:c8:79
90:9a:4a:80:85:9e|1135|1|10|18|1653|432
ff:ff:ff:ff:ff:ff|0|3600|0|47|0|7888
90:9a:4a:80:71:9a|1268|5|11|24|1105|1852
20:aa:4b:5b:e6:4b|828|0|50|0|8198|0
e4:5f:01:5c:9d:89|0|6|0|0|0|0
68:ff:7b:c5:ca:c9|532|0|0|0|0|0
1c:bf:ce:e3:fb:45|0|11|0|0|0|0
b4:e6:2d:f6:c8:79|0|2|0|5|0|544
a4:50:46:4c:af:3b|0|0|6|0|364|0
20:1f:3b:3a:bb:3d|24|127|0|0|0|0
96:0d:5d:a0:c2:25|0|7|0|0|0|0
54:60:09:e2:ee:aa|0|6|0|0|0|0
b8:27:eb:81:9a:d6|0|3|0|0|0|0
9e:ab:89:2d:82:91|1|15|18|9|432|1569
c0:06:c3:8f:c7:99|0|0|7|3|543|315
f4:f5:d8:8d:f2:58|4|1|0|0|0|0
44:07:0b:70:9e:93|8|0|0|0|0|0
c0:06:c3:8f:c0:7b|4|8|9|3|893|246
28:6d:cd:09:2a:ea|1|3|2|0|52|0
44:07:0b:2f:49:8b|6|0|0|0|0|0
33:33:00:00:00:01|0|0|0|1|0|120
f0:ef:86:06:76:35|0|7|0|0|0|0
01:00:5e:00:00:01|0|0|0|2|0|160
00:08:07:76:35:b7|0|5|0|0|0|0
3c:8d:20:4f:d8:e9|1|0|0|0|0|0
de:2a:8f:55:85:57|0|1|0|0|0|0
0a:9c:34:32:c9:31|0|3|0|0|0|0
f4:f2:6d:90:44:3c|1|0|0|0|0|0
26:2a:69:ac:11:d3|1|4|0|0|0|0
01:00:5e:00:00:fa|0|0|0|1|0|114
08:9e:08:bc:6c:2b|0|2|0|0|0|0
0a:26:07:17:f8:71|2|0|0|0|0|0
44:07:0b:6c:b6:e3|3|0|0|0|0|0
cc:f4:11:a1:a0:2c|1|0|0|0|0|0
56:68:61:2c:82:5b|0|3|0|0|0|0
