31
b4:e6:2d:f6:b6:a5
68:02:b8:1e:7f:1f|1229|0|273|0|55674|0
ff:ff:ff:ff:ff:ff|0|3484|0|255|0|53277
6a:02:98:1e:7f:1f|1227|0|0|0|0|0
d8:b6:b7:7a:3a:61|1300|0|11|57|1079|1923
b4:e6:2d:f6:b6:a5|0|1|0|3|0|390
f0:72:ea:da:42:c6|0|13|0|0|0|0
0e:26:0a:2f:38:6b|0|0|8|2|192|52
e6:35:23:4e:ab:99|0|0|5|2|126|52
26:17:dc:59:74:f7|0|0|13|2|312|52
bc:54:51:02:a4:f0|0|0|31|3|1293|338
a4:3e:a0:a4:2a:46|0|106|0|0|0|0
00:1c:bf:52:98:29|0|4|0|0|0|0
33:33:00:00:00:01|0|0|0|3|0|584
a2:9f:8f:9e:47:ea|0|3|0|0|0|0
c8:66:5d:1f:4f:54|0|18|0|0|0|0
d8:8c:79:90:f4:9b|0|7|0|0|0|0
ba:3d:23:83:7f:1a|1|6|0|0|0|0
01:00:5e:00:00:fb|0|0|0|6|0|830
33:33:00:00:00:fb|0|0|0|5|0|840
33:33:00:00:00:16|0|0|0|2|0|248
01:00:5e:00:00:02|0|0|0|1|0|90
2c:db:07:46:b4:19|0|6|0|0|0|0
72:10:66:67:9c:43|0|7|0|0|0|0
