27
b4:e6:2d:f6:b6:a5
68:02:b8:1e:7f:1f|1253|0|272|2|26898|48
ff:ff:ff:ff:ff:ff|0|3349|0|227|0|21594
6a:02:98:1e:7f:1f|1252|0|0|0|0|0
d8:b6:b7:7a:3a:61|1135|0|5|49|192|1406
01:00:5e:7f:ff:fa|0|0|0|21|0|2797
80:58:f8:93:88:29|0|0|0|6|0|711
b4:e6:2d:f6:b6:a5|0|1|0|8|0|933
70:2e:22:8d:72:74|30|0|1|0|517|0
c8:66:5d:1f:4f:54|0|18|0|0|0|0
4c:fc:aa:04:03:83|0|16|0|0|0|0
0e:26:0a:2f:38:6b|0|0|22|0|528|0
bc:54:51:02:a4:f0|0|0|19|2|678|52
a4:3e:a0:a4:2a:46|0|138|0|0|0|0
e6:35:23:4e:ab:99|0|0|8|0|200|0
f8:77:b8:53:10:e8|7|122|0|0|0|0
2c:0e:3d:ac:4c:05|0|0|2|1|48|92
26:17:dc:59:74:f7|0|0|0|2|0|52
5c:f8:21:84:a4:31|0|2|0|0|0|0
64:b3:10:aa:e3:3c|0|9|0|0|0|0
26:94:9b:c4:cd:39|3|23|0|0|0|0
01:00:5e:00:00:16|0|0|0|2|0|180
01:00:5e:00:00:fb|0|0|0|4|0|548
01:00:5e:00:00:01|0|0|0|1|0|88
da:0a:3d:e8:d9:87|0|2|0|0|0|0
33:33:00:00:00:01|0|0|0|2|0|352
33:33:00:00:00:02|0|0|0|1|0|96
33:33:ff:1e:b6:60|0|0|0|1|0|112
