41
b4:e6:2d:f6:c8:79
90:9a:4a:80:71:9a|1266|9|178|230|29205|22462
ff:ff:ff:ff:ff:ff|0|2242|0|78|0|8200
a4:50:46:4c:af:3b|0|0|184|155|14768|26513
28:6d:cd:09:2a:ea|0|0|27|4|5985|474
20:aa:4b:5b:e6:4b|396|0|22|0|3256|0
90:9a:4a:80:85:9e|601|64|204|354|133464|8691
68:ff:7b:c5:ca:c9|180|0|0|0|0|0
b4:e6:2d:f6:c8:79|0|2|0|4|0|454
04:6c:59:1b:72:04|56|100|32|4|832|312
01:00:5e:7f:ff:fa|0|0|0|42|0|18818
64:5d:86:d7:5d:f2|3|0|0|0|0|0
c0:06:c3:8f:c7:99|5|10|10|5|816|633
54:2a:a2:73:c6:e9|8|25|0|0|0|0
ec:5c:68:84:b1:4b|1|9|0|0|0|0
74:df:bf:45:ac:65|0|2|0|0|0|0
44:07:0b:2f:49:8b|5|0|0|0|0|0
da:a1:19:cd:cd:cd|0|2|0|0|0|0
50:e0:85:84:55:94|4|10|0|0|0|0
cc:f4:11:a1:a0:2c|1|0|0|0|0|0
c0:06:c3:8f:c0:7b|4|9|9|10|893|1131
da:a1:19:c7:c7:c7|2|3|0|0|0|0
01:00:5e:00:00:01|0|0|0|1|0|76
