46
b4:e6:2d:f6:c8:79
90:9a:4a:80:71:9a|1206|5|17|21|1751|1878
ff:ff:ff:ff:ff:ff|0|2817|0|36|0|6058
90:9a:4a:80:85:9e|979|14|341|108|275148|2784
20:aa:4b:5b:e6:4b|450|0|32|0|5598|0
68:ff:7b:c5:ca:c9|279|0|0|0|0|0
01:00:5e:7f:ff:fa|0|0|0|56|0|22201
01:00:5e:00:00:16|0|0|0|4|0|360
c0:06:c3:8f:c0:7b|4|8|10|10|917|1046
b4:e6:2d:f6:c8:79|0|1|0|4|0|471
c0:06:c3:8f:c7:99|1|4|6|1|399|78
84:e3:42:4b:9d:4f|20|0|0|0|0|0
04:6c:59:1b:72:04|15|51|97|4|2928|666
a4:50:46:4c:af:3b|0|0|4|0|312|0
0e:c3:4b:88:62:7a|0|2|0|0|0|0
9e:ab:89:2d:82:91|0|33|12|274|288|251840
54:60:09:e2:ee:aa|0|3|0|0|0|0
50:e0:85:84:55:94|2|9|0|0|0|0
00:08:07:76:35:b7|0|1|0|0|0|0
3c:8d:20:4f:d8:e9|1|0|0|0|0|0
7c:d9:5c:62:1d:99|3|0|0|0|0|0
20:f4:78:24:ce:e8|0|6|0|0|0|0
bc:54:2f:5e:b7:f3|0|6|0|0|0|0
64:5d:86:d7:5d:f2|1|0|0|0|0|0
44:07:0b:89:e4:ab|4|0|0|0|0|0
fe:f0:8d:cb:1c:63|0|6|0|0|0|0
44:07:0b:2f:49:8b|12|0|0|0|0|0
44:07:0b:70:9e:93|5|0|0|0|0|0
b0:a7:b9:89:64:1f|0|0|2|0|296|0
01:00:5e:00:00:fb|0|0|0|2|0|323
6a:a7:b9:89:64:11|1|0|1|0|88|0
72:1e:c8:5b:51:f8|1|0|0|0|0|0
28:6d:cd:09:2a:ea|0|0|1|2|250|156
c0:87:eb:8e:48:ef|0|3|0|0|0|0
38:87:d5:8a:96:cf|1|3|0|0|0|0
62:e8:50:36:b3:f3|1|0|0|0|0|0
84:d8:1b:29:48:82|1|0|0|0|0|0
a0:28:ed:99:61:e1|0|1|0|0|0|0
f2:b2:80:0a:ea:79|4|9|0|0|0|0
08:9e:08:bc:6c:2b|0|3|0|0|0|0
4c:1d:96:02:c9:98|0|1|0|0|0|0
be:39:13:6d:e7:b2|0|1|0|0|0|0
f0:f6:c1:d5:cb:42|0|5|0|0|0|0
01:00:5e:00:00:fa|0|0|0|1|0|114
2e:9f:33:27:11:58|1|0|0|0|0|0
74:df:bf:45:ac:65|0|2|0|0|0|0
44:07:0b:60:bf:75|2|0|0|0|0|0
