45
b4:e6:2d:f6:c8:79
90:9a:4a:80:85:9e|809|15|158|696|101472|17324
ff:ff:ff:ff:ff:ff|0|2175|0|32|0|5699
90:9a:4a:80:71:9a|1357|79|5109|3224|5616255|721928
20:aa:4b:5b:e6:4b|130|0|40|11|7706|1099
50:e0:85:84:55:94|3|10|0|0|0|0
a4:50:46:4c:af:3b|72|152|3194|5097|717314|5615039
04:6c:59:1b:72:04|15|28|214|4|5756|2364
b4:e6:2d:f6:c8:79|0|2|0|4|0|471
68:ff:7b:c5:ca:c9|167|0|0|0|0|0
9e:ab:89:2d:82:91|2|21|482|84|11568|72394
33:33:00:00:00:0c|0|0|0|2|0|1504
34:02:86:11:c3:80|0|0|11|0|1099|0
01:00:5e:00:00:fb|0|0|0|8|0|1043
33:33:00:00:00:fb|0|0|0|3|0|390
33:33:00:01:00:03|0|0|0|3|0|372
01:00:5e:00:00:fc|0|0|0|4|0|416
28:6d:cd:09:2a:ea|0|0|11|2|2659|156
44:07:0b:2f:49:8b|11|0|0|0|0|0
84:e3:42:4b:9d:4f|8|0|0|0|0|0
3c:8d:20:4f:d8:e9|1|0|0|0|0|0
38:87:d5:8a:96:cf|1|2|0|0|0|0
