41
b4:e6:2d:f6:c8:79
90:9a:4a:80:85:9e|420|7|125|986|80538|33099
ff:ff:ff:ff:ff:ff|0|1878|0|13|0|2116
90:9a:4a:80:71:9a|1282|7|110|302|15302|41152
28:6d:cd:09:2a:ea|0|0|31|17|6995|2145
20:aa:4b:5b:e6:4b|114|0|14|0|2192|0
a4:50:46:4c:af:3b|2|5|256|54|32877|9024
54:2a:a2:73:c6:e9|6|33|0|0|0|0
68:ff:7b:c5:ca:c9|201|0|0|0|0|0
9e:ab:89:2d:82:91|7|14|986|115|33099|75549
f0:ef:86:06:76:35|0|2|0|0|0|0
b4:e6:2d:f6:c8:79|0|1|0|14|0|1714
44:07:0b:70:9e:93|1|0|0|0|0|0
80:45:dd:a7:9e:f5|1|8|0|0|0|0
f4:f5:d8:84:58:92|0|1|0|0|0|0
a2:e0:6c:67:3c:21|0|6|0|0|0|0
3e:9e:c1:ec:69:65|0|1|0|0|0|0
be:9b:cf:fc:27:9c|1|1|0|0|0|0
b8:27:eb:81:9a:d6|0|1|0|0|0|0
c0:06:c3:8f:c0:7b|5|10|8|10|803|1057
ca:47:94:ab:55:23|0|2|0|0|0|0
01:00:5e:7f:ff:fa|0|0|0|10|0|4989
c0:06:c3:8f:c7:99|0|0|7|15|477|1362
