41
b4:e6:2d:f6:c8:79
90:9a:4a:80:71:9a|1315|9|54|41|6512|6196
ff:ff:ff:ff:ff:ff|0|3488|0|23|0|3678
90:9a:4a:80:85:9e|1185|2|12|19|2914|456
c0:06:c3:8f:c7:99|4|9|5|10|240|1209
c0:06:c3:8f:c0:7b|5|11|10|20|1015|2342
28:6d:cd:09:2a:ea|0|0|21|10|4655|1230
b4:e6:2d:f6:c8:79|0|2|0|9|0|1101
a4:50:46:4c:af:3b|0|0|5|5|286|630
68:ff:7b:c5:ca:c9|617|0|0|0|0|0
20:aa:4b:5b:e6:4b|640|0|26|0|3982|0
da:a1:19:c4:c4:c4|0|1|0|0|0|0
20:1f:3b:3a:bb:3d|16|97|0|0|0|0
b0:a7:b9:89:64:1f|6|0|0|0|0|0
a8:6d:aa:73:88:1d|0|41|0|0|0|0
54:60:09:e2:ee:aa|2|5|0|0|0|0
80:91:33:25:67:05|10|74|0|0|0|0
3c:8d:20:4f:d8:e9|6|1|0|0|0|0
01:00:5e:00:00:01|0|0|0|2|0|160
44:07:0b:2f:49:8b|8|0|0|0|0|0
01:00:5e:00:00:fa|0|0|0|2|0|228
f0:ef:86:06:76:35|0|6|0|0|0|0
9e:ab:89:2d:82:91|2|22|19|11|456|2830
94:9f:3e:84:df:5a|0|27|0|0|0|0
ec:5c:68:84:b1:4b|0|18|0|0|0|0
90:0c:c8:ff:c0:3c|3|3|0|0|0|0
da:a1:19:d1:d1:d1|1|5|0|0|0|0
08:9e:08:bc:6c:2b|0|3|0|0|0|0
7c:b2:7d:d3:ca:b1|0|1|0|0|0|0
44:07:0b:60:bf:75|4|0|0|0|0|0
e4:5f:01:5c:9d:89|0|1|0|0|0|0
6a:a7:b9:89:64:11|2|0|0|0|0|0
f4:f5:d8:8d:f2:58|2|3|0|0|0|0
82:62:59:ea:33:18|0|1|0|0|0|0
00:08:07:76:35:b7|0|1|0|0|0|0
38:8b:59:29:24:78|3|0|0|0|0|0
b8:27:eb:81:9a:d6|0|2|0|0|0|0
14:c1:4e:07:26:d2|1|0|0|0|0|0
72:18:08:74:02:0d|0|1|0|0|0|0
46:3b:78:62:ec:7e|1|0|0|0|0|0
12:2f:c8:67:0b:54|0|1|0|0|0|0
20:df:b9:ac:28:3b|2|0|0|0|0|0
