30
b4:e6:2d:f6:b6:a5
68:02:b8:1e:7f:1f|1243|0|267|0|55391|0
ff:ff:ff:ff:ff:ff|0|3431|0|258|0|53393
d8:b6:b7:7a:3a:61|1275|3|20|69|2466|1938
6a:02:98:1e:7f:1f|1236|0|0|0|0|0
cc:88:26:36:b9:a7|15|14|0|0|0|0
a4:3e:a0:a4:2a:46|0|175|0|0|0|0
26:6f:1d:c2:e2:46|0|24|0|0|0|0
b4:e6:2d:f6:b6:a5|0|2|0|4|0|482
f0:72:ea:da:42:c6|0|7|0|0|0|0
c8:66:5d:1f:4f:54|0|24|0|0|0|0
bc:54:51:02:a4:f0|0|0|41|2|1260|52
26:17:dc:59:74:f7|0|0|13|2|312|52
84:16:f9:07:68:71|0|14|0|0|0|0
e6:35:23:4e:ab:99|0|0|11|2|270|52
01:00:5e:7f:ff:fa|0|0|0|4|0|1016
01:00:5e:00:00:fb|0|0|0|9|0|1710
33:33:00:00:00:fb|0|0|0|3|0|828
1e:b5:61:e3:13:59|1|7|0|0|0|0
d8:8c:79:90:f4:9b|0|7|0|0|0|0
01:00:5e:00:00:16|0|0|0|2|0|184
01:00:5e:00:00:01|0|0|0|1|0|88
0e:26:0a:2f:38:6b|3|4|4|0|96|0
02:65:6e:f3:88:aa|0|7|0|0|0|0
8a:4b:a4:61:de:c0|0|7|0|0|0|0
64:b3:10:aa:e3:3c|0|7|0|0|0|0
5c:f5:da:b6:d8:02|0|7|0|0|0|0
a4:97:33:5c:97:51|0|7|0|0|0|0
02:c5:43:60:d4:13|0|7|0|0|0|0
0c:54:15:5d:f1:f6|0|7|0|0|0|0
da:a1:19:a6:d7:cb|0|12|0|0|0|0
