18
b4:e6:2d:f6:b6:a5
68:02:b8:1e:7f:1f|1287|0|28|2|3970|52
ff:ff:ff:ff:ff:ff|0|2328|0|7|0|532
6a:02:98:1e:7f:1f|1268|0|0|0|0|0
b4:e6:2d:f6:b6:a5|0|2|0|4|0|482
10:1c:0c:1a:10:10|2|54|0|0|0|0
26:94:9b:c4:cd:39|0|0|2|2|52|184
a4:3e:a0:a4:2a:46|0|108|0|0|0|0
c8:66:5d:1f:4f:54|0|12|0|0|0|0
01:00:5e:00:00:fb|0|0|0|4|0|860
33:33:00:00:00:fb|0|0|0|4|0|940
01:00:5e:00:00:16|0|0|0|2|0|180
1a:87:40:53:c5:23|0|35|0|0|0|0
f0:5c:77:1a:f1:64|0|6|0|0|0|0
64:b3:10:aa:e3:3c|0|6|0|0|0|0
f0:72:ea:da:42:c6|0|6|0|0|0|0
33:33:00:00:00:01|0|0|0|3|0|584
33:33:00:00:00:02|0|0|0|1|0|96
33:33:ff:1e:b6:60|0|0|0|1|0|112
