21
b4:e6:2d:f6:b6:a5
68:02:b8:1e:7f:1f|1272|0|5|0|654|0
ff:ff:ff:ff:ff:ff|0|2388|0|3|0|228
6a:02:98:1e:7f:1f|1270|0|0|0|0|0
44:fe:3b:06:5c:71|77|0|3|0|228|0
b4:e6:2d:f6:b6:a5|0|1|0|5|0|654
5c:f5:da:55:8b:f6|0|2|0|0|0|0
72:fe:3b:06:5c:73|14|0|0|0|0|0
a4:3e:a0:a4:2a:46|0|119|0|0|0|0
70:ee:50:73:4e:36|0|0|24|0|624|0
b0:95:75:4b:b9:26|0|0|0|24|0|624
c8:66:5d:1f:4f:54|0|12|0|0|0|0
10:1c:0c:1a:10:10|2|23|0|0|0|0
62:45:b6:bc:8e:c5|0|6|0|0|0|0
2c:db:07:46:b4:19|0|4|0|0|0|0
ae:da:08:f8:ec:76|0|9|0|0|0|0
f0:5c:77:1a:f1:64|0|1|0|0|0|0
76:50:14:e2:ab:be|0|6|0|0|0|0
00:0c:e7:aa:09:46|0|6|0|0|0|0
96:b4:4a:5e:d6:86|0|2|0|0|0|0
1a:87:40:b4:44:a3|0|42|0|0|0|0
64:b3:10:aa:e3:3c|0|14|0|0|0|0
