47
b4:e6:2d:f6:c8:79
90:9a:4a:80:71:9a|1266|16|226|217|91901|35478
ff:ff:ff:ff:ff:ff|0|3283|0|56|0|10655
90:9a:4a:80:85:9e|1268|40|89|121|30843|2904
20:aa:4b:5b:e6:4b|575|0|54|59|10403|1656
68:ff:7b:c5:ca:c9|367|0|0|0|0|0
28:6d:cd:09:2a:ea|0|0|28|4|6154|474
b4:e6:2d:f6:c8:79|0|2|0|6|0|675
04:6c:59:1b:72:04|34|70|0|4|0|312
f0:ef:86:05:a3:fa|0|8|0|0|0|0
c0:06:c3:8f:c0:7b|5|10|13|10|1210|1119
94:9f:3e:84:df:5a|2|14|0|0|0|0
9e:ab:89:2d:82:91|6|17|121|4|2904|336
cc:50:e3:f0:6b:20|0|0|59|0|1656|0
c0:06:c3:8f:c7:99|4|10|7|5|462|552
44:07:0b:70:9e:93|3|0|0|0|0|0
a4:50:46:4c:af:3b|7|31|169|201|27652|89081
01:00:5e:7f:ff:fa|0|0|0|71|0|29150
3c:8d:20:4f:d8:e9|4|0|0|0|0|0
f4:f5:d8:8d:f2:58|6|5|0|0|0|0
01:00:5e:00:00:fa|0|0|0|2|0|228
01:00:5e:00:00:01|0|0|0|1|0|84
01:00:5e:00:00:16|0|0|0|4|0|360
00:08:07:76:35:b7|0|4|0|0|0|0
86:e1:cb:56:8f:88|0|1|0|0|0|0
44:07:0b:60:bf:75|1|0|0|0|0|0
8e:b3:5d:e2:e7:e9|0|3|0|0|0|0
14:5a:fc:11:63:33|15|30|0|0|0|0
50:e0:85:84:55:94|2|16|0|0|0|0
44:07:0b:89:e4:ab|7|0|0|0|0|0
48:d6:d5:7c:5a:40|1|0|0|0|0|0
06:7a:6e:9e:bd:0b|1|0|0|0|0|0
52:55:80:40:6e:57|0|2|0|0|0|0
b8:27:eb:81:9a:d6|0|6|0|0|0|0
24:77:03:d4:12:38|0|3|0|0|0|0
20:df:b9:ac:28:3b|1|0|0|0|0|0
44:07:0b:2f:49:8b|7|0|0|0|0|0
9e:e0:c7:4c:63:99|2|10|0|0|0|0
01:00:5e:00:00:fb|0|0|0|1|0|121
f4:f5:d8:84:58:92|0|2|0|0|0|0
9a:d5:f2:19:65:87|0|2|0|0|0|0
06:88:79:d0:25:90|0|1|0|0|0|0
48:e7:da:e7:6d:81|4|0|0|0|0|0
1e:e8:29:e4:16:89|1|0|0|0|0|0
44:07:0b:6c:b6:e3|3|0|0|0|0|0
54:60:09:e2:ee:aa|0|4|0|0|0|0
a4:77:33:63:f5:7e|1|0|0|0|0|0
c0:87:eb:8e:48:ef|0|3|0|0|0|0
