48
b4:e6:2d:f6:c8:79
90:9a:4a:80:85:9e|1167|0|6644|1104|6033784|211567
9e:ab:89:2d:82:91|0|3|1104|6615|211567|6019885
ff:ff:ff:ff:ff:ff|0|2704|0|0|0|0
90:9a:4a:80:71:9a|1283|13|20|185|3103|32971
68:ff:7b:c5:ca:c9|361|0|0|0|0|0
b4:e6:2d:f6:c8:79|0|3|0|6|0|627
28:6d:cd:09:2a:ea|0|0|26|2|5826|156
38:87:d5:8a:96:cf|0|1|0|0|0|0
48:5a:b6:22:0c:7e|3|3|0|0|0|0
58:ef:68:2a:26:ec|1|0|0|0|0|0
9a:6d:6b:d3:52:09|2|3|0|0|0|0
da:a1:19:92:37:5c|1|8|0|0|0|0
02:d7:45:65:e6:ff|0|3|0|0|0|0
20:aa:4b:5b:e6:4b|13|0|0|0|0|0
01:00:5e:7f:ff:fa|0|0|0|28|0|13815
fe:c8:7b:54:e8:fd|1|3|0|0|0|0
d2:16:a1:3d:91:27|2|9|0|0|0|0
a4:50:46:4c:af:3b|16|34|144|8|25718|2008
da:a1:19:35:35:35|0|2|0|0|0|0
c0:06:c3:8f:c0:7b|3|8|8|2|815|156
62:56:ca:43:57:61|1|3|0|0|0|0
c0:06:c3:8f:c7:99|4|9|7|2|612|156
84:d8:1b:29:48:82|1|0|0|0|0|0
44:07:0b:2f:49:8b|5|0|0|0|0|0
54:3a:d6:77:88:6e|0|6|0|0|0|0
01:00:5e:00:00:01|0|0|0|1|0|84
22:48:f8:26:26:64|1|0|0|0|0|0
66:0f:b0:48:7d:ea|1|3|0|0|0|0
f4:f5:d8:8d:f2:58|2|0|0|0|0|0
b2:ae:30:48:87:a0|0|1|0|0|0|0
4e:09:89:a0:6d:ef|0|1|0|0|0|0
76:78:27:bc:20:c6|0|1|0|0|0|0
fe:73:1c:b3:d3:8c|0|1|0|0|0|0
5e:b1:a7:cb:e8:d8|0|3|0|0|0|0
da:a1:19:32:1c:68|0|3|0|0|0|0
8e:34:c3:ec:f6:e2|0|4|0|0|0|0
b2:45:95:4a:46:7a|0|8|0|0|0|0
7e:b2:84:94:dd:0e|2|3|0|0|0|0
9e:fc:91:bc:c0:e2|0|5|0|0|0|0
c6:dc:b5:72:b8:2f|0|2|0|0|0|0
30:07:4d:83:4d:ce|0|2|0|0|0|0
aa:b0:be:a4:31:30|0|9|0|0|0|0
fe:79:46:53:f5:c3|1|0|0|0|0|0
0a:a0:17:6d:f3:17|0|3|0|0|0|0
b4:75:0e:da:6c:73|1|0|0|0|0|0
52:5a:59:2e:a6:df|1|0|0|0|0|0
b2:2f:0a:89:0f:28|0|3|0|0|0|0
