47
b4:e6:2d:f6:c8:79
90:9a:4a:80:71:9a|1304|8|42|36|3701|6355
ff:ff:ff:ff:ff:ff|0|2594|0|27|0|4599
90:9a:4a:80:85:9e|1260|12|71|450|24274|11390
9e:ab:89:2d:82:91|7|15|155|3|3720|234
04:6c:59:1b:72:04|5|11|295|4|7670|312
20:aa:4b:5b:e6:4b|166|0|23|19|4163|456
f0:ef:86:05:a3:fa|0|7|0|0|0|0
00:08:07:76:35:b7|0|1|0|0|0|0
b4:e6:2d:f6:c8:79|0|2|0|3|0|376
44:07:0b:70:9e:93|6|0|0|0|0|0
4a:00:bf:ed:fe:10|0|7|0|0|0|0
54:60:09:e2:ee:aa|0|7|0|0|0|0
c0:06:c3:8f:c7:99|6|12|6|32|453|2577
54:2a:a2:73:c6:e9|6|61|0|0|0|0
01:00:5e:00:00:fb|0|0|0|3|0|445
01:00:5e:7f:ff:fa|0|0|0|53|0|22487
84:e3:42:4b:9d:4f|23|0|0|0|0|0
28:6d:cd:09:2a:ea|0|0|24|3|5336|315
cc:50:e3:f0:6b:20|0|0|19|0|456|0
d8:47:32:54:de:63|1|7|0|0|0|0
94:9f:3e:84:df:5a|0|6|0|0|0|0
3c:8d:20:19:41:be|0|3|0|0|0|0
24:77:03:d4:12:38|2|30|0|0|0|0
c0:06:c3:8f:c0:7b|2|4|6|4|566|433
f2:b2:80:0a:ea:79|1|31|0|0|0|0
68:ff:7b:c5:ca:c9|103|0|0|0|0|0
46:17:6f:b5:a5:8c|0|13|4|0|96|0
10:fe:ed:a2:a3:dc|0|0|0|4|0|96
f4:f5:d8:8d:f2:58|7|4|0|0|0|0
bc:54:2f:5e:b7:f3|1|8|0|0|0|0
06:93:1c:17:59:5b|2|34|0|0|0|0
01:00:5e:00:00:01|0|0|0|1|0|84
88:3d:24:10:7e:ce|0|1|0|0|0|0
01:00:5e:00:00:16|0|0|0|4|0|352
84:d8:1b:29:48:82|1|0|0|0|0|0
1c:bf:ce:e3:fb:45|0|6|0|0|0|0
08:c5:e1:c1:df:83|0|3|0|0|0|0
12:e8:29:e4:16:89|0|0|1|0|76|0
0e:23:99:65:0a:a5|0|3|0|0|0|0
08:9e:08:bc:6c:2b|0|4|0|0|0|0
86:6b:2d:11:4a:df|1|0|0|0|0|0
44:07:0b:60:bf:75|1|0|0|0|0|0
54:3a:d6:77:88:6e|0|8|0|0|0|0
00:08:03:bf:74:c3|0|1|0|0|0|0
a6:72:f9:6a:f0:cb|0|1|0|0|0|0
d6:68:81:85:17:18|0|2|0|0|0|0
b8:27:eb:81:9a:d6|2|1|0|0|0|0
