55
b4:e6:2d:f6:c8:79
90:9a:4a:80:71:9a|1249|5|194|190|31359|23820
ff:ff:ff:ff:ff:ff|0|2992|0|41|0|6722
20:aa:4b:5b:e6:4b|654|0|41|0|6666|0
90:9a:4a:80:85:9e|1148|37|746|1416|824115|53458
68:ff:7b:c5:ca:c9|162|0|4|1|990|24
9e:ab:89:2d:82:91|12|53|1298|688|50390|805569
28:6d:cd:09:2a:ea|0|0|36|41|8154|5136
01:00:5e:7f:ff:fa|0|0|0|37|0|16206
52:7c:83:cf:8e:c0|1|4|0|0|0|0
06:b0:85:b5:a4:2f|0|3|0|0|0|0
7a:de:39:6e:8a:4d|0|2|0|0|0|0
a4:50:46:4c:af:3b|1|1|137|103|14206|20467
b4:e6:2d:f6:c8:79|0|2|0|14|0|1714
04:6c:59:1b:72:04|25|30|118|4|3068|312
01:00:5e:00:00:16|0|0|0|1|0|88
e4:5f:01:5c:9d:89|0|3|0|0|0|0
1a:14:48:22:18:b3|1|7|0|0|0|0
8a:c4:82:a8:04:59|0|3|0|0|0|0
ca:f6:11:16:a6:b6|3|4|25|0|600|0
c0:06:c3:8f:c7:99|0|0|8|18|567|1965
54:60:09:e2:ee:aa|0|6|0|0|0|0
01:00:5e:00:00:fb|0|0|0|14|0|2330
01:00:5e:00:00:01|0|0|0|2|0|160
82:0f:28:30:58:96|0|1|0|0|0|0
f0:ef:86:05:a3:fa|0|10|0|0|0|0
c0:06:c3:8f:c0:7b|4|8|9|18|893|2077
f4:f5:d8:8d:f2:58|2|4|0|0|0|0
64:d1:a3:3c:1d:a0|0|0|0|25|0|600
44:07:0b:70:9e:93|4|0|0|0|0|0
96:66:0c:9a:ba:e5|0|3|0|0|0|0
4e:58:39:56:3b:6f|0|2|0|0|0|0
3a:f7:81:da:80:31|2|9|0|0|0|0
44:07:0b:2f:49:8b|7|0|0|0|0|0
01:00:5e:00:00:fa|0|0|0|2|0|228
6e:9e:4e:d3:2f:04|0|3|0|0|0|0
1a:a5:c3:61:4f:b6|0|0|1|2|24|156
58:ef:68:2a:26:ec|1|0|0|0|0|0
50:e0:85:84:55:94|6|11|0|0|0|0
56:44:81:2d:84:11|0|4|0|0|0|0
4a:78:aa:b6:2f:0c|0|6|0|0|0|0
f2:9e:75:f6:f8:91|0|4|0|0|0|0
c2:c7:e1:66:9b:29|0|6|0|0|0|0
76:ca:33:b0:60:18|2|10|0|0|0|0
2e:84:fd:69:7e:9c|0|3|0|0|0|0
c2:ba:38:55:17:14|0|3|0|0|0|0
da:a1:19:a8:a8:a8|0|1|0|0|0|0
00:08:07:76:35:b7|0|10|0|0|0|0
b8:27:eb:81:9a:d6|1|1|0|0|0|0
f4:f5:d8:84:58:92|0|1|0|0|0|0
24:77:03:d4:12:38|2|11|0|0|0|0
b8:27:eb:3b:22:38|0|2|0|0|0|0
9e:e0:c7:4c:63:99|0|9|0|0|0|0
1a:b3:5a:54:e9:d6|0|8|0|0|0|0
ce:1b:ef:79:a5:96|0|3|0|0|0|0
ca:51:c7:84:e9:c1|2|4|0|0|0|0
