42
b4:e6:2d:f6:c8:79
90:9a:4a:80:71:9a|1394|6|51|72|5990|10466
ff:ff:ff:ff:ff:ff|0|2858|0|39|0|7210
20:aa:4b:5b:e6:4b|668|0|42|0|7520|0
90:9a:4a:80:85:9e|1045|0|0|0|0|0
48:5a:b6:22:0c:7e|0|30|0|0|0|0
54:2a:a2:73:c6:e9|18|108|0|0|0|0
b4:e6:2d:f6:c8:79|0|3|0|6|0|732
c0:06:c3:8f:c0:7b|6|12|14|16|1602|1723
28:6d:cd:09:2a:ea|0|0|31|5|6985|580
f0:ef:86:05:a3:fa|0|14|0|0|0|0
72:e9:02:95:6e:0c|0|5|0|0|0|0
68:ff:7b:c5:ca:c9|3|0|3|0|240|0
1a:a5:c3:61:4f:b6|0|0|0|2|0|156
a6:23:9c:e5:b4:cb|13|69|0|0|0|0
20:1f:3b:3a:bb:3d|2|0|0|0|0|0
c0:06:c3:8f:c7:99|0|0|7|7|612|736
24:41:8c:45:80:6c|1|0|0|0|0|0
a4:50:46:4c:af:3b|0|0|20|17|1267|2219
54:60:09:e2:ee:aa|0|2|0|0|0|0
34:c0:59:00:a0:8f|0|1|0|0|0|0
f4:f5:d8:8d:f2:58|0|1|0|0|0|0
33:33:00:00:00:01|0|0|0|1|0|120
da:a1:19:0d:0d:0d|1|9|0|0|0|0
b8:27:eb:81:9a:d6|0|1|0|0|0|0
34:2e:b7:95:ee:df|0|2|0|0|0|0
50:e0:85:84:55:94|4|12|0|0|0|0
04:ea:56:43:69:3f|1|0|0|0|0|0
30:07:4d:83:4d:ce|0|2|0|0|0|0
10:fe:ed:dd:08:06|2|0|0|0|0|0
44:07:0b:2f:49:8b|7|0|0|0|0|0
46:17:6f:b5:a5:8c|0|5|0|0|0|0
12:e8:29:91:3d:5e|1|0|0|0|0|0
b8:27:eb:3b:22:38|0|3|0|0|0|0
01:00:5e:00:00:01|0|0|0|2|0|160
00:08:07:76:35:b7|0|1|0|0|0|0
34:f6:4b:e3:9c:e8|0|3|0|0|0|0
01:00:5e:00:00:fa|0|0|0|1|0|114
da:a1:19:1e:35:71|2|10|0|0|0|0
ce:95:41:bd:5a:0b|0|3|0|0|0|0
fe:d0:70:29:be:61|0|1|0|0|0|0
a2:a7:c9:fe:e4:70|0|3|0|0|0|0
24:77:03:d4:12:38|3|7|0|0|0|0
