43
b4:e6:2d:f6:c8:79
90:9a:4a:80:85:9e|985|19|33|273|9856|7034
ff:ff:ff:ff:ff:ff|0|2880|0|16|0|2848
20:aa:4b:5b:e6:4b|525|0|17|0|2918|0
90:9a:4a:80:71:9a|1280|6|60|116|25653|19659
68:ff:7b:c5:ca:c9|230|0|0|0|0|0
04:6c:59:1b:72:04|16|25|241|2|6266|156
28:6d:cd:09:2a:ea|0|0|45|6|9764|792
b4:e6:2d:f6:c8:79|0|2|0|3|0|376
01:00:5e:7f:ff:fa|0|0|0|17|0|7919
26:b0:41:fb:5f:f1|0|2|0|0|0|0
c2:f4:eb:db:3d:86|2|7|0|0|0|0
ec:5c:68:84:b1:4b|1|15|0|0|0|0
a4:50:46:4c:af:3b|0|1|54|39|8236|23145
01:00:5e:00:00:01|0|0|0|2|0|160
44:07:0b:70:9e:93|6|0|0|0|0|0
e4:04:39:d3:b0:23|11|33|0|0|0|0
02:00:00:00:00:00|1|6|0|0|0|0
f0:ef:86:05:a3:fa|0|12|0|0|0|0
00:08:07:76:35:b7|0|1|0|0|0|0
c0:06:c3:8f:c7:99|0|0|7|4|543|474
44:07:0b:89:e4:ab|6|0|0|0|0|0
9e:ab:89:2d:82:91|3|19|32|0|768|0
c0:06:c3:8f:c0:7b|6|8|10|8|1116|866
44:07:0b:2f:49:8b|12|0|0|0|0|0
20:1f:3b:3a:bb:3d|3|0|0|0|0|0
14:5a:fc:11:63:33|11|24|0|0|0|0
01:00:5e:00:00:16|0|0|0|4|0|352
01:00:5e:00:00:fb|0|0|0|7|0|1105
24:77:03:d4:12:38|1|3|0|0|0|0
d8:47:32:54:de:63|0|6|0|0|0|0
da:00:18:e8:3e:ed|1|4|0|0|0|0
74:eb:80:1d:42:94|0|6|0|0|0|0
84:4b:f5:19:a0:99|0|4|0|0|0|0
c0:3c:59:93:37:44|1|0|0|0|0|0
da:a1:19:e7:e7:e7|2|8|0|0|0|0
54:60:09:e2:ee:aa|0|6|0|0|0|0
10:fe:ed:dd:08:06|4|0|0|0|0|0
33:33:00:00:00:01|0|0|0|1|0|120
f4:f5:d8:8d:f2:58|0|3|0|0|0|0
ea:40:c2:93:27:ad|1|0|0|0|0|0
2a:47:84:31:ec:21|1|8|0|0|0|0
e4:5f:01:5c:9d:89|0|1|0|0|0|0
01:00:5e:00:00:fa|0|0|0|1|0|114
