24
b4:e6:2d:f6:b6:a5
68:02:b8:1e:7f:1f|1230|0|20|0|2227|0
ff:ff:ff:ff:ff:ff|0|3507|0|7|0|532
6a:02:98:1e:7f:1f|1227|0|0|0|0|0
d8:b6:b7:7a:3a:61|1272|0|9|40|664|1192
b4:e6:2d:f6:b6:a5|0|2|0|5|0|574
e6:35:23:4e:ab:99|0|0|8|2|200|52
0e:26:0a:2f:38:6b|0|0|2|2|48|52
26:17:dc:59:74:f7|0|0|2|1|48|26
a4:3e:a0:a4:2a:46|0|120|0|0|0|0
bc:54:51:02:a4:f0|0|0|28|3|896|446
80:58:f8:93:88:29|0|0|0|3|0|329
f0:72:ea:da:42:c6|0|19|0|0|0|0
d8:8c:79:90:f4:9b|0|7|0|0|0|0
c8:66:5d:1f:4f:54|0|12|0|0|0|0
5e:f1:a2:7e:e4:a1|0|7|0|0|0|0
72:df:02:4e:ee:5e|0|8|0|0|0|0
33:33:00:00:00:01|0|0|0|3|0|584
33:33:00:00:00:02|0|0|0|1|0|96
33:33:ff:1e:b6:60|0|0|0|1|0|112
64:b3:10:aa:e3:3c|0|16|0|0|0|0
01:00:5e:00:00:01|0|0|0|1|0|88
20:79:18:e7:01:8a|0|10|0|0|0|0
66:e4:0f:ae:21:74|0|7|0|0|0|0
1a:87:40:06:a6:17|0|14|0|0|0|0
