29
b4:e6:2d:f6:b6:a5
d8:b6:b7:7a:3a:61|1254|0|38|94|5509|2451
ff:ff:ff:ff:ff:ff|0|3513|0|153|0|44549
68:02:b8:1e:7f:1f|1224|0|286|0|60789|0
6a:02:98:1e:7f:1f|1223|0|0|0|0|0
bc:54:51:02:a4:f0|0|0|30|2|777|52
e6:35:23:4e:ab:99|0|0|24|2|714|52
0e:26:0a:2f:38:6b|0|0|14|2|336|52
26:17:dc:59:74:f7|0|0|26|1|624|26
b4:e6:2d:f6:b6:a5|0|1|0|5|0|577
01:00:5e:00:00:fb|0|0|0|44|0|5354
33:33:00:00:00:fb|0|0|0|41|0|5823
a4:3e:a0:a4:2a:46|0|101|0|0|0|0
33:33:00:00:00:16|0|0|0|7|0|872
01:00:5e:00:00:16|0|0|0|13|0|1232
00:1c:bf:52:98:29|0|11|0|0|0|0
36:53:1f:2b:5e:18|0|13|0|0|0|0
16:9a:56:69:53:2c|0|10|0|0|0|0
33:33:00:00:00:01|0|0|0|3|0|584
9a:da:90:1e:d7:a2|1|0|0|0|0|0
70:ee:50:73:4e:36|0|0|6|0|156|0
b0:95:75:4b:b9:26|0|0|0|6|0|156
c8:66:5d:1f:4f:54|0|12|0|0|0|0
ea:fa:7e:9c:c7:e1|0|14|0|0|0|0
