57
b4:e6:2d:f6:c8:79
9e:ab:89:2d:82:91|6|15|783|5|18870|390
90:9a:4a:80:85:9e|1317|82|89|788|24461|19000
90:9a:4a:80:71:9a|1321|10|16|67|1968|9487
ff:ff:ff:ff:ff:ff|0|2775|0|19|0|2929
68:ff:7b:c5:ca:c9|196|0|0|0|0|0
04:6c:59:1b:72:04|76|150|11|9|2682|2786
20:aa:4b:5b:e6:4b|282|0|20|30|3033|909
da:a1:19:b1:57:1d|8|60|0|0|0|0
b4:e6:2d:f6:c8:79|0|1|0|4|0|557
28:6d:cd:09:2a:ea|0|0|28|3|6211|337
01:00:5e:7f:ff:fa|0|0|0|50|0|19272
9e:41:d4:a5:fd:b9|1|3|0|0|0|0
01:00:5e:00:00:fb|0|0|0|19|0|3446
f0:ef:86:06:76:35|0|3|0|0|0|0
01:00:5e:00:00:01|0|0|0|2|0|160
44:07:0b:70:9e:93|3|0|0|0|0|0
da:a1:19:d6:d6:d6|2|6|0|0|0|0
c0:06:c3:8f:c7:99|5|10|9|3|851|337
01:00:5e:00:00:16|0|0|0|7|0|616
c0:06:c3:8f:c0:7b|5|10|10|3|1074|337
3c:f0:11:c4:ac:66|1|0|0|0|0|0
f2:b2:80:0a:ea:79|2|22|0|0|0|0
76:78:27:bc:20:c6|0|3|0|0|0|0
a4:50:46:4c:af:3b|0|0|20|3|1351|400
48:5a:b6:22:0c:7e|5|24|0|0|0|0
44:07:0b:2f:49:8b|5|0|8|0|208|0
da:c7:14:94:b5:d2|0|7|0|0|0|0
b4:75:0e:da:6c:73|1|0|0|0|0|0
de:9f:16:18:cc:c9|0|1|0|0|0|0
02:58:4f:5c:a1:d4|0|3|0|0|0|0
c2:d4:13:85:1c:a2|0|4|0|0|0|0
5e:00:f9:52:a7:2a|0|6|0|0|0|0
46:3b:78:62:ec:7e|0|4|2|0|48|0
c4:12:f5:d1:17:6c|0|0|0|2|0|48
01:00:5e:00:00:fa|0|0|0|1|0|114
24:77:03:d4:12:38|2|15|0|0|0|0
34:f6:4b:e3:9c:e8|1|1|0|0|0|0
b8:81:98:41:b1:49|0|4|0|0|0|0
b6:fa:61:ef:bc:29|0|3|0|0|0|0
36:8a:76:4e:c4:e1|0|1|0|0|0|0
e6:1d:78:73:e4:e3|0|1|30|0|909|0
33:33:ff:73:e4:e3|0|0|0|1|0|120
01:00:5e:00:00:fc|0|0|0|1|0|109
9e:e0:c7:4c:63:99|0|8|0|0|0|0
42:f7:4a:40:08:24|1|0|0|0|0|0
06:7a:6e:9e:bd:0b|1|0|0|0|0|0
f4:f5:d8:8d:f2:58|2|0|0|0|0|0
02:12:e0:8a:f0:73|2|0|0|0|0|0
54:60:09:e2:ee:aa|0|3|0|0|0|0
f0:79:59:d6:09:10|0|0|0|8|0|208
5e:a1:82:47:58:c7|2|0|0|0|0|0
33:33:00:00:00:02|0|0|0|1|0|104
3a:4b:af:1c:65:7f|1|6|0|0|0|0
46:39:d3:78:45:1c|0|1|0|0|0|0
2a:c0:b6:a8:88:3c|1|3|0|0|0|0
74:df:bf:45:ac:65|0|1|0|0|0|0
1c:bf:ce:e3:fb:45|0|3|0|0|0|0
