28
b4:e6:2d:f6:b6:a5
68:02:b8:1e:7f:1f|1228|0|23|0|2721|0
ff:ff:ff:ff:ff:ff|0|2611|0|7|0|532
6a:02:98:1e:7f:1f|1229|0|0|0|0|0
d8:b6:b7:7a:3a:61|292|0|13|52|1982|1575
70:ee:50:73:4e:36|0|0|54|0|1404|0
b0:95:75:4b:b9:26|0|0|0|54|0|1404
e6:35:23:4e:ab:99|0|0|8|0|200|0
b4:e6:2d:f6:b6:a5|0|1|0|4|0|482
26:17:dc:59:74:f7|0|0|15|1|360|26
a4:3e:a0:a4:2a:46|0|74|0|0|0|0
0e:26:0a:2f:38:6b|0|0|9|0|216|0
bc:54:51:02:a4:f0|0|0|20|2|799|52
7a:fe:2f:db:0d:68|0|6|0|0|0|0
1a:87:40:d8:08:46|0|12|0|0|0|0
f0:72:ea:da:42:c6|0|2|0|0|0|0
c8:66:5d:1f:4f:54|0|6|0|0|0|0
64:b3:10:aa:e3:3c|0|13|0|0|0|0
12:7b:82:eb:96:11|0|7|0|0|0|0
f6:45:e0:e9:4b:40|0|6|0|0|0|0
33:33:00:00:00:01|0|0|0|3|0|584
33:33:00:00:00:02|0|0|0|1|0|96
33:33:ff:1e:b6:60|0|0|0|1|0|112
9c:5d:12:d7:43:d4|0|6|0|0|0|0
