47
b4:e6:2d:f6:b6:a5
68:02:b8:1e:7f:1f|1272|0|319|0|60541|0
ff:ff:ff:ff:ff:ff|0|2361|0|301|0|57807
6a:02:98:1e:7f:1f|1264|0|0|0|0|0
dc:41:a9:b1:30:a0|0|9|0|5|0|460
44:fe:3b:06:5c:71|44|0|0|0|0|0
42:25:0b:ed:20:1e|2|1|0|0|0|0
70:ee:50:73:4e:36|0|0|18|0|468|0
b0:95:75:4b:b9:26|0|0|0|18|0|468
2a:74:09:01:13:7f|0|1|0|0|0|0
54:2a:a2:48:a3:f0|0|72|0|0|0|0
fe:6b:50:fa:fe:6e|0|2|0|0|0|0
2c:db:07:46:b4:19|0|4|0|0|0|0
a4:3e:a0:a4:2a:46|0|66|0|0|0|0
f2:b8:8a:c9:86:42|2|1|0|0|0|0
64:20:0c:00:ed:72|0|2|0|0|0|0
10:1c:0c:1a:10:10|3|24|0|0|0|0
7a:dd:be:69:44:02|0|1|0|0|0|0
9e:72:f2:af:bf:2d|0|2|0|0|0|0
ba:c0:4a:5a:0e:b1|2|0|0|0|0|0
f0:72:ea:da:42:c6|0|6|0|0|0|0
a2:38:ab:49:8e:cf|0|2|0|0|0|0
b4:e6:2d:f6:b6:a5|0|1|0|4|0|482
33:33:00:00:00:01|0|0|0|3|0|584
33:33:00:00:00:02|0|0|0|1|0|96
33:33:ff:1e:b6:60|0|0|0|1|0|112
5a:02:7f:e2:96:5c|0|4|0|0|0|0
ea:57:2d:0f:92:53|0|1|0|0|0|0
58:91:cf:92:95:e6|0|6|0|0|0|0
00:1c:bf:52:98:29|0|3|0|0|0|0
72:fe:3b:06:5c:73|1|0|0|0|0|0
be:28:a0:2a:68:58|0|4|0|0|0|0
2a:53:bb:43:bb:de|0|1|0|0|0|0
e2:e7:a3:cd:d3:bb|1|0|0|0|0|0
26:44:a8:57:4a:3c|1|0|0|0|0|0
9a:da:d7:0b:fd:60|1|0|0|0|0|0
b6:fb:76:57:c1:97|1|0|0|0|0|0
26:df:51:69:b2:04|0|1|0|0|0|0
76:96:41:ab:42:ca|0|3|0|0|0|0
32:7b:74:f5:cc:a2|0|1|0|0|0|0
d6:01:a3:15:49:a1|2|0|0|0|0|0
26:88:ef:13:46:7e|1|0|0|0|0|0
01:00:5e:7f:ff:fa|0|0|0|4|0|1000
3a:2d:c3:71:63:51|0|1|0|0|0|0
9c:5d:12:d7:43:d4|0|6|0|0|0|0
62:45:b6:bc:8e:c5|0|6|0|0|0|0
42:da:1d:75:da:63|1|0|0|0|0|0
ca:2b:d0:04:de:a5|0|6|0|0|0|0
