28
b4:e6:2d:f6:b6:a5
68:02:b8:1e:7f:1f|1320|0|1118|0|748563|0
ff:ff:ff:ff:ff:ff|0|2347|0|294|0|56670
6a:02:98:1e:7f:1f|1304|0|0|0|0|0
ba:27:7f:dc:ae:01|1|6|0|0|0|0
01:00:5e:7f:ff:fa|0|0|0|4|0|1000
b4:e6:2d:f6:b6:a5|0|1|0|2|0|264
dc:41:a9:b1:30:a0|0|18|0|807|0|689015
44:fe:3b:06:5c:71|21|0|0|0|0|0
fe:86:79:cf:5a:f0|0|1|0|0|0|0
a4:3e:a0:a4:2a:46|0|94|0|0|0|0
70:ee:50:73:4e:36|0|0|25|0|650|0
b0:95:75:4b:b9:26|0|0|0|25|0|650
4e:9b:05:55:9f:ce|1|36|0|0|0|0
54:2a:a2:48:a3:f0|0|103|0|0|0|0
46:80:bd:29:17:0b|0|2|0|0|0|0
fe:e7:93:ce:00:a8|0|2|0|0|0|0
6e:a5:9a:d0:94:bf|0|1|0|0|0|0
01:00:5e:00:00:fb|0|0|0|6|0|822
5e:14:9b:ae:7f:0c|0|1|0|0|0|0
c2:08:5f:47:3c:f6|0|1|0|0|0|0
10:1c:0c:1a:10:10|2|12|0|0|0|0
c8:66:5d:1f:4f:54|0|6|0|0|0|0
f0:72:ea:da:42:c6|0|6|0|0|0|0
64:b3:10:aa:e3:3c|0|6|0|0|0|0
33:33:00:00:00:01|0|0|0|3|0|584
33:33:00:00:00:02|0|0|0|1|0|96
33:33:ff:1e:b6:60|0|0|0|1|0|112
9c:5d:12:d7:43:d4|0|6|0|0|0|0
