22
b4:e6:2d:f6:b6:a5
68:02:b8:1e:7f:1f|1264|2|130|1|30895|133
ff:ff:ff:ff:ff:ff|0|2347|0|6|0|756
6a:02:98:1e:7f:1f|1238|0|0|0|0|0
70:ee:50:73:4e:36|0|0|78|0|2012|0
b0:95:75:4b:b9:26|0|0|0|78|0|2012
b4:e6:2d:f6:b6:a5|0|1|0|5|0|577
64:b3:10:aa:e3:3c|0|6|0|0|0|0
a4:3e:a0:a4:2a:46|0|83|0|0|0|0
36:74:5b:b3:cb:04|0|6|0|0|0|0
33:33:00:00:00:01|0|0|0|3|0|584
01:00:5e:00:00:fb|0|0|0|26|0|6099
33:33:00:00:00:fb|0|0|0|26|0|6783
58:b1:0f:56:36:08|0|12|0|0|0|0
10:1c:0c:1a:10:10|5|44|1|51|133|14540
92:1d:2f:d2:49:53|0|6|0|0|0|0
01:00:5e:00:00:02|0|0|0|1|0|80
33:33:00:00:00:16|0|0|0|5|0|700
33:33:00:00:00:02|0|0|0|1|0|104
33:33:ff:47:43:51|0|0|0|1|0|120
33:33:ff:9d:80:ac|0|0|0|2|0|240
33:33:00:01:00:02|0|0|0|1|0|132
01:00:5e:00:00:16|0|0|0|2|0|180
