38
b4:e6:2d:f6:c8:79
90:9a:4a:80:71:9a|1367|12|35|155|17264|17783
a4:50:46:4c:af:3b|8|16|134|26|15919|16392
20:aa:4b:5b:e6:4b|51|0|10|63|1561|1742
ff:ff:ff:ff:ff:ff|0|2467|0|6|0|882
90:9a:4a:80:85:9e|1060|3|7|88|552|2112
9e:ab:89:2d:82:91|3|48|88|6|2112|468
68:ff:7b:c5:ca:c9|229|0|0|0|0|0
54:2a:a2:73:c6:e9|9|93|0|0|0|0
a0:2c:36:28:1e:19|0|3|0|0|0|0
54:60:09:e2:ee:aa|0|3|0|0|0|0
b4:e6:2d:f6:c8:79|0|6|0|5|0|560
f4:f5:d8:8d:f2:58|5|5|0|0|0|0
74:df:bf:45:ac:65|0|5|0|0|0|0
c0:06:c3:8f:c7:99|0|0|8|2|702|156
e4:5f:01:5c:9d:89|0|1|0|0|0|0
20:df:b9:8e:c2:c7|1|0|0|0|0|0
50:e0:85:84:55:94|3|13|0|0|0|0
48:5a:b6:22:0c:7e|0|17|0|0|0|0
e6:1d:78:73:e4:e3|0|0|63|0|1742|0
28:6d:cd:09:2a:ea|0|0|3|0|78|0
00:1d:c9:07:2b:f1|10|0|0|0|0|0
a8:9c:ed:90:b7:48|0|1|0|0|0|0
c0:06:c3:8f:c0:7b|4|8|10|2|1084|156
cc:50:e3:f0:6b:20|0|0|0|3|0|477
1c:bf:ce:e3:fb:45|0|4|0|0|0|0
f0:ef:86:06:76:35|0|2|0|0|0|0
44:07:0b:70:9e:93|3|0|0|0|0|0
ec:5c:68:84:b1:4b|1|24|0|0|0|0
44:07:0b:2f:49:8b|10|0|0|0|0|0
24:77:03:d4:12:38|1|15|0|0|0|0
f4:f2:6d:90:44:3c|1|0|0|0|0|0
34:b9:8d:e8:e2:b2|0|1|0|0|0|0
01:00:5e:00:00:fb|0|0|0|1|0|202
01:00:5e:00:00:01|0|0|0|1|0|84
00:08:07:76:35:b7|0|1|0|0|0|0
76:78:27:bc:20:c6|1|16|0|0|0|0
3c:8d:20:4f:d8:e9|1|0|0|0|0|0
b8:27:eb:81:9a:d6|0|4|0|0|0|0
