47
b4:e6:2d:f6:c8:79
90:9a:4a:80:85:9e|1067|14|46|334|13510|8464
ff:ff:ff:ff:ff:ff|0|3076|0|49|0|8667
90:9a:4a:80:71:9a|1222|6|70|127|12178|25543
04:6c:59:1b:72:04|12|18|224|7|5824|546
20:aa:4b:5b:e6:4b|644|0|49|0|8611|0
3e:9e:c1:ec:69:65|0|2|0|0|0|0
68:ff:7b:c5:ca:c9|260|0|0|0|0|0
01:00:5e:7f:ff:fa|0|0|0|24|0|11284
9e:ab:89:2d:82:91|2|4|110|4|2640|312
01:00:5e:00:00:fb|0|0|0|4|0|656
44:46:87:a9:e4:4b|0|2|0|0|0|0
b4:e6:2d:f6:c8:79|0|1|0|3|0|376
28:6d:cd:09:2a:ea|0|0|37|7|8313|951
ec:5c:68:84:b1:4b|0|21|0|0|0|0
c0:06:c3:8f:c7:99|0|0|8|4|702|474
24:77:03:d4:12:38|2|16|0|0|0|0
a4:50:46:4c:af:3b|1|3|75|44|15884|8908
f0:ef:86:05:a3:fa|0|14|0|0|0|0
c0:06:c3:8f:c0:7b|5|8|7|12|644|1469
01:00:5e:00:00:16|0|0|0|4|0|352
fc:3f:7c:99:6e:15|0|3|0|0|0|0
44:07:0b:70:9e:93|5|0|0|0|0|0
c0:3c:59:93:37:44|2|0|0|0|0|0
da:c7:14:94:b5:d2|0|2|0|0|0|0
ca:47:94:ab:55:23|0|2|0|0|0|0
50:d4:f7:59:b0:8b|1|0|0|0|0|0
08:9e:08:bc:6c:2b|0|3|0|0|0|0
e4:5f:01:5c:9d:89|0|2|0|0|0|0
4a:95:93:c5:a8:cd|0|2|0|0|0|0
76:00:2b:af:a5:8b|0|3|0|0|0|0
01:00:5e:00:00:fa|0|0|0|2|0|228
44:07:0b:2f:49:8b|4|0|0|0|0|0
f0:ef:86:06:76:35|0|3|0|0|0|0
20:1f:3b:3a:bb:3d|1|0|0|0|0|0
a0:2c:36:28:1e:19|0|3|0|0|0|0
96:6a:17:8a:16:7c|0|2|0|0|0|0
c6:4b:b5:59:33:e0|0|1|0|0|0|0
54:60:09:e2:ee:aa|0|2|0|0|0|0
b8:27:eb:81:9a:d6|0|2|0|0|0|0
3c:22:fb:60:87:53|1|0|0|0|0|0
da:a1:19:f5:f5:f5|1|10|0|0|0|0
f4:f5:d8:8d:f2:58|0|1|0|0|0|0
92:08:cf:4e:5c:43|0|0|6|0|144|0
f0:79:59:d6:09:10|0|0|0|6|0|144
01:00:5e:00:00:01|0|0|0|1|0|76
00:24:d6:f5:65:ef|0|1|0|0|0|0
c6:69:f5:f9:fd:92|0|3|0|0|0|0
