44
b4:e6:2d:f6:c8:79
90:9a:4a:80:71:9a|1287|9|23|48|3147|7355
ff:ff:ff:ff:ff:ff|0|3088|0|43|0|7840
20:aa:4b:5b:e6:4b|544|0|58|0|9564|0
90:9a:4a:80:85:9e|1161|8|139|28|18187|672
68:ff:7b:c5:ca:c9|356|0|0|0|0|0
c0:06:c3:8f:c7:99|4|8|11|4|840|474
9e:ab:89:2d:82:91|10|108|28|138|672|18103
c0:06:c3:8f:c0:7b|5|10|12|11|1548|1745
28:6d:cd:09:2a:ea|0|0|21|4|4655|474
30:07:4d:83:4d:ce|0|8|0|0|0|0
a6:23:9c:e5:b4:cb|5|17|0|0|0|0
50:e0:85:84:55:94|21|79|0|0|0|0
08:9e:08:bc:6c:2b|0|2|0|0|0|0
6e:1e:13:dd:8a:9e|1|1|0|0|0|0
00:08:07:76:35:b7|0|1|0|0|0|0
33:33:00:01:00:03|0|0|0|4|0|496
01:00:5e:00:00:fc|0|0|0|2|0|208
01:00:5e:00:00:fb|0|0|0|4|0|440
33:33:00:00:00:fb|0|0|0|3|0|390
22:76:36:73:43:47|0|1|0|0|0|0
3c:f0:11:c4:ac:66|0|3|0|0|0|0
94:65:2d:d6:9c:46|0|1|0|0|0|0
a4:50:46:4c:af:3b|0|0|4|0|312|0
b4:e6:2d:f6:c8:79|0|1|0|4|0|454
ec:5c:68:84:b1:4b|3|16|0|0|0|0
e4:5f:01:78:c0:dc|0|2|0|0|0|0
24:77:03:d4:12:38|2|6|0|0|0|0
01:00:5e:00:00:fa|0|0|0|1|0|114
1c:bf:ce:e3:fb:45|0|3|0|0|0|0
44:07:0b:2f:49:8b|4|0|0|0|0|0
01:00:5e:00:00:01|0|0|0|2|0|160
b6:d6:59:71:ff:f2|0|2|0|0|0|0
b8:27:eb:81:9a:d6|0|1|0|0|0|0
44:07:0b:70:9e:93|2|0|0|0|0|0
f0:ef:86:06:76:35|0|3|0|0|0|0
b2:99:77:28:82:a8|0|1|0|0|0|0
b8:81:98:41:b1:49|0|1|0|0|0|0
74:df:bf:45:ac:65|0|2|0|0|0|0
f4:f5:d8:8d:f2:58|2|3|0|0|0|0
da:6d:91:cc:92:5f|0|2|0|0|0|0
f4:5c:89:b4:90:53|4|13|0|0|0|0
54:60:09:e2:ee:aa|0|3|0|0|0|0
ba:2a:04:c3:97:44|0|4|0|0|0|0
ea:e5:44:21:1a:14|0|4|0|0|0|0
