32
b4:e6:2d:f6:b6:a5
68:02:b8:1e:7f:1f|1279|0|7|0|926|0
ff:ff:ff:ff:ff:ff|0|2498|0|6|0|564
6a:02:98:1e:7f:1f|1227|0|0|0|0|0
02:aa:3f:a7:c9:b1|122|0|0|0|0|0
a4:3e:a0:a4:2a:46|0|131|0|0|0|0
02:aa:3f:a7:c9:b2|130|0|20|0|5561|0
b4:e6:2d:f6:b6:a5|0|1|0|5|0|574
c6:e2:d6:43:c3:41|0|2|0|0|0|0
dc:bd:7a:1e:22:bd|1|0|1|0|96|0
7c:16:89:dc:01:46|0|1|0|1|0|96
02:e4:ad:4c:9b:f3|0|2|0|0|0|0
5c:f8:21:84:a4:31|0|27|0|0|0|0
64:b3:10:aa:e3:3c|0|12|0|0|0|0
10:1c:0c:1a:10:10|3|12|0|0|0|0
33:33:00:00:00:01|0|0|0|3|0|584
58:b1:0f:56:36:08|0|18|0|0|0|0
2a:ab:0f:c2:8b:ef|0|1|0|0|0|0
22:73:69:d7:37:6c|0|1|0|0|0|0
f2:5f:6e:b7:d6:ea|0|2|0|0|0|0
c8:66:5d:1f:4f:54|0|12|0|0|0|0
5e:32:ef:66:e3:cc|0|2|0|0|0|0
00:f6:20:d0:d0:1d|0|2|0|0|0|0
01:00:5e:7f:ff:fa|0|0|0|2|0|1140
33:33:00:00:00:0c|0|0|0|5|0|2837
76:87:c4:ac:d1:b0|0|6|0|0|0|0
33:33:ff:02:17:66|0|0|0|2|0|240
33:33:00:00:00:16|0|0|0|2|0|248
01:00:5e:00:00:fb|0|0|0|1|0|186
01:00:5e:00:00:fa|0|0|0|1|0|114
8a:7f:03:d5:e3:d4|0|1|0|0|0|0
1a:87:40:69:08:26|0|30|0|0|0|0
16:a0:18:cb:63:bd|0|1|0|0|0|0
