49
b4:e6:2d:f6:c8:79
90:9a:4a:80:71:9a|1280|5|5|39|532|3157
ff:ff:ff:ff:ff:ff|0|1342|0|10|0|1353
20:aa:4b:5b:e6:4b|93|0|23|20|4087|520
33:33:00:00:00:fb|0|0|0|6|0|1252
90:9a:4a:80:85:9e|50|0|3573|4|4617013|96
9e:ab:89:2d:82:91|0|8|4|3553|96|4606907
e6:1d:78:73:e4:e3|0|0|20|0|520|0
01:00:5e:00:00:fb|0|0|0|4|0|964
68:ff:7b:c5:ca:c9|80|0|0|0|0|0
e4:5f:01:78:c0:dc|0|1|0|0|0|0
b4:e6:2d:f6:c8:79|0|1|0|3|0|376
f0:ef:86:21:66:5f|0|1|0|0|0|0
44:07:0b:2f:49:8b|8|0|0|0|0|0
c0:06:c3:8f:c7:99|0|0|6|1|399|78
24:77:03:d4:12:38|4|13|0|0|0|0
01:00:5e:7f:ff:fa|0|0|0|20|0|10106
c0:06:c3:8f:c0:7b|4|8|10|1|1084|78
a4:50:46:4c:af:3b|0|0|21|0|1622|0
f4:f2:6d:90:44:3c|1|0|0|0|0|0
8c:70:5a:60:0e:bc|6|26|0|0|0|0
1c:bf:ce:e3:fb:45|0|11|0|0|0|0
0a:26:07:17:f8:71|1|0|0|0|0|0
36:a9:ca:49:01:64|0|2|0|0|0|0
00:08:07:76:35:b7|0|15|0|0|0|0
10:fe:ed:dd:08:06|1|0|0|0|0|0
44:07:0b:6c:b6:e3|3|0|0|0|0|0
34:f6:4b:e3:9c:e8|1|10|0|0|0|0
3a:85:bd:4e:93:37|1|6|0|0|0|0
ec:5c:68:84:b1:4b|3|21|0|0|0|0
28:6d:cd:09:2a:ea|1|2|2|0|52|0
a6:23:9c:e5:b4:cb|2|0|0|0|0|0
86:c2:61:50:12:78|0|1|0|0|0|0
14:5a:fc:11:63:33|18|39|0|0|0|0
3a:37:31:36:67:5d|1|6|0|0|0|0
44:07:0b:70:9e:93|6|0|0|0|0|0
74:df:bf:45:ac:65|0|14|0|0|0|0
e4:5f:01:5c:9d:89|0|3|0|0|0|0
33:33:00:00:00:0c|0|0|0|2|0|420
94:65:2d:d6:9c:46|0|4|0|0|0|0
54:60:09:e2:ee:aa|0|6|0|0|0|0
f0:ef:86:06:76:35|0|4|0|0|0|0
f4:f5:d8:8d:f2:58|0|3|0|0|0|0
34:c0:59:00:a0:8f|0|1|0|0|0|0
3c:f0:11:c4:ac:66|0|1|0|0|0|0
12:e8:29:e4:16:89|1|0|0|0|0|0
ea:35:a6:55:32:ad|0|4|0|0|0|0
0a:7d:3b:b0:77:81|0|3|0|0|0|0
01:00:5e:00:00:fc|0|0|0|1|0|98
08:9e:08:bc:6c:2b|0|4|0|0|0|0
