33
b4:e6:2d:f6:b6:a5
68:02:b8:1e:7f:1f|1268|0|201|0|22439|0
ff:ff:ff:ff:ff:ff|0|3519|0|128|0|11924
6a:02:98:1e:7f:1f|1232|0|0|0|0|0
d8:b6:b7:7a:3a:61|1299|0|11|46|716|1336
b4:e6:2d:f6:b6:a5|0|1|0|3|0|390
80:58:f8:93:88:29|0|86|0|53|0|6777
70:ee:50:73:4e:36|0|0|219|0|5690|0
b0:95:75:4b:b9:26|0|0|0|219|0|5690
e6:35:23:4e:ab:99|0|0|7|2|174|52
a4:3e:a0:a4:2a:46|0|104|0|0|0|0
bc:54:51:02:a4:f0|0|0|21|4|730|472
26:17:dc:59:74:f7|0|0|10|2|240|52
01:00:5e:00:00:01|0|0|0|1|0|88
0e:26:0a:2f:38:6b|0|0|8|2|192|52
ea:49:2d:d8:85:b2|0|11|0|0|0|0
01:00:5e:00:00:fb|0|0|0|4|0|1024
33:33:00:00:00:fb|0|0|0|4|0|1104
33:33:00:00:00:16|0|0|0|2|0|248
01:00:5e:00:00:16|0|0|0|2|0|180
d8:8c:79:90:f4:9b|0|7|0|0|0|0
4c:fc:aa:04:98:e5|4|0|0|0|0|0
70:bc:10:16:23:53|0|13|0|0|0|0
c8:66:5d:1f:4f:54|0|18|0|0|0|0
84:16:f9:07:68:71|0|14|0|0|0|0
64:b3:10:aa:e3:3c|0|9|0|0|0|0
33:33:00:00:00:01|0|0|0|3|0|584
33:33:00:00:00:02|0|0|0|1|0|96
33:33:ff:1e:b6:60|0|0|0|1|0|112
78:9f:70:2b:86:c6|2|0|0|0|0|0
3a:9d:2a:2f:8e:1f|1|7|0|0|0|0
2e:32:9c:06:1b:f9|0|7|0|0|0|0
80:58:f8:da:4f:03|0|3|0|0|0|0
da:a1:19:3a:2f:5a|0|7|0|0|0|0
