70
b4:e6:2d:f6:b6:a5
0e:54:a5:02:31:6e|415|0|0|0|0|0
ff:ff:ff:ff:ff:ff|0|3499|0|241|0|48631
68:02:b8:1e:7f:1f|926|3|326|53|70960|2078
6a:02:98:1e:7f:1f|918|0|0|0|0|0
b0:c2:87:78:a6:a2|126|0|33|0|9172|0
0e:84:dc:82:e4:5b|300|0|0|0|0|0
0c:54:a5:02:31:6d|422|0|29|0|11892|0
0c:84:dc:82:e4:5a|525|0|17|0|5653|0
b2:c2:87:78:a6:a3|90|0|0|0|0|0
70:2e:22:8d:72:74|271|6|10|1|3651|26
b4:e6:2d:f6:b6:a5|0|1|0|3|0|390
b4:fb:e3:fc:1e:95|0|39|0|0|0|0
01:00:5e:7f:ff:fa|0|0|0|60|0|23201
5c:f8:21:84:a4:31|0|59|0|0|0|0
00:0c:43:18:8e:7b|6|23|1|0|26|0
92:5c:14:cf:f6:c9|17|0|0|0|0|0
a4:3e:a0:a4:2a:46|3|202|0|0|0|0
90:5c:44:cf:f6:c9|5|0|0|0|0|0
ac:67:84:9f:f1:e2|0|5|0|0|0|0
9a:a2:5b:9d:5f:15|2|10|0|0|0|0
54:be:f7:19:78:e1|44|0|9|0|3014|0
10:1c:0c:1a:10:10|7|36|53|25|2078|12565
01:00:5e:00:00:16|0|0|0|8|0|746
01:00:5e:00:00:fb|0|0|0|23|0|4376
3e:2e:60:eb:82:83|0|0|0|2|0|52
ca:a1:cd:f4:97:4e|0|4|0|0|0|0
33:33:00:00:00:fb|0|0|0|20|0|4748
f0:5c:77:1a:f1:64|0|6|0|0|0|0
33:33:00:00:00:16|0|0|0|7|0|948
01:00:5e:00:00:02|0|0|0|2|0|160
00:0c:e7:f8:b4:42|0|1|0|0|0|0
01:80:c2:00:00:0e|0|0|0|1|0|94
33:33:00:00:00:02|0|0|0|1|0|104
12:d3:27:5a:1a:4a|1|3|0|0|0|0
33:33:ff:47:43:51|0|0|0|1|0|120
33:33:ff:c7:52:24|0|0|0|1|0|120
9c:b7:0d:49:d2:06|0|5|0|0|0|0
f2:0e:ed:35:34:90|0|4|0|0|0|0
bc:17:b8:66:f9:1d|0|2|0|0|0|0
6a:02:98:76:3c:e4|1|0|0|0|0|0
33:33:00:00:00:01|0|0|0|3|0|576
aa:04:ce:25:1b:23|0|1|0|0|0|0
e6:35:23:4e:ab:99|9|120|0|0|0|0
b2:85:f7:13:99:fe|1|0|0|0|0|0
01:00:5e:00:00:fc|0|0|0|2|0|216
c8:66:5d:1f:4f:54|0|13|0|0|0|0
86:ef:4e:ae:22:e1|0|7|0|0|0|0
