45
b4:e6:2d:f6:c8:79
20:aa:4b:5b:e6:4b|690|0|50|0|8444|0
ff:ff:ff:ff:ff:ff|0|3226|0|45|0|7794
9e:ab:89:2d:82:91|6|54|873|644|21828|595166
90:9a:4a:80:85:9e|1256|6|704|873|619995|21828
68:ff:7b:c5:ca:c9|125|0|0|0|0|0
90:9a:4a:80:71:9a|1207|8|29|50|3647|8085
3c:8d:20:4f:d8:e9|6|0|0|0|0|0
b4:e6:2d:f6:c8:79|0|1|0|4|0|471
01:00:5e:7f:ff:fa|0|0|0|59|0|24745
cc:50:e3:f0:6b:20|0|0|0|2|0|340
28:6d:cd:09:2a:ea|0|0|29|4|6564|474
84:e3:42:4b:9d:4f|28|0|0|0|0|0
94:9f:3e:84:df:5a|13|3|0|0|0|0
c0:06:c3:8f:c7:99|4|10|4|12|204|1746
33:33:00:00:00:01|0|0|0|1|0|120
62:f4:68:0e:50:43|0|3|0|0|0|0
38:8b:59:29:24:78|2|0|0|0|0|0
f4:f5:d8:8d:f2:58|10|3|0|0|0|0
c0:06:c3:8f:c0:7b|4|6|12|9|927|956
be:c1:83:d6:b2:79|0|2|0|0|0|0
b6:8e:b3:0a:09:27|1|9|0|0|0|0
50:e0:85:84:55:94|2|12|0|0|0|0
