21
b4:e6:2d:f6:b6:a5
68:02:b8:1e:7f:1f|1216|0|15|0|1714|0
ff:ff:ff:ff:ff:ff|0|3207|0|7|0|532
6a:02:98:1e:7f:1f|1213|0|0|0|0|0
d8:b6:b7:7a:3a:61|900|0|7|98|878|2586
b4:e6:2d:f6:b6:a5|0|2|0|3|0|390
bc:54:51:02:a4:f0|0|0|21|0|730|0
a4:3e:a0:a4:2a:46|0|74|0|0|0|0
f0:72:ea:da:42:c6|0|18|0|0|0|0
70:ee:50:73:4e:36|0|0|16|0|416|0
b0:95:75:4b:b9:26|0|0|0|16|0|416
64:b3:10:aa:e3:3c|0|8|0|0|0|0
26:17:dc:59:74:f7|0|0|12|1|288|26
e6:35:23:4e:ab:99|0|0|8|2|200|52
0e:26:0a:2f:38:6b|0|0|57|0|1368|0
c8:66:5d:1f:4f:54|0|12|0|0|0|0
33:33:00:00:00:01|0|0|0|3|0|584
33:33:00:00:00:02|0|0|0|1|0|96
33:33:ff:1e:b6:60|0|0|0|1|0|112
01:00:5e:00:00:fb|0|0|0|2|0|380
33:33:00:00:00:fb|0|0|0|2|0|420
f0:5c:77:1a:f1:64|0|8|0|0|0|0
