26
b4:e6:2d:f6:b6:a5
68:02:b8:1e:7f:1f|1225|0|139|3|28036|234
ff:ff:ff:ff:ff:ff|0|3208|0|7|0|532
6a:02:98:1e:7f:1f|1223|0|0|0|0|0
d8:b6:b7:7a:3a:61|930|0|4|57|506|1602
80:58:f8:93:88:29|0|0|3|120|234|25742
c8:66:5d:1f:4f:54|0|12|0|0|0|0
26:17:dc:59:74:f7|0|0|12|0|288|0
01:00:5e:00:00:fb|0|0|0|2|0|405
33:33:00:00:00:fb|0|0|0|2|0|445
a4:3e:a0:a4:2a:46|0|97|0|0|0|0
0e:26:0a:2f:38:6b|0|0|15|0|360|0
e6:35:23:4e:ab:99|0|0|7|2|176|52
70:ee:50:73:4e:36|0|0|7|0|182|0
b0:95:75:4b:b9:26|0|0|0|7|0|182
bc:54:51:02:a4:f0|0|0|23|0|778|0
b4:e6:2d:f6:b6:a5|0|2|0|5|0|574
f0:72:ea:da:42:c6|0|10|0|0|0|0
00:0c:e7:1b:52:fe|0|12|0|0|0|0
c6:57:d4:bd:c3:3d|0|7|0|0|0|0
33:33:00:00:00:01|0|0|0|3|0|584
33:33:00:00:00:02|0|0|0|1|0|96
33:33:ff:1e:b6:60|0|0|0|1|0|112
1a:6c:02:02:f9:04|0|2|0|0|0|0
