52
b4:e6:2d:f6:b6:a5
68:02:b8:1e:7f:1f|1353|0|444|0|100531|0
ff:ff:ff:ff:ff:ff|0|3429|0|336|0|60830
6a:02:98:1e:7f:1f|1351|0|0|0|0|0
d8:b6:b7:7a:3a:61|1262|0|14|39|1593|1166
01:00:5e:00:00:01|0|0|0|1|0|88
b4:e6:2d:f6:b6:a5|0|2|0|4|0|482
ca:28:e7:21:c3:5e|0|6|0|0|0|0
a4:3e:a0:a4:2a:46|0|88|0|0|0|0
82:e0:9e:3a:64:d6|0|7|0|0|0|0
3a:76:7d:10:d9:2a|0|7|0|0|0|0
54:2a:a2:48:a3:f0|0|104|0|0|0|0
bc:54:51:02:a4:f0|0|0|18|2|654|52
26:17:dc:59:74:f7|0|0|12|2|288|52
e6:35:23:4e:ab:99|0|0|8|2|200|52
33:33:00:00:00:01|0|0|0|3|0|584
0e:26:0a:2f:38:6b|0|0|1|2|24|52
01:00:5e:7f:ff:fa|0|0|0|78|0|35100
66:a2:1d:ef:88:94|1|7|0|0|0|0
1e:74:97:71:7c:e9|0|8|0|0|0|0
8a:7c:08:3f:dc:9a|0|7|0|0|0|0
72:17:fe:58:76:2b|2|13|0|0|0|0
2a:c8:27:6f:4d:2c|0|14|0|0|0|0
1e:38:81:2a:9f:7a|0|13|0|0|0|0
c8:66:5d:1f:4f:54|0|6|0|0|0|0
36:cc:ba:5f:d9:53|0|16|0|0|0|0
26:8b:cf:50:f7:fd|1|6|0|0|0|0
a6:a5:bb:55:97:d1|0|7|0|0|0|0
3a:1d:ef:c8:44:64|0|12|0|0|0|0
c6:83:ad:da:2f:4a|1|20|0|0|0|0
52:c5:6e:03:97:b6|0|6|0|0|0|0
86:93:49:a9:d7:5e|0|6|0|0|0|0
01:00:5e:00:00:fb|0|0|0|8|0|1672
33:33:00:00:00:fb|0|0|0|8|0|1832
33:33:00:00:00:16|0|0|0|5|0|620
01:00:5e:00:00:16|0|0|0|5|0|470
33:33:00:01:00:03|0|0|0|1|0|129
01:00:5e:00:00:fc|0|0|0|1|0|109
f8:77:b8:53:10:e8|6|69|0|0|0|0
ce:fb:f0:a5:98:96|0|6|0|0|0|0
5a:ee:0b:26:d7:ef|0|4|0|0|0|0
1e:aa:ba:59:c7:bc|0|15|0|0|0|0
ea:1a:91:0a:7b:3a|0|6|0|0|0|0
d6:9a:91:c0:41:e4|1|12|0|0|0|0
12:8c:6f:b9:29:5c|0|13|0|0|0|0
e2:bd:4f:3a:0d:cd|2|14|0|0|0|0
72:10:c0:c4:8d:62|0|7|0|0|0|0
82:87:97:ab:3b:95|0|6|0|0|0|0
be:e5:52:31:06:82|0|6|0|0|0|0
d6:8f:3b:1c:b1:3e|0|19|0|0|0|0
22:58:ab:a6:e3:58|0|12|0|0|0|0
f0:72:ea:da:42:c6|0|6|0|0|0|0
36:16:47:1a:24:43|0|1|0|0|0|0
