32
b4:e6:2d:f6:b6:a5
68:02:b8:1e:7f:1f|1266|0|267|0|55133|0
ff:ff:ff:ff:ff:ff|0|3491|0|263|0|54505
6a:02:98:1e:7f:1f|1262|0|0|0|0|0
d8:b6:b7:7a:3a:61|1367|0|24|57|2967|1423
b4:e6:2d:f6:b6:a5|0|1|0|2|0|264
01:00:5e:7f:ff:fa|0|0|0|1|0|213
70:ee:50:73:4e:36|0|0|115|0|2986|0
b0:95:75:4b:b9:26|0|0|0|115|0|2986
33:33:00:00:00:01|0|0|0|4|0|816
a4:3e:a0:a4:2a:46|0|108|0|0|0|0
f0:72:ea:da:42:c6|0|7|0|0|0|0
26:17:dc:59:74:f7|0|0|30|2|720|52
01:00:5e:00:00:01|0|0|0|1|0|88
54:2a:a2:48:a3:f0|0|137|0|0|0|0
bc:54:51:02:a4:f0|0|0|11|4|319|256
0e:26:0a:2f:38:6b|0|0|13|2|312|52
e6:35:23:4e:ab:99|0|0|3|2|72|52
9c:5d:12:d7:43:d4|0|6|0|0|0|0
02:8d:0a:b6:60:39|0|7|0|0|0|0
64:b3:10:aa:e3:3c|0|20|0|0|0|0
02:00:00:00:00:00|0|26|0|0|0|0
c8:66:5d:1f:4f:54|0|12|0|0|0|0
84:16:f9:07:68:71|0|14|0|0|0|0
