40
b4:e6:2d:f6:b6:a5
6a:02:98:1e:7f:1f|1355|0|0|0|0|0
ff:ff:ff:ff:ff:ff|0|2367|0|297|0|57144
68:02:b8:1e:7f:1f|1370|0|320|0|64896|0
b4:e6:2d:f6:b6:a5|0|2|0|3|0|390
54:2a:a2:48:a3:f0|0|124|0|0|0|0
0a:d7:17:0e:fb:b1|3|19|0|0|0|0
44:fe:3b:06:5c:71|53|0|0|0|0|0
dc:41:a9:b1:30:a0|0|15|0|12|0|5967
70:ee:50:73:4e:36|0|0|24|0|618|0
b0:95:75:4b:b9:26|0|0|0|24|0|618
2a:37:c7:f3:51:ea|2|18|0|0|0|0
b6:54:10:b9:bf:11|0|1|0|0|0|0
33:33:00:00:00:01|0|0|0|3|0|584
33:33:00:00:00:02|0|0|0|1|0|96
33:33:ff:1e:b6:60|0|0|0|1|0|112
a4:3e:a0:a4:2a:46|0|74|0|0|0|0
12:fe:94:1b:51:ca|2|12|0|0|0|0
76:87:c6:a7:2f:59|0|4|0|0|0|0
8e:cd:09:3e:51:4f|2|13|0|0|0|0
6a:f0:cd:0a:9a:09|2|13|0|0|0|0
c8:66:5d:1f:4f:54|0|6|0|0|0|0
10:1c:0c:1a:10:10|3|30|0|0|0|0
64:b3:10:aa:e3:3c|0|12|0|0|0|0
9c:5d:12:d7:43:d4|0|6|0|0|0|0
08:97:98:16:c1:6f|0|1|0|0|0|0
ce:43:1b:0d:8e:03|7|12|0|0|0|0
8e:04:07:b5:e6:da|0|1|0|0|0|0
76:4c:8a:1e:74:0b|0|2|0|0|0|0
7a:6d:31:89:58:e4|0|3|0|0|0|0
fe:05:b3:b7:88:fe|0|1|0|0|0|0
2c:db:07:46:b4:19|0|4|0|0|0|0
d8:8c:79:90:f4:9b|0|6|0|0|0|0
92:dd:74:ad:c6:7c|0|8|0|0|0|0
b2:bb:26:93:54:4b|3|6|0|0|0|0
ba:9f:31:f7:09:ae|0|19|0|0|0|0
f0:5c:77:1a:f1:64|0|2|0|0|0|0
01:00:5e:7f:ff:fa|0|0|0|3|0|603
ce:39:e8:bd:21:90|0|1|0|0|0|0
82:85:9b:f0:d5:3c|3|13|0|0|0|0
4e:9b:05:55:9f:ce|2|12|0|0|0|0
