29
b4:e6:2d:f6:b6:a5
d8:b6:b7:7a:3a:61|1439|0|10|51|506|1458
ff:ff:ff:ff:ff:ff|0|3527|0|164|0|15248
bc:54:51:02:a4:f0|0|0|21|3|730|262
26:17:dc:59:74:f7|0|0|14|2|336|52
68:02:b8:1e:7f:1f|1272|0|194|0|19102|0
6a:02:98:1e:7f:1f|1262|0|0|0|0|0
e6:35:23:4e:ab:99|0|0|8|2|200|52
0e:26:0a:2f:38:6b|0|0|8|2|192|52
b4:e6:2d:f6:b6:a5|0|1|0|3|0|390
33:33:ff:1a:35:1c|0|0|0|24|0|2880
70:ee:50:73:4e:36|0|0|10|0|260|0
b0:95:75:4b:b9:26|0|0|0|10|0|260
00:25:42:74:dc:b8|0|170|0|0|0|0
a4:3e:a0:a4:2a:46|0|92|0|0|0|0
01:00:5e:00:00:01|0|0|0|1|0|88
26:6f:1d:c2:e2:46|0|20|0|0|0|0
dc:41:a9:b1:30:a0|0|9|0|0|0|0
4e:9b:05:55:9f:ce|6|89|0|0|0|0
33:33:00:00:00:01|0|0|0|3|0|584
64:b3:10:aa:e3:3c|0|14|0|0|0|0
da:c6:4a:1f:e2:89|0|14|0|0|0|0
4a:eb:62:83:3f:d2|7|0|0|0|0|0
00:1c:bf:52:98:29|0|7|0|0|0|0
