38
b4:e6:2d:f6:b6:a5
d8:b6:b7:7a:3a:61|1341|0|27|50|3593|1484
ff:ff:ff:ff:ff:ff|0|3517|0|132|0|12232
68:02:b8:1e:7f:1f|1309|0|214|39|45910|984
6a:02:98:1e:7f:1f|1306|0|0|0|0|0
b4:e6:2d:f6:b6:a5|0|2|0|6|0|749
a4:3e:a0:a4:2a:46|0|141|0|0|0|0
54:2a:a2:48:a3:f0|0|78|0|0|0|0
2c:0e:3d:ac:4c:05|0|0|39|1|984|92
e2:84:f3:6f:72:2f|0|7|0|0|0|0
e6:35:23:4e:ab:99|0|0|8|2|200|52
32:e8:67:d1:05:6f|0|7|0|0|0|0
82:9c:62:5c:4f:d0|0|13|0|0|0|0
01:00:5e:7f:ff:fa|0|0|0|64|0|31822
01:00:5e:00:00:fb|0|0|0|13|0|2081
33:33:00:00:00:fb|0|0|0|3|0|711
bc:54:51:02:a4:f0|0|0|29|2|972|52
4e:9b:05:55:9f:ce|3|76|0|0|0|0
01:00:5e:00:00:16|0|0|0|8|0|728
70:ee:50:73:4e:36|0|0|6|0|156|0
b0:95:75:4b:b9:26|0|0|0|6|0|156
0e:26:0a:2f:38:6b|0|0|13|2|312|52
c8:66:5d:1f:4f:54|0|12|0|0|0|0
1e:4d:11:38:59:ea|0|6|0|0|0|0
96:bd:ef:69:bb:e4|0|8|0|0|0|0
26:17:dc:59:74:f7|0|1|0|2|0|52
2e:c7:a8:75:81:56|1|7|0|0|0|0
9c:5d:12:d7:43:d4|0|6|0|0|0|0
12:68:11:6f:16:b0|0|1|0|0|0|0
8c:c5:b4:3b:6e:56|0|8|0|0|0|0
f0:72:ea:da:42:c6|0|7|0|0|0|0
8a:b5:d8:4f:c4:3e|1|0|0|0|0|0
1a:87:40:47:68:f6|0|25|0|0|0|0
da:a1:19:a6:d7:cb|0|23|0|0|0|0
33:33:00:00:00:01|0|0|0|3|0|584
33:33:00:00:00:02|0|0|0|1|0|96
33:33:ff:1e:b6:60|0|0|0|1|0|112
01:00:5e:00:00:01|0|0|0|1|0|88
00:0c:e7:17:31:df|0|16|0|0|0|0
