49
b4:e6:2d:f6:c8:79
90:9a:4a:80:71:9a|1211|5|35|65|4259|10596
c0:06:c3:8f:c0:7b|5|10|10|15|971|1654
90:9a:4a:80:85:9e|1121|0|0|0|0|0
ff:ff:ff:ff:ff:ff|0|3058|0|40|0|7663
20:aa:4b:5b:e6:4b|490|0|43|0|7967|0
68:ff:7b:c5:ca:c9|305|0|0|0|0|0
28:6d:cd:09:2a:ea|0|0|35|5|7744|633
b4:e6:2d:f6:c8:79|0|1|0|3|0|376
ca:f6:11:16:a6:b6|4|0|0|0|0|0
b8:27:eb:81:9a:d6|0|2|0|0|0|0
f0:ef:86:05:a3:fa|0|12|0|0|0|0
01:00:5e:00:00:01|0|0|0|1|0|76
c0:06:c3:8f:c7:99|0|0|13|8|1362|1110
c6:54:af:5c:f0:55|0|5|0|0|0|0
ae:bd:8c:e2:fa:ef|1|2|0|0|0|0
da:a1:19:ed:ad:09|0|3|0|0|0|0
20:df:b9:ac:28:3b|2|0|0|0|0|0
08:9e:08:bc:6c:2b|0|1|0|0|0|0
22:48:f8:26:26:64|1|3|0|0|0|0
3c:8d:20:4f:d8:e9|2|0|0|0|0|0
a4:50:46:4c:af:3b|0|0|7|4|519|486
f4:f5:d8:8d:f2:58|2|2|0|0|0|0
96:27:c5:3a:a7:a2|1|0|0|0|0|0
44:07:0b:2f:49:8b|6|0|0|0|0|0
26:4b:f5:19:a0:99|0|2|0|0|0|0
01:00:5e:00:00:fa|0|0|0|2|0|228
84:4b:f5:19:a0:99|0|2|0|0|0|0
f0:ef:86:06:76:35|0|4|0|0|0|0
92:eb:5a:de:99:8e|0|1|0|0|0|0
34:c0:59:00:a0:8f|0|4|0|0|0|0
f0:ef:86:21:66:5f|0|1|0|0|0|0
20:1f:3b:3a:bb:3d|3|0|0|0|0|0
02:00:00:00:00:00|0|3|0|0|0|0
3c:22:fb:60:87:53|2|0|0|0|0|0
68:54:5a:59:ed:f9|0|2|0|0|0|0
44:07:0b:70:9e:93|2|0|0|0|0|0
dc:b7:2e:5f:d3:94|1|0|0|0|0|0
1e:9e:dd:11:fc:99|0|1|0|0|0|0
e4:5f:01:5c:9d:89|0|3|0|0|0|0
54:60:09:e2:ee:aa|0|4|0|0|0|0
34:b9:8d:e8:e2:b2|0|2|0|0|0|0
e4:04:39:1c:13:18|0|5|0|0|0|0
50:eb:71:d0:6d:35|0|5|0|0|0|0
92:08:cf:4e:5c:43|1|0|0|0|0|0
da:a1:19:07:9a:76|0|3|0|0|0|0
00:08:07:76:35:b7|0|1|0|0|0|0
da:a1:19:9e:e8:e2|0|1|0|0|0|0
de:64:68:af:6d:df|0|3|0|0|0|0
