32
b4:e6:2d:f6:c8:79
90:9a:4a:80:71:9a|1225|1|7|26|1253|2095
ff:ff:ff:ff:ff:ff|0|2464|0|38|0|3701
90:9a:4a:80:85:9e|1122|3|267|23|104776|734
9e:ab:89:2d:82:91|3|19|23|227|734|86786
c0:06:c3:8f:c0:7b|0|0|4|0|96|0
b4:e6:2d:f6:c8:79|0|1|0|4|0|471
68:ff:7b:c5:ca:c9|90|0|81|0|7867|0
20:aa:4b:5b:e6:4b|93|0|14|3|1877|78
1a:a5:c3:61:4f:b6|0|0|0|56|0|5967
c0:06:c3:8f:c7:99|0|0|11|2|975|156
00:1d:c9:07:2b:f1|5|0|0|0|0|0
54:2a:a2:73:c6:e9|5|24|0|0|0|0
ec:5c:68:84:b1:4b|1|15|0|0|0|0
44:07:0b:2f:49:8b|7|0|0|0|0|0
50:e0:85:84:55:94|2|6|0|0|0|0
a4:50:46:4c:af:3b|0|0|9|1|972|626
54:60:09:e2:ee:aa|0|2|0|0|0|0
f4:f5:d8:8d:f2:58|5|1|0|0|0|0
44:07:0b:89:e4:ab|9|0|0|0|0|0
24:77:03:d4:12:38|0|16|0|0|0|0
e6:b1:e4:83:32:d1|1|3|0|0|0|0
28:6d:cd:09:2a:ea|1|3|2|0|52|0
1c:bf:ce:e3:fb:45|0|3|0|0|0|0
14:c1:4e:07:26:d2|1|0|0|0|0|0
f0:ef:86:06:76:35|0|3|0|0|0|0
44:07:0b:70:9e:93|3|0|0|0|0|0
01:00:5e:7f:ff:fa|0|0|0|39|0|17906
01:00:5e:00:00:01|0|0|0|2|0|160
c0:87:eb:8e:48:ef|1|4|0|0|0|0
00:08:07:76:35:b7|0|3|0|0|0|0
e6:1d:78:73:e4:e3|0|0|3|0|78|0
f0:ef:86:21:66:5f|0|3|0|0|0|0
