32
b4:e6:2d:f6:c8:79
90:9a:4a:80:71:9a|1211|11|72|67|9137|9594
ff:ff:ff:ff:ff:ff|0|2402|0|7|0|1284
90:9a:4a:80:85:9e|1222|8|59|317|16261|9872
04:6c:59:1b:72:04|8|21|293|3|9171|337
a8:6d:aa:73:88:1d|1|60|0|0|0|0
28:6d:cd:09:2a:ea|0|0|37|23|7591|3228
20:aa:4b:5b:e6:4b|94|0|3|0|792|0
b4:e6:2d:f6:c8:79|0|2|0|9|0|1084
01:00:5e:00:00:fb|0|0|0|11|0|2066
9e:ab:89:2d:82:91|1|2|24|3|701|234
01:00:5e:00:00:16|0|0|0|6|0|528
01:00:5e:7f:ff:fa|0|0|0|32|0|12683
c0:06:c3:8f:c7:99|3|6|6|9|399|1119
b8:27:eb:81:9a:d6|2|3|0|0|0|0
20:df:b9:ac:28:3b|1|0|0|0|0|0
a4:50:46:4c:af:3b|3|4|14|7|520|860
f0:ef:86:06:76:35|0|4|0|0|0|0
c0:06:c3:8f:c0:7b|5|10|10|24|1084|2846
1c:bf:ce:e3:fb:45|0|2|0|0|0|0
f0:f6:c1:d5:cb:42|0|6|0|0|0|0
84:d8:1b:29:48:82|1|0|3|0|359|0
da:a1:19:be:be:be|1|12|0|0|0|0
44:07:0b:70:9e:93|3|1|0|0|0|0
ac:67:84:52:fe:0b|1|0|0|0|0|0
01:00:5e:00:00:fc|0|0|0|2|0|196
01:00:5e:00:00:01|0|0|0|1|0|84
44:07:0b:2f:49:8b|3|0|0|0|0|0
e6:1d:78:73:e4:e3|0|1|0|0|0|0
8e:76:68:1c:d7:13|0|3|0|0|0|0
04:ea:56:43:69:3f|1|0|0|0|0|0
22:48:f8:26:26:64|2|0|0|0|0|0
f2:b2:80:0a:ea:79|0|5|0|0|0|0
