23
b4:e6:2d:f6:b6:a5
68:02:b8:1e:7f:1f|1254|0|283|0|45352|0
ff:ff:ff:ff:ff:ff|0|2357|0|144|0|14020
6a:02:98:1e:7f:1f|1232|0|0|0|0|0
b4:e6:2d:f6:b6:a5|0|1|0|3|0|390
a4:3e:a0:a4:2a:46|0|90|0|0|0|0
33:33:ff:a5:4e:19|0|0|0|4|0|480
10:1c:0c:1a:10:10|4|21|0|0|0|0
33:33:00:00:00:02|0|0|0|2|0|192
33:33:ff:47:43:51|0|0|0|2|0|240
33:33:ff:2b:24:ea|0|0|0|5|0|600
01:00:5e:00:00:02|0|0|0|4|0|360
01:00:5e:00:00:fb|0|0|0|54|0|13043
33:33:00:00:00:fb|0|0|0|50|0|13683
33:33:00:01:00:02|0|0|0|2|0|264
33:33:00:00:00:16|0|0|0|4|0|776
64:b3:10:aa:e3:3c|0|12|0|0|0|0
1a:87:40:87:a5:b6|0|18|0|0|0|0
70:ee:50:73:4e:36|0|0|1|0|26|0
44:fe:3b:a8:69:27|0|0|0|1|0|26
33:33:ff:8f:8a:c4|0|0|0|6|0|720
33:33:00:00:00:01|0|0|0|3|0|584
9a:a6:bf:13:fa:e6|7|0|0|0|0|0
6e:37:d1:09:54:9c|2|0|0|0|0|0
