27
b4:e6:2d:f6:b6:a5
68:02:b8:1e:7f:1f|1236|0|124|0|28330|0
ff:ff:ff:ff:ff:ff|0|2315|0|10|0|1758
6a:02:98:1e:7f:1f|1205|0|0|0|0|0
70:ee:50:73:4e:36|0|0|77|0|1988|0
b0:95:75:4b:b9:26|0|0|0|77|0|1988
1a:87:40:07:57:a7|0|18|0|0|0|0
02:00:00:00:00:00|0|6|0|0|0|0
b4:e6:2d:f6:b6:a5|0|15|0|8|0|2056
b0:ac:d2:04:78:ff|3|0|0|0|0|0
d8:b6:b7:7a:3a:61|1|0|0|0|0|0
44:fe:3b:06:5c:71|1|0|0|0|0|0
72:fe:3b:06:5c:73|1|0|0|0|0|0
a4:3e:a0:a4:2a:46|0|54|0|0|0|0
33:33:ff:a5:4e:19|0|0|0|4|0|480
33:33:00:00:00:02|0|0|0|2|0|192
10:1c:0c:1a:10:10|5|26|0|0|0|0
33:33:ff:47:43:51|0|0|0|2|0|240
33:33:ff:08:84:da|0|0|0|4|0|480
01:00:5e:00:00:fb|0|0|0|39|0|9966
33:33:00:00:00:fb|0|0|0|35|0|10306
33:33:00:00:00:16|0|0|0|6|0|1044
01:00:5e:00:00:02|0|0|0|4|0|360
c8:66:5d:1f:4f:54|0|6|0|0|0|0
33:33:00:01:00:02|0|0|0|2|0|264
33:33:ff:e0:d9:b1|0|0|0|5|0|600
33:33:00:00:00:01|0|0|0|3|0|584
64:b3:10:aa:e3:3c|0|12|0|0|0|0
