37
b4:e6:2d:f6:b6:a5
68:02:b8:1e:7f:1f|1320|0|181|0|19026|0
01:00:5e:7f:ff:fa|0|0|0|8|0|1889
d8:b6:b7:7a:3a:61|1356|0|20|58|2330|1400
ff:ff:ff:ff:ff:ff|0|3509|0|162|0|15522
6a:02:98:1e:7f:1f|1311|0|0|0|0|0
b4:e6:2d:f6:b6:a5|0|1|0|3|0|390
a4:3e:a0:a4:2a:46|0|128|0|0|0|0
26:17:dc:59:74:f7|0|0|13|2|312|52
64:b3:10:aa:e3:3c|0|26|0|0|0|0
7a:17:f0:39:ba:2f|2|24|0|0|0|0
01:00:5e:00:00:fb|0|0|0|6|0|997
0e:26:0a:2f:38:6b|0|0|37|2|888|52
f0:72:ea:da:42:c6|0|7|0|0|0|0
d6:ca:20:b7:fd:aa|0|7|0|0|0|0
54:2a:a2:48:a3:f0|0|88|0|0|0|0
e6:35:23:4e:ab:99|0|0|8|2|200|52
c8:66:5d:1f:4f:54|0|25|0|0|0|0
70:ee:50:73:4e:36|0|0|10|0|260|0
b0:95:75:4b:b9:26|0|0|0|10|0|260
1a:87:40:c4:14:e4|0|19|0|0|0|0
33:33:00:00:00:fb|0|0|0|3|0|630
33:33:00:00:00:16|0|0|0|3|0|380
01:00:5e:00:00:16|0|0|0|3|0|274
33:33:00:00:00:01|0|0|0|3|0|584
78:9f:70:2b:86:c6|2|0|0|0|0|0
52:5c:23:ed:40:e3|0|2|0|0|0|0
01:00:5e:00:00:01|0|0|0|1|0|88
bc:54:51:02:a4:f0|0|0|0|3|0|446
e4:04:39:d5:31:19|2|35|0|0|0|0
00:0c:e7:7f:5a:00|0|20|0|0|0|0
1a:87:40:46:35:74|0|25|0|0|0|0
d8:8c:79:90:f4:9b|0|7|0|0|0|0
dc:41:a9:b1:30:a0|0|27|0|0|0|0
86:af:e0:c9:8e:cd|0|7|0|0|0|0
66:9d:e6:e2:cb:eb|0|4|0|0|0|0
f0:5c:77:1a:f1:64|0|7|0|0|0|0
1a:87:40:53:30:f1|0|25|0|0|0|0
