28
b4:e6:2d:f6:b6:a5
68:02:b8:1e:7f:1f|1316|0|316|0|62009|0
ff:ff:ff:ff:ff:ff|0|2457|0|291|0|56550
6a:02:98:1e:7f:1f|1241|0|0|0|0|0
b4:e6:2d:f6:b6:a5|0|2|0|4|0|516
dc:41:a9:b1:30:a0|0|74|0|0|0|0
44:fe:3b:06:5c:71|118|0|7|0|550|0
01:00:5e:00:00:fb|0|0|0|5|0|1157
33:33:00:00:00:fb|0|0|0|5|0|1257
be:74:5d:a6:72:cb|0|1|0|0|0|0
33:33:00:00:00:16|0|0|0|4|0|496
01:00:5e:00:00:16|0|0|0|4|0|360
a4:3e:a0:a4:2a:46|0|130|0|0|0|0
01:00:5e:7f:ff:fa|0|0|0|7|0|1639
00:1c:bf:52:98:29|0|5|0|0|0|0
10:1c:0c:1a:10:10|3|7|0|0|0|0
70:ee:50:73:4e:36|0|0|24|0|618|0
b0:95:75:4b:b9:26|0|0|0|24|0|618
33:33:00:00:00:01|0|0|0|3|0|584
2c:db:07:46:b4:19|0|1|0|0|0|0
5c:f5:da:55:8b:f6|0|1|0|0|0|0
9c:5d:12:d7:43:d4|0|12|0|0|0|0
f0:5c:77:1a:f1:64|0|18|0|0|0|0
64:b3:10:aa:e3:3c|0|17|0|0|0|0
72:fe:3b:06:5c:73|55|0|0|0|0|0
f6:2f:56:81:b4:0e|0|2|0|0|0|0
0a:39:6e:9f:4d:0c|0|1|0|0|0|0
9c:b7:0d:49:d2:06|0|4|0|0|0|0
c6:82:26:ad:72:3e|0|1|0|0|0|0
