44
b4:e6:2d:f6:b6:a5
68:02:b8:1e:7f:1f|1313|0|445|15|100397|386
ff:ff:ff:ff:ff:ff|0|4489|0|376|0|64827
6a:02:98:1e:7f:1f|1287|0|0|0|0|0
d8:b6:b7:7a:3a:61|1457|0|59|3893|6871|598502
70:2c:1f:8a:7c:d7|1098|0|0|0|0|0
a4:3e:a0:a4:2a:46|0|114|0|0|0|0
01:00:5e:7f:ff:fa|0|0|0|94|0|37724
02:00:00:00:00:00|0|19|0|0|0|0
70:2e:22:8d:72:74|89|0|0|0|0|0
34:7e:5c:38:ae:a0|0|107|0|0|0|0
b4:e6:2d:f6:b6:a5|0|2|0|3|0|390
80:1f:02:b4:07:ae|0|0|12|0|312|0
4c:fc:aa:04:03:83|0|13|0|0|0|0
da:a1:19:a6:d7:cb|0|7|0|0|0|0
e6:35:23:4e:ab:99|0|0|11|1|270|26
2c:0e:3d:ac:4c:05|0|0|3|0|74|0
bc:54:51:02:a4:f0|0|0|3866|0|597848|0
1c:d6:be:64:0d:f4|0|5|0|0|0|0
ec:2e:98:f0:f5:27|0|128|0|0|0|0
88:9f:6f:ab:69:ae|0|13|0|0|0|0
01:00:5e:00:00:fb|0|0|0|10|0|1735
22:b3:c4:0d:01:d5|0|2|0|0|0|0
54:2a:a2:48:a3:f0|0|107|0|0|0|0
26:17:dc:59:74:f7|0|0|10|2|240|52
0e:26:0a:2f:38:6b|0|0|6|2|144|52
c8:66:5d:1f:4f:54|0|17|0|0|0|0
33:33:00:00:00:16|0|0|0|2|0|256
33:33:00:00:00:fb|0|0|0|5|0|1050
01:00:5e:00:00:16|0|0|0|3|0|276
6e:d6:d7:0e:e9:46|0|4|0|0|0|0
0e:e9:8a:98:09:4c|0|1|0|0|0|0
f8:77:b8:53:10:e8|11|167|0|0|0|0
01:00:5e:00:00:01|0|0|0|1|0|88
2a:58:20:70:0b:6c|0|10|0|0|0|0
26:6f:1d:c2:e2:46|0|8|0|0|0|0
62:87:26:e5:60:2f|0|2|0|0|0|0
33:33:00:00:00:01|0|0|0|3|0|584
33:33:00:00:00:02|0|0|0|1|0|96
33:33:ff:1e:b6:60|0|0|0|1|0|112
5c:f8:21:84:a4:31|0|8|0|0|0|0
70:bc:10:16:23:53|0|15|0|0|0|0
1e:8f:a8:f5:49:e0|0|2|0|0|0|0
84:16:f9:07:68:71|0|1|0|0|0|0
64:b3:10:aa:e3:3c|0|14|0|0|0|0
