38
b4:e6:2d:f6:c8:79
90:9a:4a:80:71:9a|1326|9|27|146|2873|22436
ff:ff:ff:ff:ff:ff|0|2986|0|38|0|6354
90:9a:4a:80:85:9e|763|0|7|1|684|24
68:ff:7b:c5:ca:c9|389|0|0|0|0|0
20:aa:4b:5b:e6:4b|731|0|40|217|6544|5694
b4:e6:2d:f6:c8:79|0|1|0|14|0|1731
a4:50:46:4c:af:3b|2|5|102|5|14681|422
20:1f:3b:3a:bb:3d|6|0|0|0|0|0
28:6d:cd:09:2a:ea|0|0|30|3|6654|282
38:f9:d3:b3:0c:da|3|0|0|0|0|0
80:91:33:25:67:05|0|91|0|0|0|0
74:eb:80:1d:42:94|2|15|0|0|0|0
e6:1d:78:73:e4:e3|0|0|217|0|5694|0
c6:c0:a4:8b:ee:7c|0|3|0|0|0|0
c0:06:c3:8f:c7:99|3|6|6|3|399|282
c0:06:c3:8f:c0:7b|4|10|8|2|702|156
f0:ef:86:06:76:35|0|15|0|0|0|0
44:07:0b:70:9e:93|20|57|0|0|0|0
9e:ab:89:2d:82:91|0|8|1|6|24|600
44:07:0b:6c:b6:e3|5|0|0|0|0|0
06:fa:61:6e:cd:a4|4|16|0|0|0|0
01:00:5e:00:00:fa|0|0|0|1|0|114
e4:5f:01:5c:9d:89|0|2|0|0|0|0
14:c1:4e:07:26:d2|2|0|0|0|0|0
00:08:07:76:35:b7|0|3|0|0|0|0
e6:84:be:cb:f5:89|0|4|0|0|0|0
08:9e:08:bc:6c:2b|0|1|0|0|0|0
ae:0c:ad:49:09:90|0|1|0|0|0|0
44:07:0b:2f:49:8b|8|0|0|0|0|0
01:00:5e:00:00:01|0|0|0|2|0|160
54:60:09:01:a1:78|1|0|0|0|0|0
3a:a2:9d:a6:ec:b1|2|15|0|0|0|0
da:a1:19:3b:3b:3b|1|11|0|0|0|0
f0:ef:86:21:66:5f|0|1|0|0|0|0
b8:27:eb:81:9a:d6|0|1|0|0|0|0
f4:f5:d8:8d:f2:58|1|5|0|0|0|0
54:60:09:e2:ee:aa|0|4|0|0|0|0
66:f9:5c:64:1a:54|0|3|0|0|0|0
