18
b4:e6:2d:f6:b6:a5
68:02:b8:1e:7f:1f|1260|0|431|0|97544|0
ff:ff:ff:ff:ff:ff|0|2343|0|348|0|62820
6a:02:98:1e:7f:1f|1258|0|0|0|0|0
f8:77:b8:53:10:e8|0|72|0|0|0|0
01:00:5e:00:00:fb|0|0|0|4|0|888
33:33:00:00:00:fb|0|0|0|5|0|1176
b4:e6:2d:f6:b6:a5|0|2|0|4|0|482
70:ee:50:73:4e:36|0|0|4|0|104|0
44:fe:3b:a8:69:27|0|0|0|4|0|104
01:00:5e:7f:ff:fa|0|0|0|60|0|30806
a4:3e:a0:a4:2a:46|0|36|0|0|0|0
00:0c:e7:5b:77:da|0|18|0|0|0|0
54:2a:a2:48:a3:f0|0|42|0|0|0|0
10:1c:0c:1a:10:10|1|6|0|0|0|0
33:33:00:00:00:16|0|0|0|2|0|248
01:00:5e:00:00:16|0|0|0|2|0|180
33:33:00:00:00:01|0|0|0|3|0|584
33:33:ff:34:7a:39|0|0|0|3|0|360
