41
b4:e6:2d:f6:c8:79
9e:ab:89:2d:82:91|1|20|386|6|9264|500
90:9a:4a:80:85:9e|1057|1|7|386|584|9264
ff:ff:ff:ff:ff:ff|0|3241|0|23|0|2582
90:9a:4a:80:71:9a|1295|9|38|43|5174|4400
20:aa:4b:5b:e6:4b|623|0|27|0|3006|0
68:ff:7b:c5:ca:c9|421|0|0|0|0|0
02:a5:fa:e5:79:af|0|3|0|0|0|0
b4:e6:2d:f6:c8:79|0|1|0|3|0|376
a4:50:46:4c:af:3b|3|5|21|20|1589|3216
01:00:5e:00:00:fa|0|0|0|2|0|228
54:2a:a2:73:c6:e9|15|77|0|0|0|0
a8:6d:aa:73:88:1d|1|36|0|0|0|0
44:07:0b:60:bf:75|6|0|0|0|0|0
48:5a:b6:22:0c:7e|0|14|0|0|0|0
38:8b:59:29:24:78|1|0|0|0|0|0
c0:06:c3:8f:c7:99|2|4|4|2|150|237
28:6d:cd:09:2a:ea|0|0|8|4|1577|474
f0:ef:86:06:76:35|0|4|0|0|0|0
b0:a7:b9:89:64:1f|2|0|0|0|0|0
b8:27:eb:81:9a:d6|0|3|0|0|0|0
f0:f6:c1:d5:cb:42|0|3|0|0|0|0
c0:06:c3:8f:c0:7b|4|12|10|9|1084|871
44:07:0b:2f:49:8b|11|0|0|0|0|0
44:07:0b:70:9e:93|4|0|0|0|0|0
6a:a7:b9:89:64:11|1|0|0|0|0|0
01:00:5e:00:00:01|0|0|0|2|0|160
0a:0e:28:95:78:16|0|5|0|0|0|0
64:5d:86:d7:5d:f2|1|0|0|0|0|0
3c:8d:20:4f:d8:e9|5|0|0|0|0|0
50:d4:f7:dc:1f:d0|1|0|1|0|120|0
33:33:00:00:00:01|0|0|0|1|0|120
a2:1a:60:de:1d:b6|0|3|0|0|0|0
7c:d9:5c:62:1d:99|1|0|0|0|0|0
01:00:5e:00:00:fb|0|0|0|1|0|120
84:d8:1b:29:48:82|1|0|0|0|0|0
6e:9c:09:ef:7a:4c|0|4|0|0|0|0
f4:f5:d8:8d:f2:58|0|1|0|0|0|0
f4:f5:d8:9a:2d:b2|1|0|0|0|0|0
54:60:09:e2:ee:aa|0|5|0|0|0|0
be:e4:d5:a0:72:c2|0|1|0|0|0|0
da:a1:19:23:23:23|2|7|0|0|0|0
