47
b4:e6:2d:f6:c8:79
68:ff:7b:c5:ca:c9|326|0|0|0|0|0
ff:ff:ff:ff:ff:ff|0|3011|0|44|0|7917
90:9a:4a:80:71:9a|1317|9|24|48|3696|7268
90:9a:4a:80:85:9e|1275|58|83|234|27122|5742
20:aa:4b:5b:e6:4b|434|0|41|0|7623|0
01:00:5e:7f:ff:fa|0|0|0|62|0|25136
9e:ab:89:2d:82:91|3|11|171|6|4104|468
01:00:5e:00:00:fb|0|0|0|4|0|558
80:91:33:25:67:05|0|45|0|0|0|0
04:6c:59:1b:72:04|57|124|63|5|1638|390
b4:e6:2d:f6:c8:79|0|1|0|5|0|1097
1c:bf:ce:e3:fb:45|0|2|0|0|0|0
28:6d:cd:09:2a:ea|0|0|24|5|5450|1100
54:2a:a2:73:c6:e9|14|33|0|0|0|0
c0:06:c3:8f:c7:99|4|8|8|3|567|315
f0:ef:86:06:76:35|0|3|0|0|0|0
72:5a:ef:0f:24:c2|0|2|0|0|0|0
c0:06:c3:8f:c0:7b|4|8|8|9|835|956
a4:50:46:4c:af:3b|1|1|8|2|416|228
54:60:09:e2:ee:aa|0|1|0|0|0|0
a2:e0:6c:67:3c:21|0|7|0|0|0|0
2e:38:3d:4b:7d:a5|0|3|0|0|0|0
9e:07:95:d2:7e:0b|0|5|0|0|0|0
44:07:0b:70:9e:93|5|0|0|0|0|0
76:d7:b6:24:e8:50|0|4|0|0|0|0
fe:6d:70:65:f7:27|0|2|0|0|0|0
b6:40:61:54:b6:4f|1|6|0|0|0|0
50:e0:85:84:55:94|3|14|0|0|0|0
ec:5c:68:84:b1:4b|3|18|0|0|0|0
f0:72:ea:ef:27:ca|0|8|0|0|0|0
44:07:0b:2f:49:8b|3|0|0|0|0|0
74:df:bf:45:ac:65|0|8|0|0|0|0
3e:9e:c1:ec:69:65|0|5|0|0|0|0
01:00:5e:00:00:01|0|0|0|1|0|84
01:00:5e:00:00:16|0|0|0|2|0|192
20:f4:78:24:ce:e8|0|10|0|0|0|0
00:08:07:76:35:b7|0|5|0|0|0|0
5c:5f:67:4a:d7:b0|0|3|0|0|0|0
a6:23:9c:e5:b4:cb|2|10|0|0|0|0
a2:ed:c5:24:47:1d|0|1|0|0|0|0
6e:2f:a0:fb:69:c9|0|1|0|0|0|0
b8:27:eb:81:9a:d6|0|3|0|0|0|0
c0:87:eb:8e:48:ef|0|3|0|0|0|0
8e:07:25:ae:db:83|0|8|0|0|0|0
c6:7e:4d:11:b4:c9|1|6|0|0|0|0
d6:68:81:85:17:18|0|5|0|0|0|0
72:4c:c9:30:24:c1|0|1|0|0|0|0
