21
b4:e6:2d:f6:b6:a5
d8:b6:b7:7a:3a:61|1254|0|9|70|296|1910
ff:ff:ff:ff:ff:ff|0|3513|0|7|0|532
68:02:b8:1e:7f:1f|1226|0|21|0|2322|0
6a:02:98:1e:7f:1f|1224|0|0|0|0|0
3a:c5:c5:c2:ed:20|2|14|0|0|0|0
b4:e6:2d:f6:b6:a5|0|2|0|6|0|669
c8:66:5d:1f:4f:54|0|6|0|0|0|0
80:58:f8:93:88:29|0|0|0|3|0|329
64:b3:10:aa:e3:3c|0|12|0|0|0|0
e6:35:23:4e:ab:99|0|0|8|2|200|52
a4:3e:a0:a4:2a:46|0|138|0|0|0|0
01:00:5e:00:00:01|0|0|0|1|0|88
0e:26:0a:2f:38:6b|0|0|31|2|744|52
26:17:dc:59:74:f7|0|0|12|2|288|52
bc:54:51:02:a4:f0|0|0|19|2|678|52
e6:c2:fe:bb:06:4c|0|7|0|0|0|0
d8:8c:79:90:f4:9b|0|7|0|0|0|0
f0:72:ea:da:42:c6|0|7|0|0|0|0
33:33:00:00:00:01|0|0|0|3|0|584
33:33:00:00:00:02|0|0|0|1|0|96
33:33:ff:1e:b6:60|0|0|0|1|0|112
