37
b4:e6:2d:f6:b6:a5
d8:b6:b7:7a:3a:61|1013|0|3|57|280|1596
ff:ff:ff:ff:ff:ff|0|3190|0|0|0|0
bc:54:51:02:a4:f0|0|0|37|0|1108|0
68:02:b8:1e:7f:1f|1281|0|8|0|1161|0
6a:02:98:1e:7f:1f|1278|0|0|0|0|0
b4:e6:2d:f6:b6:a5|0|2|0|5|0|577
70:ee:50:73:4e:36|0|0|26|0|670|0
b0:95:75:4b:b9:26|0|0|0|26|0|670
5e:ac:55:ae:b2:f0|2|13|0|0|0|0
c6:96:33:14:54:d0|0|10|0|0|0|0
01:00:5e:00:00:16|0|0|0|2|0|192
a4:3e:a0:a4:2a:46|0|87|0|0|0|0
54:2a:a2:48:a3:f0|0|109|0|0|0|0
ba:3d:3d:0c:17:a3|0|4|0|0|0|0
e6:35:23:4e:ab:99|0|0|8|0|200|0
26:17:dc:59:74:f7|0|0|12|0|288|0
00:0c:e7:6b:1d:9b|0|7|0|0|0|0
c8:66:5d:1f:4f:54|0|12|0|0|0|0
f0:72:ea:da:42:c6|0|6|0|0|0|0
d8:8c:79:90:f4:9b|0|4|0|0|0|0
64:b3:10:aa:e3:3c|0|13|0|0|0|0
1a:87:40:00:92:b1|0|7|0|0|0|0
33:33:00:00:00:01|0|0|0|3|0|584
c2:71:ee:61:e7:e9|0|5|0|0|0|0
0c:54:15:5d:f1:f6|0|4|0|0|0|0
01:00:5e:00:00:01|0|0|0|1|0|88
1a:87:40:2f:6e:2f|0|6|0|0|0|0
02:f9:b8:85:fb:6a|0|6|0|0|0|0
26:a5:e8:14:fb:07|0|7|0|0|0|0
ee:a6:34:80:16:c6|0|19|0|0|0|0
46:7d:c2:fd:01:d7|0|32|0|0|0|0
e2:70:3a:46:f8:a0|0|7|0|0|0|0
4e:e1:da:c9:06:2e|0|6|0|0|0|0
00:0c:e7:3e:5a:05|0|8|0|0|0|0
b6:0e:3c:d8:1e:5e|0|1|0|0|0|0
f0:5c:77:1a:f1:64|0|1|0|0|0|0
f2:c0:24:d2:a2:38|0|8|0|0|0|0
