25
b4:e6:2d:f6:b6:a5
68:02:b8:1e:7f:1f|1312|0|7|0|1066|0
ff:ff:ff:ff:ff:ff|0|2727|0|18|0|1422
6a:02:98:1e:7f:1f|1310|0|0|0|0|0
44:fe:3b:06:5c:71|359|0|18|0|1422|0
72:fe:3b:06:5c:73|121|0|0|0|0|0
b4:e6:2d:f6:b6:a5|0|2|0|4|0|482
70:ee:50:73:4e:36|0|0|54|0|1404|0
b0:95:75:4b:b9:26|0|0|0|54|0|1404
a4:3e:a0:a4:2a:46|0|151|0|0|0|0
c8:66:5d:1f:4f:54|0|12|0|0|0|0
0e:02:d3:7f:2e:f4|0|2|0|0|0|0
58:b1:0f:56:36:08|0|27|0|0|0|0
10:1c:0c:1a:10:10|2|12|0|0|0|0
33:33:00:00:00:01|0|0|0|3|0|584
9c:5d:12:d7:43:d4|0|12|0|0|0|0
d8:8c:79:90:f4:9b|0|6|0|0|0|0
f0:5c:77:1a:f1:64|0|10|0|0|0|0
64:b3:10:aa:e3:3c|0|18|0|0|0|0
ee:5f:bd:7f:7a:ff|0|2|0|0|0|0
1a:87:40:d1:61:c2|0|45|0|0|0|0
56:10:45:61:0f:8c|3|37|0|0|0|0
8e:ce:84:5f:9c:42|2|40|0|0|0|0
30:35:ad:7a:2f:04|0|1|0|0|0|0
f0:72:ea:da:42:c6|0|6|0|0|0|0
04:4e:af:fb:fd:77|1|0|0|0|0|0
