36
b4:e6:2d:f6:c8:79
90:9a:4a:80:85:9e|1140|0|36|0|17902|0
ff:ff:ff:ff:ff:ff|0|3937|0|62|0|12036
68:ff:7b:c5:ca:c9|880|0|7|2|988|48
90:9a:4a:80:71:9a|1219|8|21|50|2433|7116
20:aa:4b:5b:e6:4b|818|0|65|0|12346|0
b4:e6:2d:f6:c8:79|0|2|0|3|0|376
b8:27:eb:81:9a:d6|0|3|0|0|0|0
a0:78:17:a1:19:64|0|0|2|3|48|234
9e:ab:89:2d:82:91|0|34|0|2|0|156
f0:ef:86:06:76:35|0|3|0|0|0|0
28:6d:cd:09:2a:ea|0|0|21|4|4564|474
01:00:5e:00:00:fb|0|0|0|3|0|670
01:00:5e:7f:ff:fa|0|0|0|33|0|17662
f4:f5:d8:8d:f2:58|2|3|0|0|0|0
a4:50:46:4c:af:3b|0|0|10|3|607|333
a0:c9:a0:c1:eb:b8|2|12|0|0|0|0
44:07:0b:2f:49:8b|14|0|0|0|0|0
c0:06:c3:8f:c0:7b|4|8|11|7|1243|776
c0:06:c3:8f:c7:99|4|8|8|4|702|474
54:60:09:e2:ee:aa|0|13|0|0|0|0
01:00:5e:00:00:fa|0|0|0|1|0|114
aa:ec:9c:e6:86:f0|0|4|0|0|0|0
