44
b4:e6:2d:f6:b6:a5
54:be:f7:19:78:e1|294|0|11|0|3482|0
ff:ff:ff:ff:ff:ff|0|4164|0|267|0|54036
68:02:b8:1e:7f:1f|867|0|256|0|49091|0
6a:02:98:1e:7f:1f|868|0|0|0|0|0
70:2e:22:8d:72:74|592|1|25|0|10528|0
00:0c:43:18:8e:7b|1|38|0|1|0|1550
0e:84:dc:82:e4:5b|170|0|0|0|0|0
0c:54:a5:02:31:6d|416|0|7|0|1947|0
b0:c2:87:78:a6:a2|373|0|52|0|13152|0
b2:c2:87:78:a6:a3|370|0|0|0|0|0
0e:54:a5:02:31:6e|373|0|0|0|0|0
a4:3e:a0:a4:2a:46|2|164|0|0|0|0
0c:84:dc:82:e4:5a|251|0|6|0|2119|0
5c:f8:21:84:a4:31|0|77|0|0|0|0
b4:e6:2d:f6:b6:a5|0|2|0|6|0|746
80:be:05:5f:13:d9|0|1|0|2|0|52
b4:fb:e3:fc:1e:95|0|73|0|0|0|0
84:16:f9:07:68:71|0|7|0|0|0|0
01:00:5e:00:00:fb|0|0|0|11|0|1709
33:33:00:00:00:fb|0|0|0|12|0|2345
33:33:00:00:00:16|0|0|0|3|0|372
01:00:5e:00:00:16|0|0|0|4|0|366
6a:02:98:76:3c:e4|5|0|0|0|0|0
01:00:5e:7f:ff:fa|0|0|0|46|0|18728
d8:8c:79:90:f4:9b|0|2|0|0|0|0
68:02:b8:76:3c:e4|2|0|0|0|0|0
92:5c:14:cf:f6:c9|13|0|0|0|0|0
10:1c:0c:1a:10:10|2|12|0|0|0|0
90:5c:44:cf:f6:c9|3|0|0|0|0|0
26:94:9b:c4:cd:39|3|17|0|0|0|0
9c:b7:0d:49:d2:06|0|2|0|0|0|0
0e:79:63:cf:8f:3e|0|1|0|0|0|0
64:b3:10:aa:e3:3c|0|8|0|0|0|0
5c:f5:da:55:8b:f6|0|4|0|0|0|0
c8:c7:50:54:2d:82|0|8|0|0|0|0
f0:72:ea:da:42:c6|0|6|0|0|0|0
90:00:4e:37:d4:f2|0|3|0|0|0|0
2c:33:7a:7f:1d:55|5|15|0|0|0|0
01:80:c2:00:00:13|0|0|0|1|0|77
01:00:5e:00:00:01|0|0|0|3|0|244
01:00:5e:00:00:fc|0|0|0|1|0|94
e0:76:d0:78:7a:16|0|3|0|0|0|0
60:f2:62:7f:33:bb|0|1|0|0|0|0
76:90:71:76:88:c7|0|1|0|0|0|0
