48
b4:e6:2d:f6:c8:79
90:9a:4a:80:71:9a|1407|13|20|1198|3541|324194
ff:ff:ff:ff:ff:ff|0|3573|0|52|0|9973
90:9a:4a:80:85:9e|906|0|5|0|408|0
20:aa:4b:5b:e6:4b|858|0|72|54|13853|1404
68:ff:7b:c5:ca:c9|645|0|4|0|312|0
10:fe:ed:dd:08:06|5|0|0|0|0|0
c0:06:c3:8f:c7:99|0|0|6|1|264|78
54:60:09:e2:ee:aa|0|1|0|0|0|0
ac:67:84:5b:07:e3|2|80|0|0|0|0
b4:e6:2d:f6:c8:79|0|2|0|5|0|544
20:1f:3b:3a:bb:3d|37|94|0|0|0|0
a0:2c:36:28:1e:19|0|36|0|0|0|0
33:33:00:00:00:0c|0|0|0|17|0|3570
e6:1d:78:73:e4:e3|0|0|54|0|1404|0
01:00:5e:00:00:fa|0|0|0|1|0|114
b8:27:eb:81:9a:d6|0|4|0|0|0|0
44:07:0b:70:9e:93|5|0|0|0|0|0
f0:ef:86:06:76:35|0|4|0|0|0|0
28:6d:cd:09:2a:ea|1|3|3|0|78|0
f4:f5:d8:8d:f2:58|0|7|0|0|0|0
a4:77:33:63:f5:7e|0|3|0|0|0|0
a4:50:46:4c:af:3b|8|15|1179|12|322768|2763
44:07:0b:89:e4:ab|12|0|0|0|0|0
e4:5f:01:5c:9d:89|0|4|0|0|0|0
b4:75:0e:da:6c:72|3|0|0|0|0|0
b4:75:0e:da:6c:73|2|0|0|0|0|0
1a:a5:c3:61:4f:b6|0|0|0|4|0|312
1e:e8:29:91:3d:5e|3|0|0|0|0|0
c0:06:c3:8f:c0:7b|4|8|10|2|1084|156
34:c0:59:00:a0:8f|0|2|0|0|0|0
82:95:e1:61:a5:90|0|1|0|0|0|0
f0:ef:86:21:66:5f|0|9|0|0|0|0
ec:5c:68:84:b1:4b|2|25|0|0|0|0
7c:2e:bd:f4:94:ee|8|0|0|0|0|0
44:07:0b:2f:49:8b|10|0|0|0|0|0
08:9e:08:bc:6c:2b|0|1|0|0|0|0
3c:8d:20:4f:d8:e9|1|0|0|0|0|0
9e:ab:89:2d:82:91|0|16|0|2|0|156
1c:bf:ce:e3:fb:45|0|6|0|0|0|0
44:07:0b:6c:b6:e3|2|0|0|0|0|0
01:00:5e:00:00:01|0|0|0|4|0|328
14:c1:4e:07:26:d2|1|0|0|0|0|0
44:07:0b:60:bf:75|1|0|0|0|0|0
00:08:07:76:35:b7|0|6|0|0|0|0
f4:f2:6d:90:44:3c|1|0|0|0|0|0
94:65:2d:d6:9c:46|0|5|0|0|0|0
76:78:27:bc:20:c6|0|6|0|0|0|0
