23
b4:e6:2d:f6:b6:a5
68:02:b8:1e:7f:1f|1316|0|164|0|19678|0
ff:ff:ff:ff:ff:ff|0|2343|0|122|0|11468
6a:02:98:1e:7f:1f|1314|0|0|0|0|0
b4:e6:2d:f6:b6:a5|0|3|0|3|0|390
44:fe:3b:06:5c:71|24|0|0|0|0|0
f0:5c:77:1a:f1:64|0|1|0|0|0|0
01:00:5e:7f:ff:fa|0|0|0|36|0|7236
a4:3e:a0:a4:2a:46|0|85|0|0|0|0
2c:db:07:46:b4:19|0|4|0|0|0|0
54:2a:a2:48:a3:f0|0|151|0|0|0|0
c8:66:5d:1f:4f:54|0|18|0|0|0|0
70:ee:50:73:4e:36|0|0|47|0|1218|0
b0:95:75:4b:b9:26|0|0|0|47|0|1218
64:b3:10:aa:e3:3c|0|7|0|0|0|0
9c:5d:12:d7:43:d4|0|12|0|0|0|0
00:1c:bf:52:98:29|0|4|0|0|0|0
a8:3e:0e:ab:79:69|1|0|0|0|0|0
52:02:a1:bc:46:51|0|7|0|0|0|0
33:33:00:00:00:01|0|0|0|3|0|584
10:1c:0c:1a:10:10|2|0|0|0|0|0
84:16:f9:07:68:71|0|6|0|0|0|0
06:21:a7:30:15:2f|0|6|0|0|0|0
9a:0b:4c:c5:42:84|2|12|0|0|0|0
