38
b4:e6:2d:f6:b6:a5
6a:02:98:1e:7f:1f|1294|0|0|0|0|0
ff:ff:ff:ff:ff:ff|0|3377|0|148|0|15807
d8:b6:b7:7a:3a:61|1217|1|9|37|602|1063
68:02:b8:1e:7f:1f|1294|0|499|0|79482|0
a4:3e:a0:a4:2a:46|0|191|0|0|0|0
b4:e6:2d:f6:b6:a5|0|1|0|3|0|390
0c:54:15:5d:f1:f6|0|13|0|0|0|0
84:16:f9:07:68:71|0|7|0|0|0|0
94:e2:3c:3e:11:65|0|38|0|0|0|0
0e:26:0a:2f:38:6b|1|0|13|1|312|26
bc:54:51:02:a4:f0|0|0|15|4|527|472
fe:64:0c:dd:33:75|0|7|0|0|0|0
80:be:05:5f:13:d9|0|6|0|0|0|0
4e:9b:05:55:9f:ce|9|109|0|0|0|0
e6:35:23:4e:ab:99|0|0|8|2|200|52
64:b3:10:aa:e3:3c|0|2|0|0|0|0
00:1c:bf:52:98:29|0|8|0|0|0|0
26:6f:1d:c2:e2:46|0|23|0|0|0|0
01:00:5e:00:00:fb|0|0|0|60|0|6928
33:33:00:00:00:fb|0|0|0|81|0|11232
33:33:00:00:00:16|0|0|0|37|0|4768
01:00:5e:00:00:16|0|0|0|14|0|1318
26:17:dc:59:74:f7|0|0|1|2|24|52
33:33:00:00:00:01|0|0|0|6|0|944
0e:bd:47:18:d7:43|2|14|0|0|0|0
b0:00:73:6f:e2:df|0|7|0|0|0|0
5c:f5:da:b6:d8:02|0|7|0|0|0|0
33:33:00:01:00:02|0|0|0|3|0|499
33:33:ff:f7:09:9c|0|0|0|2|0|224
33:33:00:00:00:02|0|0|0|1|0|96
33:33:ff:7a:41:bc|0|0|0|2|0|232
33:33:ff:1e:b6:60|0|0|0|1|0|120
33:33:00:01:00:03|0|0|0|45|0|5310
01:80:c2:00:00:0e|0|0|0|4|0|376
33:33:00:00:00:0c|0|0|0|30|0|14153
01:00:5e:7f:ff:fa|0|0|0|36|0|14537
01:00:5e:00:00:fc|0|0|0|26|0|2548
c8:66:5d:1f:4f:54|0|6|0|0|0|0
