57
b4:e6:2d:f6:c8:79
20:aa:4b:5b:e6:4b|477|0|24|0|4408|0
ff:ff:ff:ff:ff:ff|0|2788|0|27|0|4812
90:9a:4a:80:85:9e|1239|22|88|753|25082|18072
90:9a:4a:80:71:9a|1309|34|3422|2220|3885327|515078
9e:ab:89:2d:82:91|4|18|753|14|18072|1553
b4:e6:2d:f6:c8:79|0|1|0|4|0|471
da:a1:19:0a:49:36|1|11|0|0|0|0
04:6c:59:1b:72:04|18|37|0|4|0|312
c0:06:c3:8f:c0:7b|5|10|10|25|971|3149
44:46:87:a9:e4:4b|0|13|0|0|0|0
a4:50:46:4c:af:3b|43|88|2163|3385|504821|3880759
28:6d:cd:09:2a:ea|0|0|39|5|8584|633
08:9e:08:49:f2:bd|0|11|0|0|0|0
ba:48:fd:b7:af:a0|0|1|0|0|0|0
68:ff:7b:c5:ca:c9|22|0|1|0|78|0
3e:d7:ef:73:22:2f|0|10|0|0|0|0
da:a1:19:01:85:98|0|1|0|0|0|0
c0:06:c3:8f:c7:99|0|0|8|3|702|315
e4:5f:01:5c:9d:89|0|3|0|0|0|0
50:e0:85:84:55:94|3|17|0|0|0|0
e6:37:9d:94:c7:ec|0|0|41|0|984|0
c4:12:f5:d1:17:6c|0|0|0|41|0|984
01:00:5e:7f:ff:fa|0|0|0|50|0|20575
01:00:5e:00:00:fb|0|0|0|11|0|1726
00:08:07:76:35:b7|0|2|0|0|0|0
62:14:ed:e0:13:f0|0|5|0|0|0|0
d6:bb:46:ef:66:c9|0|9|0|0|0|0
54:60:09:e2:ee:aa|0|4|0|0|0|0
ac:67:84:5b:07:e3|1|0|0|0|0|0
74:e5:f9:00:9d:f3|0|3|0|0|0|0
34:c0:59:00:a0:8f|0|1|0|0|0|0
da:a1:19:33:33:33|2|7|0|0|0|0
f4:f2:6d:90:44:3c|0|0|1|0|78|0
cc:f4:11:a1:a0:2c|0|0|0|1|0|78
f4:f5:d8:8d:f2:58|1|4|0|0|0|0
44:07:0b:70:9e:93|3|0|0|0|0|0
f0:ef:86:05:a3:fa|0|4|0|0|0|0
5e:59:12:1c:ae:9f|0|1|0|0|0|0
1c:bf:ce:e3:fb:45|0|3|0|0|0|0
08:9e:08:bc:6c:2b|0|1|0|0|0|0
44:07:0b:2f:49:8b|4|0|0|0|0|0
84:4b:f5:19:a0:99|0|2|0|0|0|0
c0:87:eb:8e:48:ef|0|5|0|0|0|0
3c:8d:20:4f:d8:e9|1|0|0|0|0|0
01:00:5e:00:00:01|0|0|0|2|0|160
01:00:5e:00:00:16|0|0|0|4|0|352
26:4b:f5:19:a0:99|0|1|0|0|0|0
24:77:03:d4:12:38|6|9|0|0|0|0
1a:a5:c3:61:4f:b6|0|0|0|1|0|78
c6:c7:6a:7b:59:a5|0|1|0|0|0|0
26:d5:e3:95:54:df|0|3|0|0|0|0
3a:3f:2c:6b:97:fc|0|6|0|0|0|0
a4:02:b9:9a:55:06|1|0|0|0|0|0
b6:12:71:6f:80:06|0|1|0|0|0|0
b8:27:eb:81:9a:d6|0|3|0|0|0|0
74:df:bf:45:ac:65|0|1|0|0|0|0
50:2f:9b:cf:55:b2|1|0|0|0|0|0
