30
b4:e6:2d:f6:b6:a5
d8:b6:b7:7a:3a:61|1235|0|10|68|855|4210
ff:ff:ff:ff:ff:ff|0|3516|0|156|0|44461
68:02:b8:1e:7f:1f|1246|0|170|0|46240|0
6a:02:98:1e:7f:1f|1243|0|0|0|0|0
bc:54:51:02:a4:f0|0|0|25|1|3170|26
b4:e6:2d:f6:b6:a5|0|3|0|4|0|528
70:ee:50:73:4e:36|0|0|20|0|520|0
b0:95:75:4b:b9:26|0|0|0|20|0|520
01:00:5e:00:00:01|0|0|0|1|0|88
a4:3e:a0:a4:2a:46|0|85|0|0|0|0
26:17:dc:59:74:f7|0|0|13|2|312|52
e6:35:23:4e:ab:99|0|0|8|2|200|52
0e:26:0a:2f:38:6b|0|0|22|2|528|52
42:b2:6f:ba:e8:24|0|8|0|0|0|0
64:b3:10:aa:e3:3c|0|13|0|0|0|0
3a:ca:2c:c9:68:b4|0|12|0|0|0|0
01:00:5e:00:00:fb|0|0|0|4|0|534
01:00:5e:00:00:02|0|0|0|1|0|90
33:33:00:00:00:16|0|0|0|1|0|124
33:33:00:00:00:fb|0|0|0|3|0|504
fe:fe:45:66:ba:17|2|16|0|0|0|0
4e:9b:05:55:9f:ce|4|41|0|0|0|0
d8:8c:79:90:f4:9b|0|7|0|0|0|0
