46
b4:e6:2d:f6:c8:79
90:9a:4a:80:85:9e|1186|11|128|267|22304|6832
ff:ff:ff:ff:ff:ff|0|2772|0|21|0|2880
90:9a:4a:80:71:9a|1372|5|14|21|1788|2091
20:aa:4b:5b:e6:4b|189|0|17|0|2602|0
68:ff:7b:c5:ca:c9|289|0|3|0|416|0
b4:e6:2d:f6:c8:79|0|2|0|3|0|376
04:6c:59:1b:72:04|8|16|213|4|5944|666
54:2a:a2:73:c6:e9|10|114|0|0|0|0
7c:2e:bd:f4:94:ee|6|0|0|0|0|0
cc:f4:11:a1:a0:2c|0|19|0|0|0|0
22:48:f8:26:26:64|2|9|0|0|0|0
f4:f5:d8:8d:f2:58|8|4|0|0|0|0
28:6d:cd:09:2a:ea|1|3|3|0|78|0
cc:50:e3:f0:6b:20|0|0|0|3|0|234
da:a1:19:5e:03:d0|0|5|0|0|0|0
c0:06:c3:8f:c7:99|0|0|9|3|1088|782
48:5a:b6:22:0c:7e|2|16|0|0|0|0
f0:ef:86:06:76:35|0|1|0|0|0|0
c0:06:c3:8f:c0:7b|4|8|9|2|925|156
9e:ab:89:2d:82:91|3|48|55|90|1320|10764
44:07:0b:70:9e:93|4|0|0|0|0|0
58:ef:68:2a:26:ec|2|0|0|0|0|0
3a:37:31:36:67:5d|1|6|0|0|0|0
01:00:5e:7f:ff:fa|0|0|0|24|0|10039
01:00:5e:00:00:16|0|0|0|5|0|440
01:00:5e:00:00:fb|0|0|0|5|0|965
01:00:5e:00:00:01|0|0|0|1|0|84
4e:b5:6c:7d:af:c3|1|0|0|0|0|0
44:07:0b:2f:49:8b|13|0|0|0|0|0
da:a1:19:4c:7a:db|0|3|0|0|0|0
ec:5c:68:84:b1:4b|2|27|0|0|0|0
26:38:16:cd:9d:7d|0|1|0|0|0|0
3e:82:ca:d8:79:c0|1|6|0|0|0|0
50:e0:85:84:55:94|2|11|0|0|0|0
34:f6:4b:e3:9c:e8|0|4|0|0|0|0
da:a1:19:f8:fe:0c|0|3|0|0|0|0
d8:47:32:54:de:63|0|1|0|0|0|0
1a:a5:c3:61:4f:b6|0|0|0|2|0|156
b8:27:eb:81:9a:d6|0|2|0|0|0|0
42:b8:d0:27:d4:ba|0|1|0|0|0|0
54:60:09:e2:ee:aa|0|2|0|0|0|0
00:08:07:76:35:b7|0|1|0|0|0|0
12:e8:29:91:3d:5e|1|0|0|0|0|0
da:a1:19:77:52:c0|1|2|0|0|0|0
e6:1d:78:73:e4:e3|0|6|0|0|0|0
44:07:0b:6c:b6:e3|1|0|0|0|0|0
