28
b4:e6:2d:f6:b6:a5
d8:b6:b7:7a:3a:61|1322|0|10|71|506|1877
ff:ff:ff:ff:ff:ff|0|3512|0|138|0|42372
68:02:b8:1e:7f:1f|1248|0|149|0|43891|0
6a:02:98:1e:7f:1f|1245|0|0|0|0|0
e6:35:23:4e:ab:99|0|0|19|2|460|52
b4:e6:2d:f6:b6:a5|0|1|0|7|0|841
ba:a6:46:fe:02:a7|0|13|0|0|0|0
a4:3e:a0:a4:2a:46|0|154|0|0|0|0
bc:54:51:02:a4:f0|0|0|20|3|649|262
0e:26:0a:2f:38:6b|0|0|17|2|408|52
26:17:dc:59:74:f7|0|0|15|2|360|52
70:ee:50:73:4e:36|0|0|31|0|792|0
b0:95:75:4b:b9:26|0|0|0|31|0|792
01:80:c2:00:00:0e|0|0|0|1|0|94
00:1c:bf:52:98:29|0|25|0|0|0|0
8e:ce:84:5f:9c:42|2|0|0|0|0|0
33:33:00:00:00:01|0|0|0|3|0|584
01:00:5e:00:00:01|0|0|0|1|0|88
64:b3:10:aa:e3:3c|0|7|0|0|0|0
ba:9f:31:f7:09:ae|0|26|0|0|0|0
ca:aa:1c:d0:dc:2c|2|17|0|0|0|0
c8:66:5d:1f:4f:54|0|6|0|0|0|0
f0:5c:77:1a:f1:64|0|7|0|0|0|0
2a:31:e6:fb:21:00|2|12|0|0|0|0
a6:59:ef:1c:12:77|0|7|0|0|0|0
74:df:bf:a3:9d:7c|0|20|0|0|0|0
0a:43:77:56:d1:ca|0|7|0|0|0|0
d8:8c:79:90:f4:9b|0|7|0|0|0|0
