35
b4:e6:2d:f6:c8:79
90:9a:4a:80:85:9e|787|0|0|0|0|0
ff:ff:ff:ff:ff:ff|0|2435|0|43|0|5164
90:9a:4a:80:71:9a|1102|4|10|49|922|8658
20:aa:4b:5b:e6:4b|474|0|50|0|6043|0
68:ff:7b:c5:ca:c9|102|0|0|0|0|0
c0:87:eb:8e:48:ef|0|3|0|0|0|0
28:6d:cd:09:2a:ea|0|0|34|2|7334|156
b4:e6:2d:f6:c8:79|0|2|0|3|0|376
20:1f:3b:3a:bb:3d|4|0|0|0|0|0
01:00:5e:00:00:fb|0|0|0|2|0|230
33:33:00:00:00:fb|0|0|0|1|0|141
da:a1:19:dc:dc:dc|1|10|0|0|0|0
33:33:00:00:00:16|0|0|0|3|0|432
7c:2e:bd:f4:94:ee|8|0|0|0|0|0
c0:06:c3:8f:c0:7b|4|10|10|2|1084|156
76:31:f7:54:36:35|0|1|0|0|0|0
c0:06:c3:8f:c7:99|0|0|5|3|240|234
32:67:c7:c8:04:dc|0|1|0|0|0|0
f0:ef:86:06:76:35|0|1|0|0|0|0
ac:d1:b8:8d:4b:a1|0|1|0|0|0|0
b8:27:eb:81:9a:d6|0|2|0|0|0|0
44:07:0b:2f:49:8b|11|0|0|0|0|0
e4:5f:01:5c:9d:89|0|2|0|0|0|0
ec:5c:68:84:b1:4b|0|7|0|0|0|0
00:08:07:76:35:b7|0|3|0|0|0|0
f4:f5:d8:8d:f2:58|1|3|0|0|0|0
7c:b2:7d:d3:ca:b1|0|1|0|0|0|0
5e:95:f5:55:7a:1e|0|1|0|0|0|0
01:00:5e:00:00:01|0|0|0|1|0|76
4a:6e:22:fc:01:44|0|6|0|0|0|0
18:e8:29:91:3d:5e|1|0|0|0|0|0
1e:e8:29:e4:16:89|1|0|0|0|0|0
38:f9:d3:b3:0c:da|1|0|0|0|0|0
54:60:09:e2:ee:aa|0|3|0|0|0|0
44:46:87:a9:e4:4b|0|1|0|0|0|0
