69
b4:e6:2d:f6:c8:79
90:9a:4a:80:71:9a|1363|11|39|96|5274|11633
ff:ff:ff:ff:ff:ff|0|2674|0|10|0|948
90:9a:4a:80:85:9e|1133|0|0|0|0|0
20:aa:4b:5b:e6:4b|360|0|11|0|1062|0
e2:42:1d:b7:29:fe|13|72|0|0|0|0
28:6d:cd:09:2a:ea|0|0|39|16|8267|2341
c0:06:c3:8f:c7:99|6|12|11|6|1029|711
b4:e6:2d:f6:c8:79|0|2|0|5|0|549
da:a1:19:64:64:64|0|3|0|0|0|0
06:54:21:73:36:10|1|0|0|0|0|0
82:3d:8e:24:bc:70|1|0|0|0|0|0
86:ff:d7:7a:57:05|1|0|0|0|0|0
f0:72:ea:ef:27:ca|5|3|0|0|0|0
3c:22:fb:60:87:53|0|3|0|0|0|0
24:77:03:d4:12:38|2|6|0|0|0|0
20:39:56:31:26:96|5|3|0|0|0|0
1a:3c:a8:da:4c:8a|0|3|0|0|0|0
80:45:dd:a7:9e:f5|4|0|0|0|0|0
28:c2:dd:f8:c8:15|0|1|0|0|0|0
de:03:42:a8:62:9a|0|3|0|0|0|0
48:5a:b6:22:0c:7e|2|0|0|0|0|0
c0:06:c3:8f:c0:7b|4|9|8|7|734|691
f0:f6:c1:d5:cb:42|0|6|0|0|0|0
aa:d3:c6:2a:c9:c5|1|0|0|0|0|0
a4:50:46:4c:af:3b|1|4|38|5|1603|982
01:00:5e:00:00:fa|0|0|0|1|0|114
d8:4c:90:d2:8d:03|0|0|11|0|264|0
c0:c9:e3:ba:d4:89|0|0|0|11|0|264
ae:ba:bd:f5:30:2a|0|6|0|0|0|0
62:db:0f:89:72:51|0|3|0|0|0|0
b8:27:eb:81:9a:d6|2|0|0|0|0|0
04:4e:af:f0:ae:93|5|7|0|0|0|0
f4:f5:d8:8d:f2:58|2|1|0|0|0|0
62:2e:54:df:39:be|1|0|0|0|0|0
f2:4b:1e:93:c1:a2|0|3|0|0|0|0
42:6c:97:13:96:5a|1|3|0|0|0|0
04:ea:56:43:69:3f|1|0|0|0|0|0
da:a1:19:e0:af:77|0|6|0|0|0|0
aa:fd:49:b5:a9:c3|2|0|0|0|0|0
5a:0d:e4:dd:ae:d0|1|0|0|0|0|0
d2:1e:84:5b:50:89|0|3|0|0|0|0
fa:e0:ad:bf:54:bc|1|3|0|0|0|0
4e:fe:8c:d3:c0:bd|0|3|0|0|0|0
62:37:c7:4c:5d:2c|2|0|0|0|0|0
44:07:0b:70:9e:93|2|0|0|0|0|0
f2:b2:80:0a:ea:79|3|8|0|0|0|0
9a:57:d6:b7:a6:09|2|3|0|0|0|0
36:64:3d:fb:e8:fe|2|6|0|0|0|0
16:f4:1d:41:1e:f3|0|3|0|0|0|0
56:fc:f5:92:e6:9d|1|1|0|0|0|0
fa:f8:28:8e:66:fa|1|0|0|0|0|0
aa:9b:e3:60:19:d1|0|1|0|0|0|0
62:88:ad:b8:f9:00|1|0|0|0|0|0
1e:2b:75:6a:23:ca|1|3|0|0|0|0
b6:1d:d2:b9:17:1f|1|0|0|0|0|0
06:e1:b3:6e:f2:8a|2|6|0|0|0|0
fa:45:35:32:bd:57|0|6|0|0|0|0
66:9e:dc:1b:f5:ef|0|1|0|0|0|0
26:71:97:db:ef:05|0|3|0|0|0|0
ca:6d:2f:92:03:73|0|3|0|0|0|0
a2:ce:ce:d5:92:b9|0|6|0|0|0|0
da:a1:19:83:83:83|1|0|0|0|0|0
20:f4:78:24:ce:e8|1|6|0|0|0|0
ca:e9:8f:6d:d2:44|0|3|0|0|0|0
e8:50:8b:7b:f7:c2|1|2|0|0|0|0
ea:63:d8:b8:43:15|0|3|0|0|0|0
a0:2c:36:28:1e:19|0|3|0|0|0|0
e2:d7:85:bf:d1:0d|0|6|0|0|0|0
ca:23:e5:6d:2a:40|3|16|0|0|0|0
