34
b4:e6:2d:f6:b6:a5
d8:b6:b7:7a:3a:61|1199|0|16|49|1706|1406
ff:ff:ff:ff:ff:ff|0|3439|0|278|0|55532
68:02:b8:1e:7f:1f|1224|0|287|0|56785|0
6a:02:98:1e:7f:1f|1225|0|0|0|0|0
b4:e6:2d:f6:b6:a5|0|1|0|6|0|669
bc:54:51:02:a4:f0|0|0|19|3|678|262
01:00:5e:00:00:01|0|0|0|1|0|88
0e:26:0a:2f:38:6b|0|0|22|2|528|52
01:00:5e:00:00:fb|0|0|0|3|0|570
33:33:00:00:00:fb|0|0|0|3|0|630
a4:3e:a0:a4:2a:46|0|79|0|0|0|0
ac:f8:cc:92:07:e1|4|0|0|0|0|0
e6:35:23:4e:ab:99|0|0|8|2|200|52
c2:0e:57:a1:52:f7|0|7|0|0|0|0
f0:72:ea:da:42:c6|0|4|0|0|0|0
4e:c0:dc:8d:e9:95|0|13|0|0|0|0
4a:a1:96:6c:ef:82|0|7|0|0|0|0
06:67:3c:ee:c2:87|1|13|0|0|0|0
0a:d6:17:09:c7:da|1|7|0|0|0|0
f0:5c:77:1a:f1:64|0|2|0|0|0|0
02:50:94:ec:01:b7|4|3|7|0|168|0
da:f2:e9:05:eb:5f|2|17|0|0|0|0
00:1c:bf:52:98:29|0|7|0|0|0|0
f6:57:40:c4:7c:81|0|0|0|7|0|168
26:17:dc:59:74:f7|0|0|0|2|0|52
c8:66:5d:1f:4f:54|0|6|0|0|0|0
ba:45:79:eb:1c:a1|0|7|0|0|0|0
12:fc:9d:32:99:d0|0|6|0|0|0|0
cc:4b:73:b0:02:dc|0|10|0|0|0|0
0c:54:15:5d:f1:f6|0|9|0|0|0|0
80:30:49:55:d3:2f|0|4|0|0|0|0
33:33:00:00:00:01|0|0|0|3|0|584
84:16:f9:07:68:71|0|7|0|0|0|0
64:b3:10:aa:e3:3c|0|12|0|0|0|0
