23
b4:e6:2d:f6:b6:a5
68:02:b8:1e:7f:1f|1264|0|297|12|33966|312
ff:ff:ff:ff:ff:ff|0|2346|0|244|0|23411
6a:02:98:1e:7f:1f|1264|0|0|0|0|0
70:ee:50:73:4e:36|0|0|48|0|1242|0
b0:95:75:4b:b9:26|0|0|0|48|0|1242
b4:e6:2d:f6:b6:a5|0|1|0|4|0|485
64:b3:10:aa:e3:3c|0|12|0|0|0|0
01:00:5e:7f:ff:fa|0|0|0|30|0|5882
80:1f:02:b4:07:ae|0|0|12|0|312|0
a4:3e:a0:a4:2a:46|0|96|0|0|0|0
01:00:5e:00:00:fb|0|0|0|7|0|1628
33:33:00:00:00:fb|0|0|0|7|0|1768
10:1c:0c:1a:10:10|3|12|0|0|0|0
33:33:00:00:00:01|0|0|0|3|0|584
33:33:00:00:00:02|0|0|0|1|0|96
33:33:ff:1e:b6:60|0|0|0|1|0|112
76:96:41:ab:42:ca|0|11|0|0|0|0
e6:bc:e3:49:d9:71|0|6|0|0|0|0
c8:66:5d:1f:4f:54|0|6|0|0|0|0
1a:87:40:69:66:d6|0|35|0|0|0|0
d0:c6:37:81:ea:b1|0|6|0|0|0|0
44:fe:3b:06:5c:71|1|0|0|0|0|0
30:35:ad:7a:2f:04|0|1|0|0|0|0
