29
b4:e6:2d:f6:b6:a5
6a:02:98:1e:7f:1f|1047|0|0|0|0|0
ff:ff:ff:ff:ff:ff|0|1955|0|120|0|35146
68:02:b8:1e:7f:1f|1230|0|220|0|71818|0
0e:5f:1c:68:8a:b3|0|39|0|75|0|33129
a4:3e:a0:a4:2a:46|0|84|0|0|0|0
b4:e6:2d:f6:b6:a5|0|1|0|4|0|482
4e:9b:05:55:9f:ce|1|5|0|0|0|0
01:00:5e:00:00:16|0|0|0|2|0|180
01:00:5e:00:00:fb|0|0|0|4|0|704
c8:66:5d:1f:4f:54|0|12|0|0|0|0
2a:12:a4:48:22:43|0|9|0|0|0|0
1a:5a:d2:d2:b4:b7|0|12|0|0|0|0
33:33:00:00:00:fb|0|0|0|3|0|705
33:33:00:00:00:02|0|0|0|1|0|104
33:33:ff:24:16:26|0|0|0|1|0|120
33:33:ff:d0:67:66|0|0|0|2|0|240
33:33:00:00:00:16|0|0|0|2|0|288
8e:ce:84:5f:9c:42|8|94|0|0|0|0
64:b3:10:aa:e3:3c|0|11|0|0|0|0
10:1c:0c:1a:10:10|2|35|0|0|0|0
33:33:ff:f9:cd:ff|0|0|0|6|0|720
82:35:b7:1e:53:19|2|12|0|0|0|0
b2:38:ac:c2:7a:a3|3|6|0|0|0|0
