55
b4:e6:2d:f6:c8:79
90:9a:4a:80:85:9e|1146|4|5|120|390|2880
ff:ff:ff:ff:ff:ff|0|2944|0|24|0|3537
90:9a:4a:80:71:9a|1391|7|367|593|263267|165917
00:1d:c9:07:2b:f1|15|0|0|0|0|0
28:6d:cd:09:2a:ea|1|3|3|0|78|0
68:ff:7b:c5:ca:c9|306|0|0|0|0|0
20:aa:4b:5b:e6:4b|347|0|25|0|3613|0
92:a5:f7:7d:16:58|0|1|0|0|0|0
54:2a:a2:73:c6:e9|12|101|0|0|0|0
b4:e6:2d:f6:c8:79|0|2|0|5|0|626
01:00:5e:00:00:01|0|0|0|1|0|76
44:07:0b:2f:49:8b|6|0|0|0|0|0
9e:ab:89:2d:82:91|4|21|120|5|2880|390
50:e0:85:84:55:94|5|14|0|0|0|0
a4:50:46:4c:af:3b|7|14|573|356|164175|262173
48:5a:b6:22:0c:7e|0|13|0|0|0|0
24:77:03:d4:12:38|2|5|0|0|0|0
c0:06:c3:8f:c0:7b|4|8|8|3|803|234
c0:06:c3:8f:c7:99|0|0|9|3|861|234
54:60:09:e2:ee:aa|0|7|0|0|0|0
44:07:0b:70:9e:93|1|0|0|0|0|0
f4:f5:d8:8d:f2:58|3|5|0|0|0|0
46:3b:78:62:ec:7e|0|14|0|0|0|0
3e:91:46:b7:8e:0b|2|0|0|0|0|0
ec:5c:68:84:b1:4b|0|12|0|0|0|0
be:9a:52:86:d3:99|0|1|0|0|0|0
ea:13:0a:bd:aa:9b|1|3|0|0|0|0
3e:41:c9:41:72:21|1|8|0|0|0|0
6a:86:f7:bc:fa:69|1|0|0|0|0|0
e0:b6:55:51:29:ba|0|2|0|0|0|0
a2:40:b4:c5:7a:27|0|3|0|0|0|0
00:08:03:bf:74:c3|0|1|0|0|0|0
a6:23:9c:e5:b4:cb|4|43|0|0|0|0
4e:17:e7:2c:5e:d9|1|0|0|0|0|0
f0:ef:86:06:76:35|0|1|0|0|0|0
92:1c:1f:bd:3b:29|1|3|0|0|0|0
ca:53:ea:f2:dd:8b|1|3|0|0|0|0
58:ef:68:2a:26:ec|1|0|0|0|0|0
44:07:0b:6c:b6:e3|1|0|0|0|0|0
ac:d6:18:05:2a:70|3|13|0|0|0|0
7e:92:05:8b:5e:71|1|0|0|0|0|0
1a:c2:65:33:b2:8c|1|0|0|0|0|0
02:6b:f5:1b:61:89|0|3|0|0|0|0
b8:27:eb:81:9a:d6|0|1|0|0|0|0
9e:1d:21:c3:d0:89|0|1|0|0|0|0
9e:69:42:3d:d6:0f|2|3|0|0|0|0
08:9e:08:bc:6c:2b|0|1|0|0|0|0
c6:55:64:6a:d1:ce|1|0|0|0|0|0
d6:9e:bf:4f:f7:8a|0|3|0|0|0|0
92:a3:74:1e:60:76|2|0|0|0|0|0
9e:ad:0a:ad:d8:f4|0|3|0|0|0|0
c2:89:7e:7f:05:34|1|0|0|0|0|0
6a:cb:06:8e:f2:22|2|3|0|0|0|0
3e:0f:9a:90:94:16|2|3|0|0|0|0
ea:20:fe:c1:c5:09|2|4|0|0|0|0
