54
b4:e6:2d:f6:c8:79
68:ff:7b:c5:ca:c9|477|0|0|0|0|0
ff:ff:ff:ff:ff:ff|0|2536|0|62|0|7813
90:9a:4a:80:71:9a|1266|9|10|68|922|4552
02:00:00:00:00:00|1|8|0|0|0|0
90:9a:4a:80:85:9e|936|73|227|694|38346|97524
20:aa:4b:5b:e6:4b|47|0|16|0|2659|0
08:9e:08:bc:6c:2b|0|1|0|0|0|0
f4:f5:d8:8d:f2:58|3|1|0|0|0|0
9a:d5:f2:19:65:87|0|1|0|0|0|0
e0:b6:55:51:29:ba|0|1|0|0|0|0
9e:ab:89:2d:82:91|1|8|316|3|7584|234
10:fe:ed:dd:08:06|14|0|0|0|0|0
a4:50:46:4c:af:3b|4|11|53|3|3393|234
04:6c:59:1b:72:04|76|120|413|49|101388|14473
a2:e0:6c:67:3c:21|0|4|0|0|0|0
1c:bf:ce:e3:fb:45|0|3|0|0|0|0
c0:06:c3:8f:c0:7b|4|8|8|2|867|156
e4:5f:01:5c:9d:89|0|1|0|0|0|0
50:eb:71:d0:6d:35|0|9|0|0|0|0
01:00:5e:00:00:16|0|0|0|5|0|456
01:00:5e:00:00:fb|0|0|0|75|0|8892
01:00:5e:00:00:fc|0|0|0|20|0|1971
01:00:5e:7f:ff:fa|0|0|0|59|0|17564
a0:78:17:a1:19:64|0|8|0|0|0|0
1a:f0:7b:02:a8:6b|0|1|0|0|0|0
aa:ea:9a:70:dc:9c|1|3|0|0|0|0
c0:06:c3:8f:c7:99|0|0|5|1|240|78
44:07:0b:89:e4:ab|12|0|0|0|0|0
b4:e6:2d:f6:c8:79|0|3|0|4|0|454
a0:2c:36:28:1e:19|0|3|0|0|0|0
00:08:07:76:35:b7|0|2|0|0|0|0
44:07:0b:2f:49:8b|10|0|0|0|0|0
28:6d:cd:09:2a:ea|1|3|2|0|52|0
20:1f:3b:3a:bb:3d|1|0|0|0|0|0
44:07:0b:60:bf:75|4|0|0|0|0|0
ec:5c:68:84:b1:4b|2|16|0|0|0|0
50:e0:85:84:55:94|2|14|0|0|0|0
bc:54:2f:5e:b7:f3|1|5|0|0|0|0
54:60:09:01:a1:78|1|0|0|0|0|0
33:33:00:00:00:0c|0|0|0|5|0|1050
ee:5c:30:ca:c2:ca|1|8|0|0|0|0
f4:f2:6d:90:44:3c|1|0|0|0|0|0
92:c9:95:d4:7f:df|0|3|0|0|0|0
be:af:80:6e:77:dd|1|3|0|0|0|0
ce:64:d0:69:7f:9f|0|2|0|0|0|0
42:70:01:c3:03:87|0|1|0|0|0|0
f6:19:24:4b:f2:5d|1|0|0|0|0|0
54:60:09:e2:ee:aa|0|2|0|0|0|0
3c:8d:20:4f:d8:e9|1|0|0|0|0|0
f0:ef:86:06:76:35|0|2|0|0|0|0
7c:2e:bd:f4:94:ee|8|0|0|0|0|0
ae:87:1c:5d:4c:6b|0|2|0|0|0|0
44:07:0b:70:9e:93|3|0|0|0|0|0
74:df:bf:45:ac:65|0|5|0|0|0|0
