32
b4:e6:2d:f6:c8:79
90:9a:4a:80:71:9a|1245|6|64|63|9147|10269
ff:ff:ff:ff:ff:ff|0|2514|0|2|0|340
68:ff:7b:c5:ca:c9|617|0|1|0|84|0
20:aa:4b:5b:e6:4b|111|0|2|0|340|0
90:9a:4a:80:85:9e|710|0|4|6|312|144
44:07:0b:70:9e:93|7|0|0|0|0|0
80:91:33:25:67:05|16|88|0|0|0|0
28:6d:cd:09:2a:ea|0|0|36|20|8154|2490
f2:7a:fa:1d:41:50|0|2|0|0|0|0
01:00:5e:00:00:01|0|0|0|1|0|84
34:c0:59:00:a0:8f|0|2|0|0|0|0
f0:ef:86:06:76:35|0|31|0|0|0|0
f0:f6:c1:d5:cb:42|0|14|0|0|0|0
9e:ab:89:2d:82:91|0|0|6|4|144|312
14:f6:d8:d5:30:90|0|4|0|0|0|0
10:fe:ed:dd:08:06|3|0|0|0|0|0
a4:50:46:4c:af:3b|1|1|11|9|632|2454
20:1f:3b:3a:bb:3d|8|0|0|0|0|0
c0:06:c3:8f:c0:7b|5|10|10|15|1084|1748
54:60:09:e2:ee:aa|0|4|0|0|0|0
c0:06:c3:8f:c7:99|0|0|6|9|399|1119
9e:c3:09:e6:d8:66|0|1|0|0|0|0
b4:e6:2d:f6:c8:79|0|4|0|11|0|1336
e4:5f:01:5c:9d:89|0|6|0|0|0|0
b8:27:eb:81:9a:d6|0|10|0|0|0|0
44:07:0b:2f:49:8b|3|0|0|0|0|0
2e:22:52:80:e8:ef|0|6|0|0|0|0
00:08:07:76:35:b7|0|2|0|0|0|0
30:07:4d:7d:5d:46|0|4|0|0|0|0
f4:f5:d8:8d:f2:58|0|10|0|0|0|0
b8:27:eb:3b:22:38|0|3|0|0|0|0
a4:77:33:63:f5:7e|0|4|0|0|0|0
