34
b4:e6:2d:f6:c8:79
90:9a:4a:80:71:9a|795|15|79|7774|67018|1129264
ff:ff:ff:ff:ff:ff|0|2370|0|6|0|1231
90:9a:4a:80:85:9e|1177|1|4|8|318|192
68:ff:7b:c5:ca:c9|475|0|0|0|0|0
b4:e6:2d:f6:c8:79|0|2|0|3|0|376
c0:06:c3:8f:c0:7b|4|10|11|2|1108|156
28:6d:cd:09:2a:ea|0|0|32|3|7290|782
d8:47:32:54:de:63|0|4|0|0|0|0
f0:ef:86:06:76:35|0|14|0|0|0|0
00:08:07:76:35:b7|0|4|0|0|0|0
20:aa:4b:5b:e6:4b|27|0|6|0|1231|0
f4:f5:d8:8d:f2:58|2|5|0|0|0|0
a4:50:46:4c:af:3b|9|19|7726|70|1120626|65626
b8:27:eb:81:9a:d6|3|3|0|0|0|0
9e:ab:89:2d:82:91|1|17|8|3|192|234
da:a1:19:c6:c6:c6|0|6|0|0|0|0
c0:06:c3:8f:c7:99|2|4|5|1|240|78
b4:75:0e:da:6c:73|2|0|0|0|0|0
b4:75:0e:da:6c:72|1|0|0|0|0|0
00:08:10:80:dc:7a|0|3|0|0|0|0
f0:ef:86:21:66:5f|0|6|0|0|0|0
54:60:09:e2:ee:aa|0|7|0|0|0|0
f0:f6:c1:d5:cb:42|0|7|0|0|0|0
44:07:0b:70:9e:93|3|0|0|0|0|0
08:9e:08:bc:6c:2b|0|1|0|0|0|0
20:df:b9:8e:c2:c7|3|0|0|0|0|0
44:07:0b:2f:49:8b|2|0|0|0|0|0
01:00:5e:00:00:01|0|0|0|1|0|84
20:1f:3b:3a:bb:3d|3|0|0|0|0|0
7c:2e:bd:f4:94:ee|7|0|0|0|0|0
e4:5f:01:78:c0:dc|0|1|0|0|0|0
22:48:f8:26:26:64|2|14|0|0|0|0
82:d9:d1:83:4e:33|0|3|0|0|0|0
72:ed:d1:89:34:42|0|2|0|0|0|0
