45
b4:e6:2d:f6:c8:79
20:aa:4b:5b:e6:4b|268|0|17|0|2548|0
ff:ff:ff:ff:ff:ff|0|2693|0|15|0|2358
90:9a:4a:80:71:9a|1345|5|8|22|766|1888
90:9a:4a:80:85:9e|1065|0|3832|5|5517179|120
68:ff:7b:c5:ca:c9|172|0|0|0|0|0
28:6d:cd:09:2a:ea|1|3|3|0|78|0
9e:ab:89:2d:82:91|0|24|5|3831|120|5517095
00:08:07:76:35:b7|0|6|0|0|0|0
b4:e6:2d:f6:c8:79|0|2|0|4|0|454
c0:06:c3:8f:c0:7b|4|8|11|2|1108|156
54:2a:a2:73:c6:e9|12|98|0|0|0|0
00:08:03:bf:74:c3|0|1|0|0|0|0
44:07:0b:70:9e:93|1|0|0|0|0|0
00:08:10:80:dc:7a|0|1|0|0|0|0
ea:8b:35:0f:f1:c8|0|1|0|0|0|0
c0:06:c3:8f:c7:99|0|0|8|2|702|156
44:07:0b:2f:49:8b|12|0|0|0|0|0
48:5a:b6:22:0c:7e|0|15|0|0|0|0
00:1d:c9:07:2b:f1|6|0|0|0|0|0
b4:75:0e:da:6c:72|4|0|0|0|0|0
f0:ef:86:21:66:5f|0|1|0|0|0|0
f4:f5:d8:8d:f2:58|1|1|0|0|0|0
01:00:5e:00:00:01|0|0|0|2|0|160
86:1d:0e:9d:4d:8f|0|1|0|0|0|0
3a:37:31:36:67:5d|2|12|0|0|0|0
01:00:5e:00:00:fa|0|0|0|1|0|114
88:3d:24:10:7e:ce|0|1|0|0|0|0
da:a1:19:4c:7e:07|0|3|0|0|0|0
50:e0:85:84:55:94|3|14|0|0|0|0
2a:b4:ea:1b:96:98|0|1|0|0|0|0
54:60:09:e2:ee:aa|0|3|0|0|0|0
44:07:0b:6c:b6:e3|5|0|0|0|0|0
1e:e8:29:e4:16:89|1|0|0|0|0|0
36:d2:59:92:40:ce|0|2|0|0|0|0
ec:5c:68:84:b1:4b|4|7|0|0|0|0
7e:e0:98:ed:30:67|0|3|0|0|0|0
7c:2e:bd:f4:94:ee|10|0|0|0|0|0
c0:87:eb:8e:48:ef|0|6|0|0|0|0
e6:60:55:2c:e5:ba|0|3|0|0|0|0
a6:23:9c:e5:b4:cb|1|0|0|0|0|0
12:e8:29:91:3d:5e|1|0|0|0|0|0
b8:27:eb:81:9a:d6|0|1|0|0|0|0
0a:26:07:17:f8:71|1|0|0|0|0|0
08:9e:08:bc:6c:2b|0|1|0|0|0|0
84:cf:bf:92:99:ab|0|2|0|0|0|0
