36
b4:e6:2d:f6:c8:79
90:9a:4a:80:71:9a|1240|9|23|51|2625|7965
ff:ff:ff:ff:ff:ff|0|2263|0|7|0|764
90:9a:4a:80:85:9e|1259|91|332|756|415763|19638
9e:ab:89:2d:82:91|5|21|720|307|18702|405009
04:6c:59:1b:72:04|88|171|36|2|936|156
a4:50:46:4c:af:3b|0|0|9|1|703|177
28:6d:cd:09:2a:ea|0|0|26|4|5826|474
b4:e6:2d:f6:c8:79|0|2|0|4|0|454
01:00:5e:7f:ff:fa|0|0|0|19|0|10087
c0:06:c3:8f:c0:7b|5|9|9|10|893|1046
1c:99:57:9f:9a:fc|0|6|0|0|0|0
20:1f:3b:3a:bb:3d|3|0|0|0|0|0
20:aa:4b:5b:e6:4b|16|0|6|0|644|0
38:87:d5:8a:96:cf|0|3|0|0|0|0
c0:06:c3:8f:c7:99|4|8|7|4|543|474
38:80:df:8b:5f:31|0|7|0|0|0|0
44:07:0b:2f:49:8b|11|0|0|0|0|0
52:ad:a9:27:d8:9a|0|3|0|0|0|0
24:77:03:d4:12:38|5|18|0|0|0|0
82:c9:b8:e1:d9:6e|0|3|0|0|0|0
68:ff:7b:c5:ca:c9|3|0|0|0|0|0
12:a2:30:a7:13:2f|1|3|0|0|0|0
be:8e:8a:ce:54:81|0|3|0|0|0|0
54:60:09:e2:ee:aa|0|3|0|0|0|0
ae:3b:6e:80:42:0b|0|0|4|0|96|0
04:d9:f5:a2:ea:c0|0|0|0|4|0|96
da:a1:19:39:39:39|0|2|0|0|0|0
f0:f6:c1:d5:cb:42|0|3|0|0|0|0
da:a1:19:92:37:5c|0|1|0|0|0|0
01:00:5e:00:00:16|0|0|0|2|0|176
01:00:5e:00:00:fb|0|0|0|1|0|215
72:9d:14:03:6b:7f|0|3|0|0|0|0
ba:b9:fe:a3:cb:e7|0|3|0|0|0|0
2e:81:40:21:6d:56|0|3|0|0|0|0
9a:2b:b5:e7:e4:db|0|3|0|0|0|0
ae:19:91:83:d9:54|1|0|0|0|0|0
