51
b4:e6:2d:f6:c8:79
90:9a:4a:80:71:9a|1320|6|87|212|12105|25789
ff:ff:ff:ff:ff:ff|0|2079|0|2|0|340
9e:ab:89:2d:82:91|6|17|2159|5|51816|1673
90:9a:4a:80:85:9e|578|6|5|2159|1673|51816
68:ff:7b:c5:ca:c9|282|0|2|0|156|0
20:1f:3b:3a:bb:3d|4|0|0|0|0|0
20:aa:4b:5b:e6:4b|53|0|2|0|340|0
6a:8c:6a:02:5f:d1|0|1|0|0|0|0
ac:d1:b8:8d:4b:a1|0|3|0|0|0|0
4c:fc:aa:30:f4:e9|0|1|0|0|0|0
28:6d:cd:09:2a:ea|0|0|50|25|9779|3930
50:eb:71:d0:6d:35|0|8|0|0|0|0
b4:e6:2d:f6:c8:79|0|2|0|4|0|454
12:e8:29:91:3d:5e|2|0|0|0|0|0
2a:03:cd:b4:87:78|1|17|0|0|0|0
ee:5a:2d:c5:90:2f|1|4|0|0|0|0
c0:06:c3:8f:c7:99|0|0|6|2|399|237
ea:40:c2:93:27:ad|7|10|0|0|0|0
c0:06:c3:8f:c0:7b|4|8|10|14|1084|1661
a4:50:46:4c:af:3b|2|5|146|42|14527|5823
50:e0:85:84:55:94|4|15|0|0|0|0
7e:c2:ec:04:ef:1c|1|0|0|0|0|0
0a:09:23:f7:da:bc|1|8|0|0|0|0
d8:47:32:54:de:63|0|1|0|0|0|0
7a:01:09:66:60:33|1|1|0|0|0|0
64:a2:f9:b6:88:f9|1|3|0|0|0|0
22:9a:a5:45:e7:79|0|2|0|0|0|0
44:07:0b:2f:49:8b|9|0|0|0|0|0
94:fb:29:71:45:e3|17|36|0|0|0|0
f4:f5:d8:8d:f2:58|0|1|0|0|0|0
1a:a5:c3:61:4f:b6|0|0|0|2|0|156
54:60:09:e2:ee:aa|0|3|0|0|0|0
ec:5c:68:84:b1:4b|1|15|0|0|0|0
5e:f8:cb:a8:ac:fa|0|3|0|0|0|0
48:5a:b6:22:0c:7e|2|14|0|0|0|0
b2:59:ae:e8:60:92|0|2|0|0|0|0
22:48:f8:26:26:64|0|4|0|0|0|0
58:ef:68:2a:26:ec|1|0|0|0|0|0
9a:11:0c:5c:ef:7e|0|3|0|0|0|0
74:eb:80:1d:42:94|0|1|0|0|0|0
24:77:03:d4:12:38|2|11|0|0|0|0
f0:ef:86:06:76:35|0|1|0|0|0|0
74:df:bf:45:ac:65|0|1|0|0|0|0
1c:bf:ce:e3:fb:45|0|3|0|0|0|0
1e:e5:8a:fd:4c:33|0|3|0|0|0|0
de:13:bf:fd:29:d9|1|3|0|0|0|0
5e:bd:be:28:7f:cd|0|2|0|0|0|0
