66
b4:e6:2d:f6:c8:79
68:ff:7b:c5:ca:c9|348|0|0|0|0|0
ff:ff:ff:ff:ff:ff|0|2792|0|39|0|6716
90:9a:4a:80:71:9a|1288|6|20|41|2169|5769
90:9a:4a:80:85:9e|832|1|51|482|18751|11655
01:00:5e:7f:ff:fa|0|0|0|37|0|16449
20:aa:4b:5b:e6:4b|548|0|43|0|7140|0
9e:ab:89:2d:82:91|1|11|482|14|11655|2302
33:33:00:00:00:01|0|0|0|1|0|120
84:e3:42:4b:9d:4f|8|0|0|0|0|0
c0:06:c3:8f:c7:99|2|4|5|2|174|237
48:5a:b6:22:0c:7e|0|24|0|0|0|0
44:07:0b:2f:49:8b|9|0|0|0|0|0
b4:e6:2d:f6:c8:79|0|1|0|5|0|549
f0:72:ea:ef:27:ca|5|7|0|0|0|0
28:6d:cd:09:2a:ea|0|0|19|4|3995|474
6e:23:dc:53:cd:e1|0|3|0|0|0|0
54:2a:a2:73:c6:e9|3|64|0|0|0|0
22:f5:32:cb:16:7f|1|3|0|0|0|0
24:41:8c:45:80:6c|0|1|0|0|0|0
50:e0:85:84:55:94|1|6|0|0|0|0
c0:06:c3:8f:c0:7b|4|8|10|8|1084|781
00:08:07:76:35:b7|0|1|0|0|0|0
88:46:04:50:5c:49|9|30|0|0|0|0
76:78:27:bc:20:c6|0|2|0|0|0|0
f0:ef:86:06:76:35|0|5|0|0|0|0
44:07:0b:89:e4:ab|10|0|0|0|0|0
01:00:5e:00:00:01|0|0|0|1|0|76
04:ea:56:43:69:3f|1|5|0|0|0|0
44:07:0b:60:bf:75|2|0|0|0|0|0
a4:50:46:4c:af:3b|0|0|7|1|516|128
08:9e:08:bc:6c:2b|0|3|0|0|0|0
9e:2b:69:7a:87:2f|0|3|0|0|0|0
e2:42:1d:b7:29:fe|6|16|0|0|0|0
54:3a:d6:77:88:6e|1|5|0|0|0|0
1e:aa:4b:f7:2c:ba|0|1|0|0|0|0
c0:87:eb:8e:48:ef|0|3|0|0|0|0
c6:8b:bf:ef:9a:f6|1|8|0|0|0|0
01:00:5e:00:00:fa|0|0|0|2|0|228
74:df:bf:45:ac:65|0|1|0|0|0|0
a6:43:cd:e6:c8:64|0|1|0|0|0|0
f4:f5:d8:8d:f2:58|1|3|0|0|0|0
b8:27:eb:81:9a:d6|0|1|0|0|0|0
44:07:0b:70:9e:93|3|0|0|0|0|0
84:d8:1b:29:48:82|0|0|1|0|120|0
01:00:5e:00:00:fb|0|0|0|1|0|120
54:60:09:e2:ee:aa|0|4|0|0|0|0
a0:51:0b:4d:68:13|1|0|0|0|0|0
c6:48:8c:c9:b4:28|0|1|0|0|0|0
de:df:8c:ee:df:2c|0|2|0|0|0|0
9e:e0:c7:4c:63:99|0|8|0|0|0|0
50:04:b8:f6:fc:7b|1|6|0|0|0|0
b2:f7:7b:98:b8:5b|0|2|0|0|0|0
0e:41:4d:f8:28:78|0|4|0|0|0|0
da:a1:19:86:2b:5f|0|5|0|0|0|0
76:c1:56:30:d5:3a|0|1|0|0|0|0
b6:26:20:80:2b:26|0|4|0|0|0|0
da:a1:19:01:85:98|0|3|0|0|0|0
0a:fe:2b:43:37:93|1|1|0|0|0|0
a2:24:da:c5:6b:a3|0|1|0|0|0|0
e6:fa:26:c0:05:13|0|5|0|0|0|0
5a:c9:68:24:8d:e3|0|1|0|0|0|0
4a:ea:6c:96:a3:cd|0|1|0|0|0|0
46:5c:ad:7e:13:f3|1|8|0|0|0|0
1c:bf:ce:e3:fb:45|0|5|0|0|0|0
be:8a:a2:37:be:39|1|7|0|0|0|0
1e:5f:eb:98:00:a1|0|1|0|0|0|0
