29
b4:e6:2d:f6:b6:a5
d8:b6:b7:7a:3a:61|1298|0|17|73|1944|1923
ff:ff:ff:ff:ff:ff|0|3521|0|141|0|42750
68:02:b8:1e:7f:1f|1236|0|155|0|44580|0
6a:02:98:1e:7f:1f|1234|0|0|0|0|0
26:a3:48:49:60:eb|0|7|0|0|0|0
b4:e6:2d:f6:b6:a5|0|1|0|3|0|390
f8:77:b8:53:10:e8|9|98|0|0|0|0
70:ee:50:73:4e:36|0|0|8|0|208|0
b0:95:75:4b:b9:26|0|0|0|8|0|208
0e:26:0a:2f:38:6b|0|0|13|2|312|52
e6:35:23:4e:ab:99|0|0|7|2|174|52
c8:66:5d:1f:4f:54|0|12|0|0|0|0
a4:3e:a0:a4:2a:46|0|105|0|0|0|0
bc:54:51:02:a4:f0|0|0|30|1|885|26
26:17:dc:59:74:f7|0|0|23|2|552|52
48:f0:7b:85:41:bc|25|44|0|0|0|0
2c:db:07:46:b4:19|0|7|0|0|0|0
33:33:00:00:00:01|0|0|0|3|0|584
f0:72:ea:da:42:c6|0|7|0|0|0|0
80:58:f8:93:88:29|15|0|0|0|0|0
64:b3:10:aa:e3:3c|0|8|0|0|0|0
33:33:00:01:00:03|0|0|0|4|0|468
01:00:5e:00:00:fc|0|0|0|4|0|388
01:00:5e:00:00:fb|0|0|0|3|0|651
33:33:00:00:00:fb|0|0|0|3|0|711
33:33:00:00:00:16|0|0|0|1|0|128
01:00:5e:00:00:16|0|0|0|2|0|184
16:a0:34:68:e7:66|0|7|0|0|0|0
01:00:5e:00:00:01|0|0|0|1|0|88
