31
b4:e6:2d:f6:b6:a5
d8:b6:b7:7a:3a:61|1275|0|21|119|2521|3088
ff:ff:ff:ff:ff:ff|0|3511|0|9|0|1117
68:02:b8:1e:7f:1f|1224|0|25|0|3598|0
6a:02:98:1e:7f:1f|1222|0|0|0|0|0
b4:e6:2d:f6:b6:a5|0|1|0|4|0|482
bc:54:51:02:a4:f0|0|0|20|2|704|52
26:17:dc:59:74:f7|0|0|13|2|312|52
5e:1b:a5:49:a5:f7|0|7|0|0|0|0
da:a1:19:3a:2f:5a|0|22|0|0|0|0
0e:26:0a:2f:38:6b|0|0|78|2|1872|52
01:00:5e:00:00:fb|0|0|0|6|0|1338
33:33:00:00:00:fb|0|0|0|6|0|1458
c8:66:5d:1f:4f:54|0|32|0|0|0|0
33:33:00:00:00:16|0|0|0|2|0|256
01:00:5e:00:00:16|0|0|0|2|0|184
a4:3e:a0:a4:2a:46|0|95|0|0|0|0
e6:35:23:4e:ab:99|0|0|8|2|200|52
80:58:f8:93:88:29|0|0|0|4|0|428
01:00:5e:00:00:01|0|0|0|1|0|88
00:0c:e7:4a:c2:a5|0|21|0|0|0|0
f0:72:ea:da:42:c6|0|7|0|0|0|0
70:ee:50:73:4e:36|0|0|7|0|182|0
b0:95:75:4b:b9:26|0|0|0|7|0|182
78:9f:70:2b:86:c6|2|0|0|0|0|0
b2:30:5d:ae:34:2d|0|7|0|0|0|0
9c:5d:12:d7:43:d4|0|6|0|0|0|0
64:b3:10:aa:e3:3c|0|8|0|0|0|0
d8:8c:79:90:f4:9b|0|6|0|0|0|0
33:33:00:00:00:01|0|0|0|2|0|352
33:33:00:00:00:02|0|0|0|1|0|96
33:33:ff:1e:b6:60|0|0|0|1|0|112
