35
b4:e6:2d:f6:b6:a5
68:02:b8:1e:7f:1f|1241|0|269|0|55193|0
ff:ff:ff:ff:ff:ff|0|3482|0|273|0|55046
d8:b6:b7:7a:3a:61|1331|0|39|81|4738|5320
6a:02:98:1e:7f:1f|1240|0|0|0|0|0
01:00:5e:00:00:fb|0|0|0|8|0|1595
33:33:00:00:00:fb|0|0|0|5|0|1224
96:c6:ac:90:59:09|0|3|0|0|0|0
b4:e6:2d:f6:b6:a5|0|1|0|4|0|482
bc:54:51:02:a4:f0|0|0|34|1|4184|26
70:ee:50:73:4e:36|0|0|84|0|2180|0
b0:95:75:4b:b9:26|0|0|0|84|0|2180
a4:3e:a0:a4:2a:46|0|90|0|0|0|0
22:d8:5f:6f:db:a6|0|7|0|0|0|0
26:17:dc:59:74:f7|0|0|26|2|624|52
e6:35:23:4e:ab:99|0|0|8|2|200|52
9e:b5:43:b5:92:c5|0|7|0|0|0|0
80:30:49:55:d3:2f|0|17|0|0|0|0
e6:54:f3:38:3e:06|0|3|0|0|0|0
c8:66:5d:1f:4f:54|0|24|0|0|0|0
54:2a:a2:48:a3:f0|0|98|0|0|0|0
0e:26:0a:2f:38:6b|0|0|13|2|312|52
e8:df:70:a6:5d:05|0|14|0|0|0|0
f0:72:ea:da:42:c6|0|7|0|0|0|0
f0:5c:77:1a:f1:64|0|7|0|0|0|0
d2:c3:12:66:c4:0d|0|7|0|0|0|0
01:00:5e:00:00:16|0|0|0|5|0|468
64:b3:10:aa:e3:3c|0|7|0|0|0|0
84:16:f9:07:68:71|0|14|0|0|0|0
da:a1:19:92:3c:ef|0|7|0|0|0|0
f2:f5:4e:30:7f:fd|0|4|0|0|0|0
33:33:00:00:00:01|0|0|0|3|0|584
01:80:c2:00:00:0e|0|0|0|1|0|94
33:33:00:00:00:16|0|0|0|2|0|256
2c:db:07:46:b4:19|0|7|0|0|0|0
26:9a:a5:88:1e:a7|1|7|0|0|0|0
