36
b4:e6:2d:f6:b6:a5
d8:b6:b7:7a:3a:61|1439|0|12|67|1091|1838
ff:ff:ff:ff:ff:ff|0|3514|0|159|0|44926
68:02:b8:1e:7f:1f|1270|0|170|0|46735|0
6a:02:98:1e:7f:1f|1268|0|0|0|0|0
b4:e6:2d:f6:b6:a5|0|2|0|3|0|390
bc:54:51:02:a4:f0|0|0|27|3|870|262
a4:3e:a0:a4:2a:46|0|148|0|0|0|0
33:33:00:00:00:01|0|0|0|4|0|816
0e:26:0a:2f:38:6b|0|0|15|2|360|52
d6:24:70:a5:25:46|0|11|0|0|0|0
d8:8c:79:90:f4:9b|0|7|0|0|0|0
70:ee:50:73:4e:36|0|0|30|0|780|0
b0:95:75:4b:b9:26|0|0|0|30|0|780
01:00:5e:00:00:01|0|0|0|1|0|88
54:2a:a2:48:a3:f0|0|145|0|0|0|0
e6:35:23:4e:ab:99|0|0|8|2|200|52
26:17:dc:59:74:f7|0|0|17|2|408|52
84:16:f9:07:68:71|0|7|0|0|0|0
76:41:ab:65:e4:80|0|7|0|0|0|0
da:a1:19:07:a7:4a|0|7|0|0|0|0
7e:5b:c6:dd:4d:c2|0|4|0|0|0|0
22:1d:df:5a:99:ea|0|10|0|0|0|0
26:0f:73:4a:88:97|0|7|0|0|0|0
