37
b4:e6:2d:f6:c8:79
90:9a:4a:80:85:9e|1157|0|5|3|944|72
ff:ff:ff:ff:ff:ff|0|2884|0|18|0|3248
28:6d:cd:09:2a:ea|0|0|34|5|7814|580
90:9a:4a:80:71:9a|1217|6|34|61|3903|10222
20:aa:4b:5b:e6:4b|555|0|20|0|3482|0
68:ff:7b:c5:ca:c9|69|0|0|0|0|0
e4:5f:01:5c:9d:89|0|1|0|0|0|0
b4:e6:2d:f6:c8:79|0|2|0|4|0|482
c0:06:c3:8f:c0:7b|6|12|14|21|1683|2392
f0:f6:c1:d5:cb:42|0|3|0|0|0|0
7c:2e:bd:f4:94:ee|7|0|0|0|0|0
80:91:33:25:67:05|1|59|0|0|0|0
14:f6:d8:d5:30:90|0|3|0|0|0|0
a4:50:46:4c:af:3b|0|0|8|1|416|106
c0:06:c3:8f:c7:99|0|0|5|3|309|343
f0:ef:86:06:76:35|0|5|0|0|0|0
00:08:10:80:dc:7a|0|1|0|0|0|0
50:e0:85:84:55:94|5|12|0|0|0|0
20:1f:3b:3a:bb:3d|3|0|0|0|0|0
00:08:07:76:35:b7|0|2|0|0|0|0
01:00:5e:00:00:01|0|0|0|1|0|84
44:07:0b:2f:49:8b|5|0|0|0|0|0
9e:ab:89:2d:82:91|0|9|3|4|72|860
54:60:09:e2:ee:aa|0|2|0|0|0|0
44:07:0b:70:9e:93|4|0|0|0|0|0
da:a1:19:50:50:50|1|5|0|0|0|0
c0:87:eb:8e:48:ef|0|4|0|0|0|0
a6:23:9c:e5:b4:cb|1|0|0|0|0|0
10:fe:ed:dd:08:06|2|0|0|0|0|0
a2:de:0e:f5:3b:d7|0|1|0|0|0|0
22:1a:ac:4b:64:60|1|7|0|0|0|0
da:ff:82:da:63:d2|1|5|0|0|0|0
44:46:87:a9:e4:4b|0|4|0|0|0|0
33:33:00:00:00:01|0|0|0|1|0|120
01:00:5e:00:00:fa|0|0|0|1|0|114
f4:f5:d8:8d:f2:58|0|6|0|0|0|0
08:9e:08:bc:6c:2b|0|2|0|0|0|0
