27
b4:e6:2d:f6:b6:a5
68:02:b8:1e:7f:1f|1337|0|291|0|57167|0
ff:ff:ff:ff:ff:ff|0|2361|0|283|0|55661
6a:02:98:1e:7f:1f|1337|0|0|0|0|0
b4:e6:2d:f6:b6:a5|0|1|0|3|0|390
44:fe:3b:06:5c:71|9|0|0|0|0|0
f0:5c:77:1a:f1:64|0|1|0|0|0|0
01:00:5e:00:00:fb|0|0|0|1|0|256
33:33:00:00:00:fb|0|0|0|1|0|276
a4:3e:a0:a4:2a:46|0|92|0|0|0|0
10:1c:0c:1a:10:10|3|24|0|0|0|0
d0:c6:37:81:ea:b1|0|44|0|0|0|0
70:ee:50:73:4e:36|0|0|101|0|2626|0
b0:95:75:4b:b9:26|0|0|0|101|0|2626
38:8b:59:2f:be:b9|0|6|0|0|0|0
33:33:00:00:00:01|0|0|0|3|0|584
8e:ce:84:5f:9c:42|0|30|0|0|0|0
f8:77:b8:53:10:e8|0|59|0|0|0|0
ba:ac:48:c7:e8:44|1|0|0|0|0|0
54:cd:10:55:ae:96|0|9|0|0|0|0
5c:f8:21:84:a4:31|0|6|0|0|0|0
9c:5d:12:d7:43:d4|0|6|0|0|0|0
02:00:00:00:00:00|12|24|0|0|0|0
64:b3:10:aa:e3:3c|0|1|0|0|0|0
