63
b4:e6:2d:f6:c8:79
68:ff:7b:c5:ca:c9|580|0|0|0|0|0
ff:ff:ff:ff:ff:ff|0|3576|0|48|0|8676
90:9a:4a:80:71:9a|1282|5|11|47|1122|2864
90:9a:4a:80:85:9e|1135|1|1326|77|1039203|1848
20:aa:4b:5b:e6:4b|724|0|52|0|9100|0
a4:50:46:4c:af:3b|0|0|26|1|1066|78
b4:e6:2d:f6:c8:79|0|4|0|6|0|732
74:eb:80:1d:42:94|3|6|0|0|0|0
48:5a:b6:22:0c:7e|0|33|0|0|0|0
9a:d5:f2:19:65:87|0|8|0|0|0|0
9e:ab:89:2d:82:91|1|12|77|1287|1848|1020644
ea:bb:f8:c2:af:a9|0|1|0|0|0|0
c0:06:c3:8f:c7:99|0|0|8|2|636|156
1e:e8:29:e4:16:89|1|0|0|0|0|0
f4:f2:6d:90:44:3c|6|0|0|0|0|0
28:6d:cd:09:2a:ea|1|3|3|0|78|0
da:a1:19:b5:5f:a0|0|2|0|0|0|0
b8:27:eb:3b:22:38|0|3|0|0|0|0
c0:06:c3:8f:c0:7b|4|8|10|2|1084|156
e4:5f:01:5c:9d:89|0|3|0|0|0|0
24:77:03:d4:12:38|1|6|0|0|0|0
6e:76:4a:36:01:f3|1|0|0|0|0|0
cc:f4:11:a1:a0:2c|2|0|0|0|0|0
a2:e2:d8:a1:55:88|0|1|0|0|0|0
0e:3c:a4:e6:bb:4c|0|2|0|0|0|0
be:53:f9:25:68:e2|1|0|0|0|0|0
22:48:f8:26:26:64|4|12|0|0|0|0
01:00:5e:7f:ff:fa|0|0|0|39|0|18559
da:a1:19:f6:f6:f6|0|3|0|0|0|0
ce:21:82:58:8e:68|0|1|0|0|0|0
f0:ef:86:06:76:35|0|1|0|0|0|0
c0:87:eb:8e:48:ef|0|16|0|0|0|0
f4:f5:d8:8d:f2:58|3|5|0|0|0|0
44:07:0b:70:9e:93|6|0|0|0|0|0
ce:e0:14:c9:12:f7|0|1|0|0|0|0
82:98:df:76:cb:81|0|2|0|0|0|0
44:07:0b:2f:49:8b|14|0|0|0|0|0
52:ef:47:15:36:dd|1|0|0|0|0|0
4e:dc:67:ef:44:2c|1|4|0|0|0|0
01:00:5e:00:00:fa|0|0|0|2|0|228
b8:27:eb:81:9a:d6|0|1|0|0|0|0
ac:d6:18:05:2a:70|4|25|0|0|0|0
ba:f7:44:12:e2:87|1|0|0|0|0|0
12:e8:29:e4:16:89|0|0|1|0|107|0
01:00:5e:00:00:fb|0|0|0|1|0|107
9e:1c:98:34:7b:4f|0|2|0|0|0|0
1c:bf:ce:e3:fb:45|0|6|0|0|0|0
a4:77:33:63:f5:7e|0|2|0|0|0|0
3c:8d:20:4f:d8:e9|2|0|0|0|0|0
74:df:bf:45:ac:65|0|2|0|0|0|0
a2:0d:0e:58:01:a5|1|3|0|0|0|0
36:bf:74:10:74:ac|0|4|0|0|0|0
44:07:0b:6c:b6:e3|1|0|0|0|0|0
33:33:00:00:00:01|0|0|0|1|0|120
20:df:b9:8e:c2:c7|1|0|0|0|0|0
b6:96:ef:ee:48:98|0|1|0|0|0|0
da:a1:19:87:44:df|1|6|0|0|0|0
20:df:b9:ac:28:3b|2|0|0|0|0|0
34:2e:b7:95:ee:df|0|1|0|0|0|0
54:60:09:e2:ee:aa|0|7|0|0|0|0
01:00:5e:00:00:01|0|0|0|1|0|76
26:2a:69:ac:11:d3|1|3|0|0|0|0
f2:c9:69:e8:31:f1|0|3|0|0|0|0
