17
b4:e6:2d:f6:b6:a5
68:02:b8:1e:7f:1f|1260|0|32|8|4918|356
ff:ff:ff:ff:ff:ff|0|2306|0|8|0|608
6a:02:98:1e:7f:1f|1225|0|0|0|0|0
b4:e6:2d:f6:b6:a5|0|1|0|3|0|390
a4:3e:a0:a4:2a:46|0|108|0|0|0|0
c8:66:5d:1f:4f:54|0|18|0|0|0|0
10:1c:0c:1a:10:10|2|36|0|0|0|0
26:94:9b:c4:cd:39|0|0|8|0|356|0
01:00:5e:00:00:fb|0|0|0|6|0|1290
33:33:00:00:00:fb|0|0|0|6|0|1410
01:00:5e:00:00:16|0|0|0|2|0|180
d8:8c:79:90:f4:9b|0|6|0|0|0|0
33:33:00:00:00:01|0|0|0|3|0|584
33:33:00:00:00:02|0|0|0|1|0|96
33:33:ff:1e:b6:60|0|0|0|1|0|112
33:33:00:00:00:16|0|0|0|2|0|248
de:7d:1a:fb:8d:2c|0|12|0|0|0|0
