42
b4:e6:2d:f6:c8:79
20:aa:4b:5b:e6:4b|331|0|22|0|3520|0
ff:ff:ff:ff:ff:ff|0|2278|0|24|0|3772
90:9a:4a:80:71:9a|1272|11|81|126|24978|12254
90:9a:4a:80:85:9e|710|11|107|743|34865|36709
01:00:5e:00:00:fb|0|0|0|8|0|996
9e:ab:89:2d:82:91|5|23|743|40|36709|10469
68:ff:7b:c5:ca:c9|120|0|0|0|0|0
a4:50:46:4c:af:3b|3|1|83|65|5110|23224
28:6d:cd:09:2a:ea|0|0|25|4|5404|474
01:00:5e:7f:ff:fa|0|0|0|51|0|22588
b4:e6:2d:f6:c8:79|0|3|0|3|0|376
04:6c:59:1b:72:04|6|16|0|2|0|156
c0:06:c3:8f:c0:7b|4|9|11|6|1128|589
44:07:0b:70:9e:93|4|0|0|0|0|0
54:2a:a2:73:c6:e9|4|27|0|0|0|0
ec:5c:68:84:b1:4b|2|18|0|0|0|0
c0:06:c3:8f:c7:99|4|8|7|3|612|315
16:ec:a4:d7:34:06|0|1|0|0|0|0
8a:12:0b:18:aa:41|0|2|0|0|0|0
96:ce:93:a0:89:86|0|1|0|0|0|0
f4:f5:d8:8d:f2:58|0|6|0|0|0|0
24:77:03:d4:12:38|1|7|0|0|0|0
