42
b4:e6:2d:f6:c8:79
90:9a:4a:80:85:9e|1173|0|6|3|474|72
ff:ff:ff:ff:ff:ff|0|3447|0|49|0|5882
68:ff:7b:c5:ca:c9|605|0|0|0|0|0
90:9a:4a:80:71:9a|1265|9|13|95|1267|15366
20:aa:4b:5b:e6:4b|524|0|339|0|60431|0
e6:1d:78:73:e4:e3|0|0|0|288|0|54291
b4:e6:2d:f6:c8:79|0|2|0|3|0|376
28:6d:cd:09:2a:ea|0|0|30|2|6917|156
a4:50:46:4c:af:3b|2|16|47|3|6798|333
f0:f6:c1:d5:cb:42|0|9|0|0|0|0
44:07:0b:2f:49:8b|6|0|0|0|0|0
ec:5c:68:84:b1:4b|2|35|0|0|0|0
c0:06:c3:8f:c0:7b|4|8|10|3|949|246
50:2f:9b:d0:90:3a|1|0|0|0|0|0
01:00:5e:00:00:fa|0|0|0|1|0|114
c0:06:c3:8f:c7:99|4|10|8|2|702|156
bc:54:2f:5e:b7:f3|0|6|0|0|0|0
38:00:25:e8:2f:88|1|0|0|0|0|0
a2:e0:6c:67:3c:21|1|9|0|0|0|0
01:00:5e:00:00:01|0|0|0|1|0|84
33:33:00:00:00:16|0|0|0|1|0|144
9e:ab:89:2d:82:91|0|0|3|5|72|390
b8:27:eb:81:9a:d6|2|0|0|0|0|0
24:77:03:d4:12:38|1|13|0|0|0|0
90:32:4b:50:47:21|0|8|0|0|0|0
34:c0:59:00:a0:8f|2|0|0|0|0|0
94:e2:3c:2c:75:7c|0|1|0|0|0|0
44:07:0b:70:9e:93|3|1|0|0|0|0
f0:ef:86:06:76:35|0|1|0|0|0|0
d6:68:81:85:17:18|0|7|0|0|0|0
20:df:b9:ac:28:3b|2|0|0|0|0|0
a4:02:b9:9a:55:06|1|0|0|0|0|0
f4:f5:d8:8d:f2:58|6|3|0|0|0|0
86:9e:07:14:60:b2|1|6|0|0|0|0
c2:07:92:a5:d2:5f|3|0|0|0|0|0
84:d8:1b:29:48:82|1|0|0|0|0|0
86:b1:d7:f3:5d:c2|0|2|0|0|0|0
30:e3:7a:02:33:61|0|1|0|0|0|0
54:60:09:e2:ee:aa|0|5|0|0|0|0
00:08:07:76:35:b7|0|2|0|0|0|0
a0:2c:36:28:1e:19|0|3|0|0|0|0
7a:04:54:e9:fa:68|0|6|0|0|0|0
