38
b4:e6:2d:f6:c8:79
90:9a:4a:80:71:9a|1327|6|61|63|7248|9230
ff:ff:ff:ff:ff:ff|0|2421|0|28|0|4998
20:aa:4b:5b:e6:4b|511|0|29|0|5112|0
28:6d:cd:09:2a:ea|0|0|29|16|6576|1986
68:ff:7b:c5:ca:c9|57|0|0|0|0|0
90:9a:4a:80:85:9e|720|0|148|40|108511|960
b4:e6:2d:f6:c8:79|0|2|0|14|0|1731
54:2a:a2:73:c6:e9|20|74|0|0|0|0
9e:ab:89:2d:82:91|0|39|40|147|960|108427
00:08:07:76:35:b7|0|1|0|0|0|0
a4:50:46:4c:af:3b|0|0|15|7|598|834
50:e0:85:84:55:94|5|13|0|0|0|0
88:46:04:50:5c:49|0|17|0|0|0|0
8e:0d:7f:0b:00:01|0|2|0|0|0|0
20:1f:3b:3a:bb:3d|5|0|0|0|0|0
01:00:5e:00:00:01|0|0|0|1|0|84
d8:47:32:54:de:63|0|1|0|0|0|0
48:5a:b6:22:0c:7e|0|23|0|0|0|0
44:07:0b:2f:49:8b|11|0|0|0|0|0
f0:ef:86:06:76:35|0|2|0|0|0|0
c0:06:c3:8f:c7:99|0|0|6|8|399|993
ac:67:84:5b:07:e3|1|0|0|0|0|0
