44
b4:e6:2d:f6:b6:a5
68:02:b8:1e:7f:1f|1307|0|387|14|92123|608
ff:ff:ff:ff:ff:ff|0|3239|0|335|0|61379
6a:02:98:1e:7f:1f|1308|0|0|0|0|0
d8:b6:b7:7a:3a:61|1053|0|33|39|2939|1058
8a:df:f1:75:9c:1f|2|14|0|0|0|0
b4:e6:2d:f6:b6:a5|0|1|0|3|0|390
42:10:da:bb:09:85|0|1|0|0|0|0
d8:8c:79:90:f4:9b|0|5|0|0|0|0
a4:3e:a0:a4:2a:46|0|103|0|0|0|0
01:00:5e:7f:ff:fa|0|0|0|63|0|31568
cc:c0:79:83:fc:1e|0|45|0|0|0|0
e6:35:23:4e:ab:99|0|0|9|2|224|52
cc:88:26:36:b9:a7|14|4|0|0|0|0
54:2a:a2:48:a3:f0|0|81|0|0|0|0
1e:da:70:5b:59:dd|0|2|0|0|0|0
26:17:dc:59:74:f7|0|0|17|2|408|52
26:6f:1d:c2:e2:46|0|5|0|0|0|0
bc:54:51:02:a4:f0|0|0|12|2|402|52
ba:9f:31:f7:09:ae|0|18|0|0|0|0
12:09:c5:3a:b2:6f|0|20|0|0|0|0
0e:26:0a:2f:38:6b|0|0|1|2|24|52
f0:72:ea:da:42:c6|0|3|0|0|0|0
64:b3:10:aa:e3:3c|0|12|0|0|0|0
82:e7:e6:94:b8:42|0|13|0|0|0|0
f0:5c:77:1a:f1:64|0|4|0|0|0|0
4e:9b:05:55:9f:ce|0|0|14|5|608|637
0c:54:15:5d:f1:f6|0|10|0|0|0|0
a4:97:33:5c:97:51|0|7|0|0|0|0
72:9c:24:7a:da:f4|0|5|0|0|0|0
9e:b6:a1:aa:d4:c3|2|6|0|0|0|0
70:2e:22:8d:72:74|2|0|0|0|0|0
01:00:5e:00:00:01|0|0|0|1|0|88
3a:58:e8:77:dc:9c|0|3|0|0|0|0
c8:66:5d:1f:4f:54|0|6|0|0|0|0
96:62:2f:1d:4c:cb|0|6|0|0|0|0
33:33:00:00:00:01|0|0|0|3|0|584
33:33:00:00:00:02|0|0|0|1|0|96
33:33:ff:1e:b6:60|0|0|0|1|0|112
8e:ce:84:5f:9c:42|2|24|0|0|0|0
c6:5e:46:91:01:8b|0|12|0|0|0|0
d6:2c:4e:5d:ef:de|0|7|0|0|0|0
fe:9f:71:85:b6:4d|1|14|0|0|0|0
fa:09:63:39:c6:dd|0|7|0|0|0|0
8e:0e:08:ed:25:a1|0|14|0|0|0|0
