38
b4:e6:2d:f6:b6:a5
68:02:b8:1e:7f:1f|1287|0|446|15|97716|384
ff:ff:ff:ff:ff:ff|0|4612|0|357|0|63960
6a:02:98:1e:7f:1f|1268|0|0|0|0|0
d8:b6:b7:7a:3a:61|1413|1|13|81|1680|2971
70:2c:1f:8a:7c:d7|1167|0|0|0|0|0
34:7e:5c:38:ae:a0|0|81|0|0|0|0
70:2e:22:8d:72:74|78|0|2|0|644|0
4c:fc:aa:04:03:83|1|21|0|0|0|0
e6:35:23:4e:ab:99|0|0|8|2|200|52
bc:54:51:02:a4:f0|0|0|28|4|1691|472
54:2a:a2:48:a3:f0|0|116|0|0|0|0
80:1f:02:b4:07:ae|0|0|12|0|312|0
01:00:5e:7f:ff:fa|0|0|0|81|0|32905
a4:3e:a0:a4:2a:46|0|144|0|0|0|0
5c:f8:21:84:a4:31|0|7|0|0|0|0
ee:d6:54:e8:41:12|0|1|0|0|0|0
64:b3:10:aa:e3:3c|0|8|0|0|0|0
26:17:dc:59:74:f7|0|0|13|2|312|52
ea:4d:78:e8:f7:33|0|5|0|0|0|0
86:c5:95:5a:45:cb|0|1|0|0|0|0
b4:e6:2d:f6:b6:a5|0|1|0|4|0|482
f8:77:b8:53:10:e8|12|163|0|0|0|0
22:1b:24:93:89:93|0|7|0|0|0|0
33:33:00:00:00:01|0|0|0|3|0|584
33:33:00:00:00:02|0|0|0|1|0|96
33:33:ff:1e:b6:60|0|0|0|1|0|112
01:00:5e:00:00:fb|0|0|0|3|0|685
01:00:5e:00:00:01|0|0|0|1|0|88
2c:0e:3d:ac:4c:05|0|0|3|0|72|0
d8:8c:79:90:f4:9b|0|3|0|0|0|0
e8:6f:38:c6:a9:99|0|1|0|0|0|0
c8:66:5d:1f:4f:54|0|6|0|0|0|0
0e:26:0a:2f:38:6b|1|2|32|0|768|0
ec:2e:98:f0:f5:27|0|33|0|0|0|0
4e:dc:11:eb:77:ac|0|7|0|0|0|0
e8:df:70:a6:5d:05|0|6|0|0|0|0
dc:71:44:1a:f0:3c|0|1|0|0|0|0
33:33:00:00:00:fb|0|0|0|2|0|552
