31
b4:e6:2d:f6:b6:a5
d8:b6:b7:7a:3a:61|1332|0|33|173|4776|4435
ff:ff:ff:ff:ff:ff|0|3506|0|143|0|42597
68:02:b8:1e:7f:1f|1294|0|175|0|47553|0
6a:02:98:1e:7f:1f|1292|0|0|0|0|0
bc:54:51:02:a4:f0|0|0|25|6|879|676
b4:e6:2d:f6:b6:a5|0|2|0|3|0|390
33:33:00:00:00:16|0|0|0|7|0|876
01:00:5e:00:00:16|0|0|0|7|0|654
01:00:5e:7f:ff:fa|0|0|0|10|0|2294
01:00:5e:00:00:fb|0|0|0|10|0|1788
33:33:00:00:00:fb|0|0|0|10|0|1988
33:33:00:01:00:03|0|0|0|1|0|129
01:00:5e:00:00:fc|0|0|0|1|0|109
26:17:dc:59:74:f7|0|0|16|2|384|52
f8:77:b8:53:10:e8|5|153|0|0|0|0
c8:66:5d:1f:4f:54|0|24|0|0|0|0
a4:3e:a0:a4:2a:46|0|129|0|0|0|0
e6:35:23:4e:ab:99|0|0|14|2|340|52
0e:26:0a:2f:38:6b|0|0|118|2|2832|52
7a:ef:e9:0b:8e:5e|0|2|0|0|0|0
80:be:05:5f:13:d9|0|7|0|0|0|0
70:ee:50:73:4e:36|0|0|9|0|234|0
b0:95:75:4b:b9:26|0|0|0|9|0|234
26:6f:1d:c2:e2:46|0|29|0|0|0|0
8e:ce:84:5f:9c:42|1|19|0|0|0|0
80:91:33:3d:9a:3b|0|6|0|0|0|0
33:33:00:00:00:01|0|0|0|3|0|584
d8:8c:79:90:f4:9b|0|7|0|0|0|0
01:00:5e:00:00:01|0|0|0|1|0|88
70:bc:10:16:23:53|0|13|0|0|0|0
88:9f:6f:ab:69:ae|0|27|0|0|0|0
