48
b4:e6:2d:f6:b6:a5
d8:b6:b7:7a:3a:61|913|0|23|39|4650|1166
ff:ff:ff:ff:ff:ff|0|3024|0|259|0|53746
68:02:b8:1e:7f:1f|1237|0|292|0|58796|0
6a:02:98:1e:7f:1f|1237|0|0|0|0|0
b4:e6:2d:f6:b6:a5|0|1|0|3|0|390
bc:54:51:02:a4:f0|0|0|21|2|726|52
66:3d:5f:59:34:f2|0|15|0|0|0|0
f2:f6:67:45:ff:16|0|7|0|0|0|0
aa:16:16:8d:ee:09|0|9|0|0|0|0
33:33:00:00:00:16|0|0|0|5|0|620
01:00:5e:00:00:16|0|0|0|6|0|562
01:00:5e:7f:ff:fa|0|0|0|8|0|1786
01:00:5e:00:00:fb|0|0|0|9|0|2198
33:33:00:00:00:fb|0|0|0|11|0|3020
33:33:00:01:00:03|0|0|0|1|0|129
a4:3e:a0:a4:2a:46|0|171|0|0|0|0
01:00:5e:00:00:fc|0|0|0|1|0|109
02:2f:76:63:3e:64|0|1|0|0|0|0
e6:35:23:4e:ab:99|0|0|8|2|200|52
da:6c:b5:a3:35:f0|0|2|0|0|0|0
1a:18:e5:fc:36:33|0|6|0|0|0|0
0e:26:0a:2f:38:6b|0|0|0|2|0|52
26:17:dc:59:74:f7|0|0|10|2|240|52
