35
b4:e6:2d:f6:b6:a5
68:02:b8:1e:7f:1f|1294|0|181|5|18784|130
ff:ff:ff:ff:ff:ff|0|3523|0|155|0|14344
6a:02:98:1e:7f:1f|1290|0|0|0|0|0
d8:b6:b7:7a:3a:61|1274|0|20|77|2313|6956
b4:e6:2d:f6:b6:a5|0|2|0|3|0|390
64:b3:10:aa:e3:3c|1|30|0|0|0|0
26:17:dc:59:74:f7|0|0|27|2|648|52
01:00:5e:00:00:fb|0|0|0|13|0|2315
33:33:00:00:00:fb|0|0|0|6|0|1416
a4:3e:a0:a4:2a:46|0|108|0|0|0|0
66:71:d5:70:5c:65|1|7|0|0|0|0
bc:54:51:02:a4:f0|0|0|33|2|5892|52
70:ee:50:73:4e:36|0|0|37|0|960|0
b0:95:75:4b:b9:26|0|0|0|37|0|960
0e:26:0a:2f:38:6b|0|0|9|2|216|52
e6:35:23:4e:ab:99|0|0|8|2|200|52
0e:3e:93:96:12:d0|2|30|0|0|0|0
80:58:f8:93:88:29|0|0|5|0|130|0
4e:23:f1:d1:f3:6e|1|13|0|0|0|0
26:94:9b:c4:cd:39|3|14|0|0|0|0
26:6f:1d:c2:e2:46|0|11|0|0|0|0
be:91:f6:ca:b4:ea|2|25|0|0|0|0
5e:f8:3f:da:c1:c1|2|26|0|0|0|0
33:33:00:00:00:01|0|0|0|3|0|584
33:33:00:00:00:02|0|0|0|1|0|96
33:33:ff:1e:b6:60|0|0|0|1|0|112
01:00:5e:00:00:01|0|0|0|1|0|88
9e:47:c5:86:cf:d3|1|25|0|0|0|0
c8:66:5d:1f:4f:54|0|12|0|0|0|0
5a:94:ee:f6:79:6a|0|7|0|0|0|0
7a:21:56:73:9f:0e|2|24|0|0|0|0
00:1c:bf:52:98:29|0|9|0|0|0|0
01:00:5e:7f:ff:fa|0|0|0|4|0|1000
01:00:5e:00:00:16|0|0|0|6|0|544
9e:51:88:e4:e6:04|0|7|0|0|0|0
