38
b4:e6:2d:f6:c8:79
90:9a:4a:80:71:9a|1356|20|1409|1120|1276430|200517
ff:ff:ff:ff:ff:ff|0|3898|0|62|0|11744
90:9a:4a:80:85:9e|1178|1|4|12|318|288
68:ff:7b:c5:ca:c9|698|0|0|0|0|0
20:aa:4b:5b:e6:4b|876|0|64|0|11843|0
b4:e6:2d:f6:c8:79|0|4|0|6|0|726
a4:50:46:4c:af:3b|39|134|1071|1366|192279|1271685
94:ee:9f:9f:fe:89|0|3|0|0|0|0
28:6d:cd:09:2a:ea|0|0|29|10|6404|1347
33:33:00:00:00:01|0|0|0|1|0|120
c0:06:c3:8f:c0:7b|4|8|11|21|1108|1880
c0:06:c3:8f:c7:99|0|0|9|6|726|792
44:07:0b:2f:49:8b|11|0|0|0|0|0
01:00:5e:00:00:01|0|0|0|2|0|160
00:08:07:76:35:b7|0|3|0|0|0|0
f0:ef:86:06:76:35|0|9|0|0|0|0
44:07:0b:70:9e:93|8|0|0|0|0|0
f4:f2:6d:90:44:3c|12|0|2|0|325|0
ac:d1:b8:8d:4b:a1|0|3|0|0|0|0
9e:ab:89:2d:82:91|1|1|12|3|288|234
3e:0c:18:5b:ea:ad|0|1|0|0|0|0
e4:5f:01:5c:9d:89|0|8|0|0|0|0
1c:bf:ce:e3:fb:45|0|3|0|0|0|0
3c:8d:20:4f:d8:e9|2|0|0|0|0|0
5a:a4:08:30:11:5e|0|2|0|0|0|0
da:91:e0:6e:60:34|0|3|0|0|0|0
01:00:5e:00:00:fa|0|0|0|2|0|228
20:1f:3b:3a:bb:3d|3|0|0|0|0|0
22:48:f8:26:26:64|6|29|0|0|0|0
da:a1:19:4e:a2:c7|5|38|0|0|0|0
f4:f5:d8:8d:f2:58|0|10|0|0|0|0
86:ce:4e:0f:2c:45|0|2|0|0|0|0
8e:59:59:02:73:20|0|7|0|0|0|0
da:a1:19:46:46:46|3|10|0|0|0|0
f2:7f:81:3d:73:67|0|1|0|0|0|0
06:e9:4c:bd:59:28|0|2|0|0|0|0
d6:ba:61:92:e3:c2|0|1|0|0|0|0
76:de:2f:72:f4:8b|0|1|0|0|0|0
