31
b4:e6:2d:f6:c8:79
90:9a:4a:80:85:9e|914|0|44|0|19736|0
ff:ff:ff:ff:ff:ff|0|3186|0|21|0|2271
90:9a:4a:80:71:9a|1230|10|66|96|9538|11322
c0:06:c3:8f:c7:99|6|11|9|5|780|552
68:ff:7b:c5:ca:c9|455|0|7|0|1585|0
b4:e6:2d:f6:c8:79|0|2|0|4|0|471
20:aa:4b:5b:e6:4b|736|0|23|0|2461|0
a4:50:46:4c:af:3b|0|0|48|44|3054|7000
9e:ab:89:2d:82:91|0|66|0|8|0|999
54:60:09:e2:ee:aa|0|6|0|0|0|0
01:00:5e:00:00:01|0|0|0|2|0|160
01:00:5e:00:00:fa|0|0|0|1|0|114
28:6d:cd:09:2a:ea|0|0|29|4|6404|474
44:07:0b:2f:49:8b|10|0|0|0|0|0
44:07:0b:6c:b6:e3|2|0|0|0|0|0
e4:5f:01:5c:9d:89|0|4|0|0|0|0
01:00:5e:7f:ff:fa|0|0|0|35|0|18653
08:9e:08:bc:6c:2b|0|4|0|0|0|0
a0:c9:a0:c1:eb:b8|0|6|0|0|0|0
c6:2c:0f:10:b0:6f|1|4|0|0|0|0
c0:06:c3:8f:c0:7b|4|8|10|9|1084|1041
b8:27:eb:81:9a:d6|0|4|0|0|0|0
94:e2:3c:2c:75:7c|0|1|0|0|0|0
1c:bf:ce:e3:fb:45|0|15|0|0|0|0
72:95:a7:e4:be:ac|0|18|0|0|0|0
56:a5:c6:bc:12:8c|0|1|0|0|0|0
f0:ef:86:06:76:35|0|5|0|0|0|0
f4:f5:d8:8d:f2:58|3|9|0|0|0|0
1e:cf:a8:f2:3b:f4|2|6|0|0|0|0
44:07:0b:70:9e:93|3|0|0|0|0|0
01:00:5e:00:00:fb|0|0|0|7|0|1585
