32
b4:e6:2d:f6:b6:a5
68:02:b8:1e:7f:1f|1286|0|185|0|26276|0
ff:ff:ff:ff:ff:ff|0|2358|0|127|0|12204
6a:02:98:1e:7f:1f|1276|0|0|0|0|0
b4:e6:2d:f6:b6:a5|0|1|0|3|0|390
70:bc:10:16:23:53|0|6|0|0|0|0
1a:87:40:cd:4c:fb|0|18|0|0|0|0
a4:3e:a0:a4:2a:46|0|72|0|0|0|0
04:4e:af:fb:fd:77|2|0|0|0|0|0
12:a0:6c:8e:b3:c8|2|0|0|0|0|0
f0:5c:77:1a:f1:64|0|6|0|0|0|0
c8:66:5d:1f:4f:54|0|12|0|0|0|0
70:ee:50:73:4e:36|0|0|4|0|104|0
44:fe:3b:a8:69:27|0|0|0|4|0|104
00:0c:e7:e3:47:66|0|12|0|0|0|0
80:30:49:55:d3:2f|0|6|0|0|0|0
10:1c:0c:1a:10:10|4|33|0|0|0|0
1a:87:40:8f:8e:5d|0|24|0|0|0|0
33:33:00:00:00:01|0|0|0|3|0|584
64:b3:10:aa:e3:3c|0|6|0|0|0|0
1a:87:40:3d:ac:0c|0|12|0|0|0|0
22:ad:56:3b:57:a2|7|0|0|0|0|0
52:61:2c:b6:06:cf|0|6|0|0|0|0
33:33:ff:a5:4e:19|0|0|0|1|0|120
33:33:00:00:00:02|0|0|0|1|0|96
