27
b4:e6:2d:f6:b6:a5
d8:b6:b7:7a:3a:61|1242|0|19|46|1990|1334
ff:ff:ff:ff:ff:ff|0|3500|0|8|0|612
68:02:b8:1e:7f:1f|1217|0|26|0|3866|0
6a:02:98:1e:7f:1f|1213|0|0|0|0|0
bc:54:51:02:a4:f0|0|0|21|2|726|52
e6:35:23:4e:ab:99|0|0|8|2|200|52
0e:26:0a:2f:38:6b|0|0|7|2|168|52
a4:3e:a0:a4:2a:46|0|124|0|0|0|0
b4:e6:2d:f6:b6:a5|0|1|0|4|0|482
1e:cd:91:2d:d1:88|0|3|0|0|0|0
33:33:00:00:00:16|0|0|0|2|0|256
01:00:5e:00:00:fb|0|0|0|6|0|1338
33:33:00:00:00:fb|0|0|0|6|0|1458
01:00:5e:00:00:16|0|0|0|2|0|184
80:58:f8:93:88:29|0|0|0|4|0|464
c8:66:5d:1f:4f:54|0|6|0|0|0|0
f0:72:ea:da:42:c6|0|7|0|0|0|0
26:17:dc:59:74:f7|0|0|10|1|240|26
6e:08:b0:ad:b5:88|0|7|0|0|0|0
96:23:7b:c2:71:94|0|7|0|0|0|0
d8:8c:79:90:f4:9b|0|7|0|0|0|0
01:00:5e:00:00:01|0|0|0|1|0|88
33:33:00:00:00:01|0|0|0|3|0|584
33:33:00:00:00:02|0|0|0|1|0|96
33:33:ff:1e:b6:60|0|0|0|1|0|112
22:f5:70:e7:6e:d9|0|7|0|0|0|0
1a:87:40:80:5f:50|0|3|0|0|0|0
