42
b4:e6:2d:f6:c8:79
a4:50:46:4c:af:3b|1|1|20|10|1297|1091
90:9a:4a:80:71:9a|1201|11|39|62|4688|8124
ff:ff:ff:ff:ff:ff|0|2648|0|12|0|1852
20:aa:4b:5b:e6:4b|403|0|13|0|1966|0
90:9a:4a:80:85:9e|685|1|27|137|12983|3288
68:ff:7b:c5:ca:c9|422|0|2|0|156|0
b4:e6:2d:f6:c8:79|0|6|0|5|0|663
b0:a7:b9:89:64:1f|5|0|0|0|0|0
28:6d:cd:09:2a:ea|0|0|24|4|4970|502
c0:06:c3:8f:c0:7b|5|10|11|14|1255|1671
9e:ab:89:2d:82:91|1|3|137|2|3288|156
a0:78:17:a1:19:64|0|0|0|2|0|156
54:60:09:e2:ee:aa|0|7|0|0|0|0
01:00:5e:00:00:fa|0|0|0|1|0|114
01:00:5e:7f:ff:fa|0|0|0|24|0|12743
00:08:07:76:35:b7|0|3|0|0|0|0
44:07:0b:60:bf:75|1|0|0|0|0|0
e4:5f:01:5c:9d:89|0|1|0|0|0|0
20:df:b9:8e:c2:c7|1|0|0|0|0|0
6a:a7:b9:89:64:11|1|0|0|0|0|0
e6:09:33:6a:b6:d7|0|4|0|0|0|0
c0:06:c3:8f:c7:99|5|10|7|6|602|761
