35
b4:e6:2d:f6:c8:79
90:9a:4a:80:85:9e|973|0|0|0|0|0
ff:ff:ff:ff:ff:ff|0|2652|0|23|0|3559
90:9a:4a:80:71:9a|1316|17|2621|1767|3017228|323606
20:aa:4b:5b:e6:4b|525|0|28|0|4085|0
c0:06:c3:8f:c7:99|0|0|9|3|726|315
28:6d:cd:09:2a:ea|1|2|3|0|78|0
c0:06:c3:8f:c0:7b|5|10|11|9|1162|944
54:2a:a2:73:c6:e9|9|63|0|0|0|0
f0:ef:86:05:a3:fa|0|10|0|0|0|0
a4:50:46:4c:af:3b|14|36|1744|2604|321640|3015437
68:ff:7b:c5:ca:c9|3|0|0|0|0|0
da:a1:19:00:00:00|1|7|0|0|0|0
44:07:0b:70:9e:93|4|0|0|0|0|0
64:5d:86:d7:5d:f2|1|0|0|0|0|0
54:60:09:e2:ee:aa|0|4|0|0|0|0
01:00:5e:00:00:fb|0|0|0|2|0|222
b4:e6:2d:f6:c8:79|0|2|0|5|0|532
62:ad:8c:82:e6:4e|1|7|0|0|0|0
50:e0:85:84:55:94|4|19|0|0|0|0
b8:27:eb:81:9a:d6|0|5|0|0|0|0
01:00:5e:00:00:01|0|0|0|1|0|76
38:87:d5:8a:96:cf|0|2|0|0|0|0
44:07:0b:2f:49:8b|11|0|0|0|0|0
