55
b4:e6:2d:f6:c8:79
20:aa:4b:5b:e6:4b|532|0|35|57|5945|1586
ff:ff:ff:ff:ff:ff|0|2904|0|32|0|5307
90:9a:4a:80:71:9a|1230|5|56|102|19781|12697
90:9a:4a:80:85:9e|1290|50|79|365|16162|12505
b4:e6:2d:f6:c8:79|0|2|0|5|0|549
04:6c:59:1b:72:04|49|112|162|21|10833|5836
68:ff:7b:c5:ca:c9|76|0|0|0|0|0
c0:06:c3:8f:c7:99|0|0|7|5|531|390
da:a1:19:b4:b4:b4|1|10|0|0|0|0
3e:54:68:56:29:c5|1|2|0|0|0|0
c0:06:c3:8f:c0:7b|2|4|8|1|614|78
e6:1d:78:73:e4:e3|0|0|57|0|1586|0
38:00:25:e8:2f:88|3|16|0|0|0|0
a4:50:46:4c:af:3b|2|6|84|45|11474|18764
84:4b:f5:19:a0:99|0|2|0|0|0|0
e4:5f:01:5c:9d:89|0|2|0|0|0|0
4e:ff:46:32:35:71|0|4|0|0|0|0
28:6d:cd:09:2a:ea|1|3|3|0|78|0
3c:f0:11:c4:ac:66|1|0|0|0|0|0
9e:ab:89:2d:82:91|4|17|208|21|4992|3054
f0:ef:86:05:a3:fa|0|5|0|0|0|0
44:07:0b:2f:49:8b|9|0|0|0|0|0
54:60:09:e2:ee:aa|0|3|0|0|0|0
44:07:0b:70:9e:93|4|0|0|0|0|0
cc:50:e3:f0:6b:20|0|0|0|3|0|234
01:00:5e:00:00:fb|0|0|0|9|0|2134
f4:f5:d8:8d:f2:58|0|5|0|0|0|0
08:9e:08:bc:6c:2b|0|3|0|0|0|0
fa:e5:04:26:15:b1|1|0|0|0|0|0
ce:49:e3:78:cd:49|2|6|0|0|0|0
00:08:07:76:35:b7|0|1|0|0|0|0
aa:a0:d0:44:21:a4|0|3|0|0|0|0
f0:ef:86:06:76:35|0|2|0|0|0|0
7c:2e:bd:f4:94:ee|7|0|0|0|0|0
ea:ba:e1:79:78:d9|0|1|0|0|0|0
c6:33:a8:c2:52:c9|0|3|0|0|0|0
20:f4:78:24:ce:e8|4|17|0|0|0|0
88:29:9c:6b:fe:67|0|6|0|0|0|0
22:cf:09:5f:24:0d|1|0|0|0|0|0
5e:5a:6d:f9:e1:ce|0|3|0|0|0|0
f2:64:82:1b:3f:5a|0|1|0|0|0|0
76:20:1b:43:a3:9c|0|1|0|0|0|0
2e:0c:a5:b9:b7:a2|0|3|0|0|0|0
f2:15:b3:53:5e:cb|0|5|0|0|0|0
be:5e:a3:59:52:28|0|0|3|0|72|0
2c:fd:a1:0b:1d:b8|0|0|0|3|0|72
33:33:00:00:00:01|0|0|0|1|0|120
