21
b4:e6:2d:f6:b6:a5
68:02:b8:1e:7f:1f|1266|7|122|1|25141|155
ff:ff:ff:ff:ff:ff|0|2352|0|6|0|756
6a:02:98:1e:7f:1f|1244|0|0|0|0|0
b4:e6:2d:f6:b6:a5|0|1|0|3|0|390
a4:3e:a0:a4:2a:46|0|72|0|0|0|0
70:ee:50:73:4e:36|0|0|55|0|1424|0
b0:95:75:4b:b9:26|0|0|0|55|0|1424
10:1c:0c:1a:10:10|14|57|1|45|155|8001
01:00:5e:00:00:fb|0|0|0|28|0|6839
33:33:00:00:00:fb|0|0|0|26|0|7199
33:33:00:00:00:16|0|0|0|4|0|616
01:00:5e:00:00:02|0|0|0|2|0|160
33:33:00:00:00:02|0|0|0|1|0|104
33:33:ff:47:43:51|0|0|0|1|0|120
33:33:ff:de:ab:48|0|0|0|2|0|240
33:33:00:01:00:02|0|0|0|1|0|132
64:b3:10:aa:e3:3c|1|18|0|0|0|0
c8:66:5d:1f:4f:54|0|6|0|0|0|0
58:b1:0f:56:36:08|0|6|0|0|0|0
6a:f6:52:46:aa:02|0|6|0|0|0|0
33:33:00:00:00:01|0|0|0|3|0|584
