31
b4:e6:2d:f6:c8:79
90:9a:4a:80:71:9a|1220|4|42|73|4919|10787
ff:ff:ff:ff:ff:ff|0|3854|0|49|0|8752
90:9a:4a:80:85:9e|1183|0|5|3|396|72
20:aa:4b:5b:e6:4b|833|0|52|0|9056|0
68:ff:7b:c5:ca:c9|776|0|8|0|1760|0
a4:77:33:63:f5:7e|0|3|0|0|0|0
01:00:5e:00:00:fa|0|0|0|2|0|228
f0:ef:86:06:76:35|0|31|0|0|0|0
b4:e6:2d:f6:c8:79|0|1|0|3|0|376
28:6d:cd:09:2a:ea|0|0|30|4|6654|474
80:91:33:25:67:05|20|71|0|0|0|0
c0:06:c3:8f:c0:7b|4|8|13|17|1524|2016
50:e0:85:84:55:94|4|24|0|0|0|0
a4:50:46:4c:af:3b|0|0|24|14|2210|1498
f4:f5:d8:8d:f2:58|0|5|0|0|0|0
00:08:07:76:35:b7|0|4|0|0|0|0
08:9e:08:bc:6c:2b|0|5|0|0|0|0
fa:ec:fc:50:1b:73|0|7|0|0|0|0
10:fe:ed:dd:08:06|1|0|0|0|0|0
ac:67:84:5b:07:e3|3|0|0|0|0|0
9e:ab:89:2d:82:91|0|0|3|4|72|312
c0:06:c3:8f:c7:99|0|0|6|4|399|555
44:07:0b:2f:49:8b|9|0|0|0|0|0
44:07:0b:6c:b6:e3|2|0|0|0|0|0
b8:27:eb:81:9a:d6|0|5|0|0|0|0
50:2f:9b:d1:a8:d5|0|3|0|0|0|0
20:df:b9:ac:28:3b|0|17|0|0|0|0
54:60:09:e2:ee:aa|0|10|0|0|0|0
14:f6:d8:d5:30:90|0|3|0|0|0|0
01:00:5e:00:00:01|0|0|0|3|0|244
01:00:5e:00:00:fb|0|0|0|7|0|1676
