25
b4:e6:2d:f6:b6:a5
68:02:b8:1e:7f:1f|1308|0|253|0|52375|0
ff:ff:ff:ff:ff:ff|0|2315|0|239|0|49412
6a:02:98:1e:7f:1f|1231|0|0|0|0|0
01:00:5e:7f:ff:fa|0|0|0|6|0|1572
b4:e6:2d:f6:b6:a5|0|1|0|5|0|577
54:2a:a2:48:a3:f0|0|30|0|0|0|0
02:aa:3f:a7:c9:b2|31|0|5|0|879|0
a4:3e:a0:a4:2a:46|0|148|0|0|0|0
02:aa:3f:a7:c9:b1|31|0|0|0|0|0
c8:66:5d:1f:4f:54|0|24|0|0|0|0
1a:47:65:a2:42:b0|0|1|0|0|0|0
32:76:ef:5c:e2:a8|1|0|0|0|0|0
26:1e:57:73:ca:a4|0|6|0|0|0|0
33:33:00:00:00:01|0|0|0|2|0|464
10:1c:0c:1a:10:10|2|30|0|0|0|0
5c:f8:21:84:a4:31|0|2|0|0|0|0
01:80:c2:00:00:0e|0|0|0|1|0|94
a2:17:1b:ff:a9:9b|2|0|0|0|0|0
8e:ce:84:5f:9c:42|2|12|0|0|0|0
64:b3:10:aa:e3:3c|0|18|0|0|0|0
88:9f:6f:ab:69:ae|0|18|0|0|0|0
00:f6:20:d0:d0:1d|0|2|0|0|0|0
46:86:50:12:d2:ba|0|1|0|0|0|0
01:00:5e:00:00:fb|0|0|0|2|0|430
