30
b4:e6:2d:f6:b6:a5
d8:b6:b7:7a:3a:61|1273|1|10|55|484|1960
ff:ff:ff:ff:ff:ff|0|3473|0|341|0|60496
68:02:b8:1e:7f:1f|1270|0|452|12|98264|312
6a:02:98:1e:7f:1f|1259|0|0|0|0|0
80:1f:02:b4:07:ae|0|0|12|9|312|1042
b4:e6:2d:f6:b6:a5|0|12|0|8|0|2056
a4:3e:a0:a4:2a:46|0|107|0|0|0|0
8e:ce:84:5f:9c:42|5|33|18|0|16010|0
b0:ac:d2:04:78:ff|2|0|0|18|0|16010
01:00:5e:7f:ff:fa|0|0|0|75|0|30252
bc:54:51:02:a4:f0|0|0|21|2|1082|52
26:17:dc:59:74:f7|0|0|14|2|336|52
e6:35:23:4e:ab:99|0|0|13|2|374|52
01:00:5e:00:00:fb|0|0|0|9|0|1982
33:33:00:00:00:fb|0|0|0|8|0|1884
01:00:5e:00:00:01|0|0|0|1|0|88
0e:26:0a:2f:38:6b|1|2|7|0|168|0
4e:9b:05:55:9f:ce|2|19|0|0|0|0
c8:66:5d:1f:4f:54|0|6|0|0|0|0
f8:77:b8:53:10:e8|6|65|0|0|0|0
f0:72:ea:da:42:c6|0|14|0|0|0|0
64:b3:10:aa:e3:3c|0|10|0|0|0|0
