24
b4:e6:2d:f6:b6:a5
d8:b6:b7:7a:3a:61|1316|0|7|48|244|1382
ff:ff:ff:ff:ff:ff|0|3531|0|347|0|62276
68:02:b8:1e:7f:1f|1263|0|385|15|69360|390
6a:02:98:1e:7f:1f|1261|0|0|0|0|0
9c:5d:12:d7:43:d4|0|6|0|0|0|0
b4:e6:2d:f6:b6:a5|0|1|0|3|0|390
26:94:9b:c4:cd:39|6|10|0|0|0|0
01:00:5e:7f:ff:fa|0|0|0|30|0|5902
80:1f:02:b4:07:ae|1|13|15|0|390|0
bc:54:51:02:a4:f0|0|0|26|2|846|52
c8:66:5d:1f:4f:54|0|6|0|0|0|0
a4:3e:a0:a4:2a:46|0|106|0|0|0|0
e6:35:23:4e:ab:99|0|0|8|2|200|52
f8:77:b8:53:10:e8|12|135|0|0|0|0
26:17:dc:59:74:f7|0|0|14|2|336|52
26:6f:1d:c2:e2:46|0|14|0|0|0|0
01:00:5e:00:00:01|0|0|0|1|0|88
1a:87:40:48:38:29|0|19|0|0|0|0
33:33:00:00:00:01|0|0|0|3|0|584
33:33:00:00:00:02|0|0|0|1|0|96
33:33:ff:1e:b6:60|0|0|0|1|0|112
d8:8c:79:90:f4:9b|0|7|0|0|0|0
be:a5:3b:b9:3b:e2|0|4|0|0|0|0
64:b3:10:aa:e3:3c|0|7|0|0|0|0
