50
b4:e6:2d:f6:c8:79
90:9a:4a:80:71:9a|1396|36|2071|654|227206|663901
ff:ff:ff:ff:ff:ff|0|2563|0|0|0|0
68:ff:7b:c5:ca:c9|163|0|0|0|0|0
90:9a:4a:80:85:9e|1201|3|8410|204|12458535|6087
20:aa:4b:5b:e6:4b|43|0|0|0|0|0
e4:5f:01:5c:9d:89|0|4|0|0|0|0
9e:ab:89:2d:82:91|3|7|204|8409|6087|12458451
b4:e6:2d:f6:c8:79|0|3|0|5|0|544
a4:50:46:4c:af:3b|31|34|631|2062|661904|226350
20:1f:3b:3a:bb:3d|13|66|0|0|0|0
b8:27:eb:81:9a:d6|0|5|0|0|0|0
88:3d:24:10:7e:ce|0|2|0|0|0|0
00:08:07:76:35:b7|0|1|0|0|0|0
da:a1:19:d2:d2:d2|1|0|0|0|0|0
6e:49:74:4b:5e:80|1|10|0|0|0|0
44:07:0b:70:9e:93|7|0|0|0|0|0
f4:f5:d8:8d:f2:58|7|1|0|0|0|0
44:46:87:a9:e4:4b|0|5|0|0|0|0
5a:1f:30:21:43:7b|2|21|0|0|0|0
c0:06:c3:8f:c7:99|0|0|12|2|1050|156
d8:47:32:54:de:63|0|5|0|0|0|0
38:80:df:8b:5f:31|0|2|0|0|0|0
3a:b9:bc:e9:88:fa|2|15|0|0|0|0
44:07:0b:2f:49:8b|25|0|0|0|0|0
28:6d:cd:09:2a:ea|1|3|3|0|78|0
ca:af:db:22:25:fa|1|4|0|0|0|0
6e:0a:d1:4a:75:5c|1|0|0|0|0|0
fa:ff:ab:7a:a9:0b|2|6|0|0|0|0
a2:19:7c:16:d9:8a|0|1|0|0|0|0
c0:06:c3:8f:c0:7b|4|8|8|2|869|156
da:a1:19:7d:ad:bf|1|5|0|0|0|0
24:77:03:d4:12:38|5|16|0|0|0|0
56:68:61:2c:82:5b|0|7|0|0|0|0
f0:ef:86:06:76:35|0|5|0|0|0|0
ac:d6:18:05:2a:70|4|19|0|0|0|0
74:eb:80:1d:42:94|1|3|0|0|0|0
1c:bf:ce:e3:fb:45|0|1|0|0|0|0
20:df:b9:ac:28:3b|2|0|0|0|0|0
00:08:10:80:dc:7a|0|2|0|0|0|0
08:9e:08:bc:6c:2b|0|1|0|0|0|0
da:a1:19:3c:3c:3c|0|3|0|0|0|0
01:00:5e:00:00:01|0|0|0|1|0|84
46:82:ed:66:5e:0e|1|11|0|0|0|0
b2:48:35:9e:4e:f4|1|10|0|0|0|0
8e:2a:f2:2d:44:3b|2|12|0|0|0|0
d0:c6:37:cb:3c:f7|0|3|0|0|0|0
