31
b4:e6:2d:f6:b6:a5
d8:b6:b7:7a:3a:61|1290|0|19|95|1936|2288
ff:ff:ff:ff:ff:ff|0|3490|0|7|0|532
68:02:b8:1e:7f:1f|1262|0|208|3|40524|72
6a:02:98:1e:7f:1f|1261|0|0|0|0|0
80:58:f8:93:88:29|0|1|0|188|0|38350
e6:35:23:4e:ab:99|0|0|8|2|200|52
a4:3e:a0:a4:2a:46|0|172|0|0|0|0
0c:cb:85:78:66:45|0|6|0|0|0|0
0e:26:0a:2f:38:6b|0|0|87|2|2088|52
c8:66:5d:1f:4f:54|0|25|0|0|0|0
b4:e6:2d:f6:b6:a5|0|1|0|4|0|482
bc:54:51:02:a4:f0|0|0|0|2|0|52
26:17:dc:59:74:f7|0|0|0|2|0|52
9c:5d:12:d7:43:d4|0|6|0|0|0|0
f0:72:ea:da:42:c6|0|15|0|0|0|0
1a:87:40:76:44:f4|2|24|0|0|0|0
0c:cb:85:ed:db:cc|0|7|0|0|0|0
64:b3:10:aa:e3:3c|0|17|0|0|0|0
33:33:00:00:00:01|0|0|0|3|0|584
33:33:00:00:00:02|0|0|0|1|0|96
33:33:ff:1e:b6:60|0|0|0|1|0|112
01:00:5e:00:00:fb|0|0|0|3|0|570
33:33:00:00:00:fb|0|0|0|3|0|630
