30
b4:e6:2d:f6:b6:a5
d8:b6:b7:7a:3a:61|1383|0|16|90|2217|2576
a4:3e:a0:a4:2a:46|0|109|0|0|0|0
68:02:b8:1e:7f:1f|1261|0|273|0|55503|0
ff:ff:ff:ff:ff:ff|0|3461|0|261|0|54086
6a:02:98:1e:7f:1f|1257|0|0|0|0|0
70:ee:50:73:4e:36|0|0|170|0|4406|0
b0:95:75:4b:b9:26|0|0|0|170|0|4406
bc:54:51:02:a4:f0|0|0|37|2|1296|52
b4:e6:2d:f6:b6:a5|0|1|0|4|0|482
ec:2e:98:f0:f5:27|0|108|0|0|0|0
e6:35:23:4e:ab:99|0|0|8|2|200|52
0e:26:0a:2f:38:6b|0|0|25|2|600|52
00:1c:bf:52:98:29|0|13|0|0|0|0
54:2a:a2:48:a3:f0|0|148|0|0|0|0
02:fa:49:e6:0b:f7|0|5|0|0|0|0
26:17:dc:59:74:f7|0|0|20|1|480|26
c8:66:5d:1f:4f:54|0|6|0|0|0|0
33:33:00:00:00:01|0|0|0|3|0|584
da:a1:19:92:3c:ef|0|7|0|0|0|0
ca:28:c4:c8:b1:dc|0|1|0|0|0|0
ce:97:79:6c:4e:b6|0|7|0|0|0|0
5c:f5:da:b6:d8:02|0|7|0|0|0|0
f0:72:ea:da:42:c6|0|7|0|0|0|0
01:00:5e:00:00:fb|0|0|0|6|0|1037
33:33:00:00:00:fb|0|0|0|5|0|1047
33:33:00:00:00:16|0|0|0|1|0|124
01:00:5e:00:00:02|0|0|0|1|0|90
64:b3:10:aa:e3:3c|0|14|0|0|0|0
01:00:5e:00:00:01|0|0|0|1|0|88
84:16:f9:07:68:71|0|7|0|0|0|0
