26
b4:e6:2d:f6:b6:a5
68:02:b8:1e:7f:1f|1313|0|15|0|2616|0
ff:ff:ff:ff:ff:ff|0|2438|0|1|0|94
6a:02:98:1e:7f:1f|1308|0|0|0|0|0
02:aa:3f:a7:c9:b2|41|0|6|0|1935|0
b4:e6:2d:f6:b6:a5|0|1|0|4|0|482
8e:ce:84:5f:9c:42|11|75|0|0|0|0
a4:3e:a0:a4:2a:46|0|102|0|0|0|0
02:aa:3f:a7:c9:b1|61|0|0|0|0|0
e4:5f:01:7e:fb:99|0|4|0|0|0|0
c8:66:5d:1f:4f:54|0|18|0|0|0|0
58:b1:0f:56:36:08|0|12|0|0|0|0
01:00:5e:00:00:fb|0|0|0|2|0|430
33:33:00:00:00:fb|0|0|0|4|0|940
01:00:5e:00:00:16|0|0|0|2|0|180
01:00:5e:7f:ff:fa|0|0|0|3|0|1601
1a:87:40:98:45:36|0|18|0|0|0|0
10:1c:0c:1a:10:10|4|53|0|0|0|0
ba:1d:29:60:37:59|0|6|0|0|0|0
33:33:00:00:00:01|0|0|0|3|0|584
64:b3:10:aa:e3:3c|0|6|0|0|0|0
33:33:ff:02:17:66|0|0|0|2|0|240
00:f6:20:d0:d0:1d|0|2|0|0|0|0
ce:0b:dc:84:d3:c0|0|1|0|0|0|0
5c:f8:21:84:a4:31|0|2|0|0|0|0
