46
b4:e6:2d:f6:c8:79
20:aa:4b:5b:e6:4b|650|0|12|1|3180|78
ff:ff:ff:ff:ff:ff|0|3208|0|7|0|532
90:9a:4a:80:71:9a|1262|10|79|111|26684|17380
90:9a:4a:80:85:9e|1053|12|62|364|22838|8736
01:00:5e:7f:ff:fa|0|0|0|48|0|21526
68:ff:7b:c5:ca:c9|405|0|7|3|1234|72
01:00:5e:00:00:fb|0|0|0|11|0|2470
28:6d:cd:09:2a:ea|0|0|25|14|5736|2064
7e:8e:2a:b9:cb:63|0|6|0|0|0|0
9e:ab:89:2d:82:91|5|10|364|4|8736|312
e6:1d:78:73:e4:e3|0|5|1|2|78|1676
a0:78:17:a1:19:64|0|0|3|2|72|156
ec:5c:68:84:b1:4b|2|18|0|0|0|0
50:e0:85:84:55:94|3|15|0|0|0|0
c0:06:c3:8f:c0:7b|4|8|9|7|994|776
c0:06:c3:8f:c7:99|4|8|8|4|702|474
1e:e8:29:e4:16:89|1|0|0|0|0|0
72:2c:a3:2e:dc:08|0|1|0|0|0|0
44:07:0b:2f:49:8b|4|0|0|0|0|0
3e:9e:c1:ec:69:65|0|31|0|0|0|0
a4:50:46:4c:af:3b|2|2|69|50|9948|22916
da:a1:19:b3:b3:b3|0|5|0|0|0|0
b4:e6:2d:f6:c8:79|0|1|0|4|0|454
04:6c:59:1b:72:04|7|13|0|2|0|156
44:46:87:a9:e4:4b|0|1|0|0|0|0
d6:68:81:85:17:18|0|18|0|0|0|0
ca:c0:5d:73:8b:6b|0|1|0|0|0|0
9e:e0:c7:4c:63:99|0|3|0|0|0|0
3e:9d:a7:11:0a:cf|2|7|0|0|0|0
42:e5:53:66:ef:21|0|2|0|0|0|0
b8:27:eb:81:9a:d6|0|1|0|0|0|0
f0:ef:86:06:76:35|0|1|0|0|0|0
44:07:0b:6c:b6:e3|2|0|0|0|0|0
b6:d2:cc:90:81:62|0|1|0|0|0|0
00:08:07:76:35:b7|0|4|0|0|0|0
f4:f5:d8:8d:f2:58|0|3|0|0|0|0
3c:f0:11:11:b7:41|2|0|0|0|0|0
01:00:5e:00:00:01|0|0|0|2|0|160
01:00:5e:00:00:16|0|0|0|3|0|264
54:60:09:e2:ee:aa|0|4|0|0|0|0
44:07:0b:70:9e:93|2|0|0|0|0|0
f2:44:2f:2b:18:b7|0|2|0|0|0|0
84:d8:1b:29:48:82|1|0|0|0|0|0
24:77:03:d4:12:38|3|10|0|0|0|0
08:9e:08:bc:6c:2b|0|1|0|0|0|0
1c:bf:ce:e3:fb:45|0|2|0|0|0|0
