68
b4:e6:2d:f6:c8:79
90:9a:4a:80:71:9a|1326|9|23|268|2805|50024
ff:ff:ff:ff:ff:ff|0|2886|0|35|0|4856
20:aa:4b:5b:e6:4b|595|0|166|7|43199|182
74:eb:80:1d:42:94|21|112|0|0|0|0
90:9a:4a:80:85:9e|1085|69|51|106|11684|2548
68:ff:7b:c5:ca:c9|344|0|0|0|0|0
04:6c:59:1b:72:04|68|137|3|5|484|744
b4:e6:2d:f6:c8:79|0|2|0|3|0|376
28:6d:cd:09:2a:ea|0|0|48|3|10674|315
a4:50:46:4c:af:3b|5|7|204|10|38034|1520
3e:9e:c1:ec:69:65|0|4|0|0|0|0
00:10:40:b3:8c:3a|8|0|0|0|0|0
c6:3b:12:93:22:91|0|6|0|0|0|0
9c:5a:81:3c:9b:3b|0|6|0|0|0|0
c0:06:c3:8f:c7:99|0|0|7|1|423|78
d2:f4:76:5b:5b:91|0|1|0|0|0|0
c0:06:c3:8f:c0:7b|4|8|9|6|893|516
9e:ab:89:2d:82:91|1|34|104|3|2496|234
20:1f:3b:3a:bb:3d|5|0|0|0|0|0
f2:b2:80:0a:ea:79|2|0|0|0|0|0
01:00:5e:00:00:fb|0|0|0|17|0|3704
2a:41:6b:97:e3:1e|1|6|0|0|0|0
6e:ec:b2:9b:e9:14|0|11|0|0|0|0
e6:09:33:6a:b6:d7|0|7|0|0|0|0
01:00:5e:7f:ff:fa|0|0|0|28|0|8749
44:46:87:a9:e4:4b|0|72|0|0|0|0
0a:26:07:17:f8:71|3|0|0|0|0|0
e6:1d:78:73:e4:e3|0|2|7|125|182|36496
0a:26:2e:af:c4:c2|0|5|0|0|0|0
3c:8d:20:4f:d8:e9|1|0|0|0|0|0
01:00:5e:00:00:fa|0|0|0|2|0|228
12:e8:29:e4:16:89|0|0|1|0|76|0
72:29:f5:4e:a5:84|1|4|0|0|0|0
44:07:0b:70:9e:93|3|0|0|0|0|0
76:78:27:bc:20:c6|0|3|0|0|0|0
1c:bf:ce:e3:fb:45|0|4|0|0|0|0
f4:f5:d8:8d:f2:58|7|8|0|0|0|0
16:f9:ba:64:d8:78|0|3|0|0|0|0
54:60:09:e2:ee:aa|0|3|0|0|0|0
01:00:5e:00:00:01|0|0|0|1|0|84
d6:6b:2d:b3:8c:51|0|7|0|0|0|0
01:00:5e:00:00:16|0|0|0|2|0|176
44:07:0b:2f:49:8b|11|0|0|0|0|0
e6:e8:78:4a:6d:5e|0|1|0|0|0|0
4e:ff:52:fd:b6:75|0|2|0|0|0|0
00:0c:e7:bb:c7:52|2|9|0|0|0|0
da:a1:19:12:12:12|2|4|0|0|0|0
00:08:07:76:35:b7|0|2|0|0|0|0
00:0c:e7:94:08:d0|0|13|0|0|0|0
6a:7c:86:48:49:86|1|7|0|0|0|0
f0:5c:77:12:21:75|0|1|0|0|0|0
00:54:af:d7:f4:26|0|1|0|0|0|0
22:48:f8:26:26:64|6|30|0|0|0|0
d8:47:32:54:de:63|0|3|0|0|0|0
33:33:00:00:00:01|0|0|0|1|0|120
82:5f:9e:f6:b4:37|0|2|0|0|0|0
4e:77:d7:61:ff:9f|0|3|0|0|0|0
46:3b:78:62:ec:7e|0|5|6|0|144|0
c4:12:f5:d1:17:6c|0|0|0|6|0|144
1e:e8:29:91:3d:5e|1|0|0|0|0|0
5a:b1:d5:8d:a9:ca|0|3|0|0|0|0
20:df:b9:ac:28:3b|2|0|0|0|0|0
44:07:0b:6c:b6:e3|1|0|0|0|0|0
e2:f1:18:b9:5a:aa|0|2|0|0|0|0
ac:67:84:cf:44:41|0|4|0|0|0|0
4e:36:cc:29:56:ef|5|2|0|0|0|0
b8:27:eb:81:9a:d6|1|1|0|0|0|0
0e:99:31:1e:c8:63|0|1|0|0|0|0
