35
b4:e6:2d:f6:b6:a5
68:02:b8:1e:7f:1f|1297|0|449|14|101089|362
ff:ff:ff:ff:ff:ff|0|3531|0|347|0|62294
6a:02:98:1e:7f:1f|1297|0|0|0|0|0
d8:b6:b7:7a:3a:61|1367|2|16|81|1331|2446
a4:3e:a0:a4:2a:46|0|171|0|0|0|0
01:00:5e:7f:ff:fa|0|0|0|91|0|37223
b4:e6:2d:f6:b6:a5|0|1|0|3|0|390
26:17:dc:59:74:f7|0|0|13|2|312|52
22:64:71:47:4f:f0|0|7|0|0|0|0
e6:35:23:4e:ab:99|0|0|8|2|200|52
80:1f:02:b4:07:ae|0|0|12|0|312|0
70:2e:22:8d:72:74|20|0|2|0|1068|0
c8:66:5d:1f:4f:54|0|24|0|0|0|0
4c:fc:aa:04:03:83|0|13|0|0|0|0
2c:0e:3d:ac:4c:05|0|0|2|0|50|0
bc:54:51:02:a4:f0|0|0|46|1|1598|26
5c:f8:21:84:a4:31|0|2|0|0|0|0
70:bc:10:16:23:53|0|20|0|0|0|0
ec:2e:98:f0:f5:27|0|71|0|0|0|0
6a:6d:ee:66:0a:f7|0|1|0|0|0|0
0e:26:0a:2f:38:6b|2|3|14|2|336|52
33:33:00:00:00:01|0|0|0|2|0|464
33:33:00:00:00:02|0|0|0|1|0|96
