88
b4:e6:2d:f6:c8:79
90:9a:4a:80:85:9e|1500|7|50|97|20203|2328
9e:ab:89:2d:82:91|7|22|97|16|2328|2582
90:9a:4a:80:71:9a|1282|11|15|23|1552|3302
ff:ff:ff:ff:ff:ff|0|3034|0|19|0|2127
20:aa:4b:5b:e6:4b|703|0|21|0|2361|0
50:e0:85:84:55:94|4|23|0|0|0|0
68:ff:7b:c5:ca:c9|35|0|0|0|0|0
b4:e6:2d:f6:c8:79|0|6|0|9|0|1084
36:42:b6:b3:ed:26|0|1|0|0|0|0
80:91:33:25:67:05|10|84|0|0|0|0
46:9f:72:e2:49:d7|0|15|0|0|0|0
01:00:5e:7f:ff:fa|0|0|0|33|0|17537
ae:e4:60:2d:16:d0|0|1|0|0|0|0
38:00:25:e8:2f:88|0|29|0|0|0|0
c0:06:c3:8f:c0:7b|6|12|11|2|1243|156
36:24:6b:50:1a:c9|2|3|0|0|0|0
f2:b2:80:0a:ea:79|2|18|0|0|0|0
2a:cc:8b:a1:ec:d4|1|11|0|0|0|0
c0:06:c3:8f:c7:99|5|11|7|2|612|156
da:02:58:74:58:f4|0|3|0|0|0|0
26:63:0b:13:45:df|0|2|0|0|0|0
9a:f6:2c:82:ad:0c|0|12|0|0|0|0
44:07:0b:2f:49:8b|7|0|0|0|0|0
3c:8d:20:4f:d8:e9|2|0|0|0|0|0
01:00:5e:00:00:01|0|0|0|1|0|84
5e:da:38:e1:ba:30|0|1|0|0|0|0
da:a1:19:cc:b4:8e|2|8|0|0|0|0
7c:2e:bd:f4:94:ee|7|0|0|0|0|0
3a:90:34:16:01:ae|0|1|0|0|0|0
00:08:07:76:35:b7|0|10|0|0|0|0
6a:7d:3a:df:37:94|0|10|0|0|0|0
28:6d:cd:09:2a:ea|0|0|5|2|1447|156
b2:4c:24:a2:32:9c|0|1|0|0|0|0
f4:f5:d8:8d:f2:58|2|10|0|0|0|0
d2:a0:ed:ce:23:f8|1|2|0|0|0|0
de:6e:9d:3e:b6:94|1|9|0|0|0|0
f0:ef:86:06:76:35|0|6|0|0|0|0
ac:d1:b8:8d:4b:a1|0|2|0|0|0|0
9e:f8:df:43:af:79|0|1|0|0|0|0
54:60:09:e2:ee:aa|0|2|0|0|0|0
44:07:0b:6c:b6:e3|1|0|0|0|0|0
7a:b2:88:b3:66:b7|0|9|0|0|0|0
42:5c:6d:cd:0b:42|0|6|0|0|0|0
e4:5f:01:5c:9d:89|0|1|0|0|0|0
00:08:10:80:dc:7a|0|2|0|0|0|0
5a:93:50:62:d4:d5|0|1|0|0|0|0
b2:1e:72:b1:79:55|0|13|0|0|0|0
e2:53:c2:b1:47:70|1|6|0|0|0|0
8a:cb:1a:92:e9:f0|0|2|0|0|0|0
0a:af:ec:a7:08:78|0|1|0|0|0|0
ca:c8:a8:71:49:d6|1|14|0|0|0|0
36:99:e5:76:6b:c4|0|6|0|0|0|0
c6:a2:23:84:0d:3c|2|3|0|0|0|0
b2:27:09:84:f0:1b|0|9|0|0|0|0
b6:ed:0a:ac:e5:5a|0|1|0|0|0|0
d6:48:61:65:62:6c|0|1|0|0|0|0
1a:63:08:0b:ec:3e|2|15|0|0|0|0
a8:6d:aa:73:88:1d|0|5|0|0|0|0
62:68:45:28:19:a1|0|1|0|0|0|0
5e:77:61:72:04:7d|0|1|0|0|0|0
33:33:00:00:00:01|0|0|0|1|0|120
3c:22:fb:60:87:53|1|0|0|0|0|0
8a:8c:0a:f7:30:15|1|12|0|0|0|0
a0:2c:36:28:1e:19|0|3|0|0|0|0
ae:3b:6b:8f:e7:d4|2|12|0|0|0|0
a6:23:9c:e5:b4:cb|2|4|0|0|0|0
ac:5f:3e:23:ed:1c|0|1|0|0|0|0
8e:39:2f:15:5a:b9|1|8|0|0|0|0
c0:87:eb:8e:48:ef|0|7|0|0|0|0
4e:22:2e:7b:8b:2a|1|10|0|0|0|0
3e:31:75:50:c5:70|2|13|0|0|0|0
fe:e0:d4:49:38:df|2|17|0|0|0|0
62:43:e5:f8:ec:96|0|3|0|0|0|0
82:af:7c:d3:1a:ac|0|1|0|0|0|0
22:f1:85:07:be:3e|1|13|0|0|0|0
5e:31:bd:bf:0c:7f|0|1|0|0|0|0
aa:05:82:c1:06:e1|0|1|0|0|0|0
4e:90:e8:10:1f:24|1|0|0|0|0|0
56:97:b7:9e:16:eb|4|10|0|0|0|0
7e:5d:56:86:fd:9d|1|10|0|0|0|0
ae:b0:a0:28:9e:29|3|7|0|0|0|0
42:f9:71:f0:6a:34|1|0|0|0|0|0
01:00:5e:00:00:fa|0|0|0|1|0|114
5e:60:43:88:54:64|0|1|0|0|0|0
44:07:0b:89:e4:ab|9|0|0|0|0|0
f6:11:33:fa:8a:f2|0|9|0|0|0|0
b8:27:eb:81:9a:d6|0|1|0|0|0|0
8e:57:70:98:d3:54|0|9|0|0|0|0
