48
b4:e6:2d:f6:c8:79
90:9a:4a:80:85:9e|1127|3|2514|186|3054955|15223
ff:ff:ff:ff:ff:ff|0|3118|0|54|0|9655
90:9a:4a:80:71:9a|1206|4|11|24|1133|2017
20:aa:4b:5b:e6:4b|832|0|52|0|9409|0
04:6c:59:1b:72:04|0|0|56|244|12103|88964
b4:e6:2d:f6:c8:79|0|2|0|3|0|376
9e:ab:89:2d:82:91|3|4|130|2158|3120|2932161
f0:ef:86:05:a3:fa|0|24|0|0|0|0
28:6d:cd:09:2a:ea|1|2|3|0|78|0
b8:27:eb:3b:22:38|0|3|0|0|0|0
01:00:5e:7f:ff:fa|0|0|0|97|0|31991
01:00:5e:00:00:fb|0|0|0|5|0|831
01:00:5e:00:00:01|0|0|0|2|0|168
01:00:5e:00:00:16|0|0|0|4|0|360
c0:06:c3:8f:c7:99|0|0|8|2|702|156
bc:54:2f:5e:b7:f3|0|5|0|0|0|0
44:07:0b:70:9e:93|3|0|0|0|0|0
68:ff:7b:c5:ca:c9|34|0|0|0|0|0
74:df:bf:45:ac:65|0|3|0|0|0|0
a4:50:46:4c:af:3b|0|0|4|0|312|0
c0:87:eb:8e:48:ef|1|1|0|0|0|0
c0:06:c3:8f:c0:7b|3|6|9|6|925|601
10:fe:ed:dd:08:06|1|0|0|0|0|0
b8:27:eb:81:9a:d6|0|1|0|0|0|0
88:3d:24:10:7e:ce|0|1|0|0|0|0
5e:b1:60:62:a3:e1|0|2|0|0|0|0
01:00:5e:00:00:fa|0|0|0|1|0|114
44:07:0b:2f:49:8b|13|0|0|0|0|0
00:08:07:76:35:b7|0|6|0|0|0|0
72:1e:c8:5b:51:f8|2|0|0|0|0|0
84:4b:f5:19:a0:99|0|1|0|0|0|0
cc:f4:11:a1:a0:2c|2|0|0|0|0|0
02:00:00:00:00:00|0|6|0|0|0|0
24:fd:52:44:bd:8d|0|1|0|0|0|0
fc:3f:7c:99:6e:15|0|1|0|0|0|0
1a:7e:d1:7d:83:62|0|5|0|0|0|0
44:07:0b:60:bf:75|2|0|0|0|0|0
f4:f5:d8:8d:f2:58|3|10|0|0|0|0
aa:66:7d:7d:8a:cd|0|1|0|0|0|0
54:60:09:e2:ee:aa|0|8|0|0|0|0
33:33:00:00:00:01|0|0|0|1|0|120
e4:5f:01:5c:9d:89|0|1|0|0|0|0
fa:df:20:a0:92:aa|0|1|0|0|0|0
82:5a:02:d2:0b:49|0|3|0|0|0|0
b2:80:59:46:61:58|1|4|0|0|0|0
56:1f:a1:17:4f:f6|0|3|0|0|0|0
f0:ef:86:06:76:35|0|2|0|0|0|0
96:4f:01:f8:21:98|0|2|0|0|0|0
