30
b4:e6:2d:f6:b6:a5
68:02:b8:1e:7f:1f|1213|3|5590|158|7082354|4287
ff:ff:ff:ff:ff:ff|0|3533|0|131|0|12260
6a:02:98:1e:7f:1f|1198|0|0|0|0|0
d8:b6:b7:7a:3a:61|1245|0|6|49|284|1646
b4:e6:2d:f6:b6:a5|0|2|0|3|0|390
a4:3e:a0:a4:2a:46|0|76|0|0|0|0
33:33:ff:7a:41:bc|0|0|0|3|0|360
0e:26:0a:2f:38:6b|0|0|5|2|120|52
01:00:5e:7f:ff:fa|0|0|0|36|0|7236
01:00:5e:00:00:fb|0|0|0|6|0|822
4e:9b:05:55:9f:ce|3|11|158|5400|4287|7059542
33:33:00:00:00:16|0|0|0|5|0|720
f6:02:ef:80:e2:e8|0|7|0|0|0|0
33:33:00:00:00:01|0|0|0|4|0|816
33:33:00:00:00:02|0|0|0|1|0|96
33:33:ff:1e:b6:60|0|0|0|1|0|112
e6:35:23:4e:ab:99|0|0|22|1|696|26
bc:54:51:02:a4:f0|0|0|21|1|728|26
62:e6:f0:88:17:05|2|14|0|0|0|0
62:e6:f0:e8:17:05|2|0|0|0|0|0
01:00:5e:00:00:01|0|0|0|1|0|88
01:00:5e:00:00:16|0|0|0|1|0|92
3e:b4:a5:15:4d:cf|2|0|0|0|0|0
26:17:dc:59:74:f7|0|0|1|0|102|0
64:b3:10:aa:e3:3c|0|7|0|0|0|0
e2:6d:88:f6:74:b3|2|8|0|0|0|0
d8:8c:79:90:f4:9b|0|7|0|0|0|0
12:70:37:1c:62:bc|2|13|0|0|0|0
00:1c:bf:52:98:29|0|7|0|0|0|0
0c:2f:b0:2e:30:34|19|0|0|0|0|0
