55
b4:e6:2d:f6:c8:79
90:9a:4a:80:71:9a|1229|13|27|66|4083|9326
ff:ff:ff:ff:ff:ff|0|2488|0|26|0|4082
68:ff:7b:c5:ca:c9|226|0|13|0|2979|0
90:9a:4a:80:85:9e|781|0|0|0|0|0
01:00:5e:00:00:fb|0|0|0|39|0|6086
20:aa:4b:5b:e6:4b|381|0|79|0|10672|0
54:60:09:e2:ee:aa|0|9|0|0|0|0
28:6d:cd:09:2a:ea|0|0|25|3|5746|315
b4:e6:2d:f6:c8:79|0|2|0|4|0|454
8e:1e:3f:74:87:1c|0|3|0|0|0|0
62:5f:1d:f5:7d:61|0|7|0|0|0|0
44:07:0b:2f:49:8b|10|0|0|0|0|0
4e:9e:89:0a:aa:1d|0|3|0|0|0|0
5a:46:b2:81:99:cb|0|1|0|0|0|0
c0:06:c3:8f:c7:99|4|8|8|4|702|474
c0:06:c3:8f:c0:7b|5|10|10|12|1052|1396
33:33:00:01:00:03|0|0|0|4|0|472
01:00:5e:00:00:fc|0|0|0|3|0|294
ea:6a:c3:8d:52:43|0|6|0|0|0|0
a4:50:46:4c:af:3b|4|3|23|4|1826|1444
74:df:bf:45:ac:65|0|4|0|0|0|0
3e:b5:48:13:d1:27|0|1|0|0|0|0
02:00:00:00:00:00|3|20|0|0|0|0
1c:bf:ce:e3:fb:45|0|8|0|0|0|0
ca:f6:11:16:a6:b6|1|0|0|0|0|0
9a:d5:f2:19:65:87|0|1|0|0|0|0
33:33:00:00:00:01|0|0|0|1|0|120
44:46:87:a9:e4:4b|0|1|0|0|0|0
33:33:00:00:00:fb|0|0|0|18|0|2521
54:3a:d6:77:88:6e|1|4|0|0|0|0
f4:f5:d8:8d:f2:58|3|2|0|0|0|0
01:00:5e:00:00:01|0|0|0|1|0|76
d6:00:fe:78:0b:b6|0|2|0|0|0|0
be:74:70:7d:30:63|0|6|0|0|0|0
56:2a:55:42:51:6b|0|2|0|0|0|0
7e:a5:6f:ce:f5:93|1|6|0|0|0|0
5e:21:84:bd:18:fb|0|1|0|0|0|0
d6:bc:00:ea:9e:da|0|2|0|0|0|0
52:1a:a6:34:1f:1c|1|0|0|0|0|0
08:9e:08:bc:6c:2b|0|1|0|0|0|0
6a:be:f0:6f:30:76|0|1|0|0|0|0
96:63:38:29:58:80|0|3|0|0|0|0
6a:a7:b9:89:64:11|1|0|0|0|0|0
b8:27:eb:81:9a:d6|0|1|0|0|0|0
d8:ce:3a:d3:82:b4|0|4|0|0|0|0
32:d8:63:b9:ab:7e|0|1|0|0|0|0
62:ba:81:b2:7b:2c|0|3|0|0|0|0
b2:8e:5a:19:a7:e5|0|3|0|0|0|0
00:08:07:76:35:b7|0|1|0|0|0|0
fe:e3:cf:ae:d4:fa|0|8|0|0|0|0
6a:17:d6:a3:61:80|0|2|0|0|0|0
92:ef:47:df:d8:8c|0|2|0|0|0|0
4a:12:f8:18:5c:e2|0|1|0|0|0|0
3e:c4:d1:43:39:30|0|4|0|0|0|0
82:dd:68:d1:37:d4|0|3|0|0|0|0
