31
b4:e6:2d:f6:b6:a5
68:02:b8:1e:7f:1f|1351|0|572|0|125818|0
ff:ff:ff:ff:ff:ff|0|2346|0|279|0|42532
6a:02:98:1e:7f:1f|1340|0|0|0|0|0
44:fe:3b:06:5c:71|17|0|0|0|0|0
ba:10:39:36:d3:6e|0|1|0|0|0|0
b4:e6:2d:f6:b6:a5|0|2|0|3|0|390
26:94:9b:c4:cd:39|0|12|0|0|0|0
a4:3e:a0:a4:2a:46|0|98|0|0|0|0
70:ee:50:73:4e:36|0|0|62|0|1608|0
b0:95:75:4b:b9:26|0|0|0|62|0|1608
dc:41:a9:b1:30:a0|0|9|0|160|0|58228
33:33:00:00:00:01|0|0|0|4|0|816
33:33:00:00:00:02|0|0|0|1|0|96
33:33:ff:1e:b6:60|0|0|0|1|0|112
d8:8c:79:90:f4:9b|0|6|0|0|0|0
54:2a:a2:48:a3:f0|0|131|0|0|0|0
f0:5c:77:1a:f1:64|0|6|0|0|0|0
4e:9b:05:55:9f:ce|5|84|0|0|0|0
33:33:00:00:00:0c|0|0|0|12|0|5192
01:00:5e:7f:ff:fa|0|0|0|14|0|5426
01:00:5e:00:00:fb|0|0|0|24|0|3464
33:33:00:00:00:fb|0|0|0|24|0|3944
33:33:00:01:00:03|0|0|0|8|0|1008
01:00:5e:00:00:fc|0|0|0|8|0|848
33:33:00:00:00:16|0|0|0|16|0|2064
01:00:5e:00:00:16|0|0|0|16|0|1510
01:80:c2:00:00:0e|0|0|0|2|0|188
64:b3:10:aa:e3:3c|0|7|0|0|0|0
c8:66:5d:1f:4f:54|0|6|0|0|0|0
30:35:ad:7a:2f:04|0|6|0|0|0|0
10:1c:0c:1a:10:10|1|0|0|0|0|0
