73
b4:e6:2d:f6:c8:79
90:9a:4a:80:71:9a|1242|8|19|61|2214|8730
ff:ff:ff:ff:ff:ff|0|3153|0|39|0|6914
90:9a:4a:80:85:9e|972|0|0|0|0|0
68:ff:7b:c5:ca:c9|481|0|3|0|1094|0
20:aa:4b:5b:e6:4b|658|0|46|0|7759|0
00:08:07:76:35:b7|0|5|0|0|0|0
1e:64:27:0b:82:0a|0|12|0|0|0|0
b4:e6:2d:f6:c8:79|0|3|0|3|0|376
c0:06:c3:8f:c0:7b|4|8|14|7|1585|776
28:6d:cd:09:2a:ea|0|0|25|4|5404|474
c0:06:c3:8f:c7:99|4|8|9|4|591|474
be:25:97:09:ed:34|0|7|0|0|0|0
33:33:00:00:00:fb|0|0|0|3|0|389
a4:50:46:4c:af:3b|0|0|13|1|1150|114
74:df:bf:45:ac:65|0|5|0|0|0|0
da:b1:82:eb:34:66|0|1|0|0|0|0
f4:f5:d8:8d:f2:58|2|4|0|0|0|0
aa:a6:2a:74:d1:ac|0|1|0|0|0|0
1c:bf:ce:e3:fb:45|0|5|0|0|0|0
b6:61:7f:2d:88:63|0|1|0|0|0|0
e2:ce:fe:b6:9b:c0|0|4|0|0|0|0
8a:15:16:94:cf:f4|0|2|0|0|0|0
46:f7:2b:bb:71:01|0|3|0|0|0|0
c6:dc:b5:72:b8:2f|0|4|0|0|0|0
36:f4:1f:5c:b8:2f|0|1|0|0|0|0
5a:1a:9e:f1:87:76|0|2|0|0|0|0
ce:45:bf:b8:8f:19|0|2|0|0|0|0
64:5d:86:d7:5d:f2|3|9|0|0|0|0
82:56:e6:83:07:b5|0|3|0|0|0|0
44:07:0b:2f:49:8b|8|0|0|0|0|0
00:08:10:80:dc:7a|0|1|0|0|0|0
12:43:1a:5e:26:e3|0|3|0|0|0|0
9e:40:b1:03:73:70|0|2|0|0|0|0
f0:ef:86:06:76:35|0|1|0|0|0|0
58:ef:68:2a:26:ec|6|0|0|0|0|0
4a:1c:af:3f:49:84|0|8|0|0|0|0
22:48:f8:26:26:64|5|23|0|0|0|0
52:ad:79:2f:9f:a7|0|2|0|0|0|0
5a:6b:82:a9:7a:7b|0|2|0|0|0|0
38:f9:d3:b3:0c:da|1|0|0|0|0|0
01:00:5e:00:00:fa|0|0|0|1|0|114
ee:5b:fb:99:78:fe|0|3|0|0|0|0
96:42:07:ff:dc:8c|0|3|0|0|0|0
ee:a5:1e:03:48:23|0|3|0|0|0|0
44:07:0b:6c:b6:e3|1|0|0|0|0|0
88:3d:24:10:7e:ce|0|1|0|0|0|0
d8:ce:3a:d3:82:b4|0|7|0|0|0|0
01:00:5e:00:00:fb|0|0|0|4|0|1198
