43
b4:e6:2d:f6:b6:a5
68:02:b8:1e:7f:1f|1249|0|161|8|15344|260
ff:ff:ff:ff:ff:ff|0|3541|0|151|0|13976
6a:02:98:1e:7f:1f|1247|0|0|0|0|0
d8:b6:b7:7a:3a:61|1339|0|9|51|296|1704
80:58:f8:93:88:29|0|0|8|1|260|92
02:00:00:00:00:00|6|23|0|0|0|0
b4:e6:2d:f6:b6:a5|0|2|0|3|0|390
72:c0:9d:c4:7d:11|1|0|0|0|0|0
f2:15:ab:88:62:21|1|0|0|0|0|0
8a:4f:11:2c:c1:a5|2|20|0|0|0|0
88:83:22:8f:97:d4|0|26|0|0|0|0
a4:3e:a0:a4:2a:46|0|131|0|0|0|0
e6:35:23:4e:ab:99|0|0|23|2|922|52
4a:41:5d:01:82:8c|1|0|0|0|0|0
4a:15:58:ed:45:e9|1|0|0|0|0|0
1a:3f:1a:0f:69:57|1|0|0|0|0|0
0a:da:de:7e:f7:8c|0|0|6|0|144|0
e4:75:dc:48:e3:4d|0|0|0|6|0|144
fe:24:fd:ec:d9:71|1|1|0|0|0|0
70:ee:50:73:4e:36|0|0|34|0|880|0
b0:95:75:4b:b9:26|0|0|0|34|0|880
96:94:eb:58:be:c0|0|7|0|0|0|0
de:82:9f:68:98:01|2|27|0|0|0|0
bc:54:51:02:a4:f0|0|0|8|2|302|52
26:17:dc:59:74:f7|0|0|19|2|456|52
de:db:01:a1:e8:ab|11|11|0|0|0|0
ca:81:85:3f:24:59|0|3|0|0|0|0
3a:4a:66:7f:23:28|2|9|0|0|0|0
7c:38:ad:81:e0:39|0|7|0|0|0|0
0e:26:0a:2f:38:6b|0|0|1|2|24|52
33:33:00:00:00:01|0|0|0|3|0|584
33:33:00:00:00:02|0|0|0|1|0|96
33:33:ff:1e:b6:60|0|0|0|1|0|112
30:35:ad:7a:2f:04|0|7|0|0|0|0
f0:72:ea:da:42:c6|0|10|0|0|0|0
d8:8c:79:90:f4:9b|0|4|0|0|0|0
c8:66:5d:1f:4f:54|0|6|0|0|0|0
01:80:c2:00:00:0e|0|0|0|1|0|94
00:1c:bf:52:98:29|0|7|0|0|0|0
f0:5c:77:1a:f1:64|0|7|0|0|0|0
36:77:fe:13:06:93|0|1|0|0|0|0
64:b3:10:aa:e3:3c|1|15|0|0|0|0
01:00:5e:00:00:01|0|0|0|1|0|88
