38
b4:e6:2d:f6:b6:a5
68:02:b8:1e:7f:1f|1393|4|463|22|105013|1085
ff:ff:ff:ff:ff:ff|0|2715|0|318|0|59923
01:00:5e:7f:ff:fa|0|0|0|62|0|31821
6a:02:98:1e:7f:1f|1340|0|0|0|0|0
d8:b6:b7:7a:3a:61|373|0|3|44|132|1480
cc:88:26:36:b9:a7|57|17|0|0|0|0
b4:e6:2d:f6:b6:a5|0|1|0|3|0|390
c8:c7:50:54:2d:82|0|2|0|0|0|0
e6:35:23:4e:ab:99|0|0|24|0|778|0
70:ee:50:73:4e:36|0|0|80|0|2080|0
b0:95:75:4b:b9:26|0|0|0|80|0|2080
bc:54:51:02:a4:f0|0|0|20|0|702|0
a4:3e:a0:a4:2a:46|0|78|0|0|0|0
ba:9f:31:f7:09:ae|0|26|0|0|0|0
80:58:f8:93:88:29|28|176|22|46|1085|6829
0e:26:0a:2f:38:6b|0|0|0|2|0|52
f0:5c:77:1a:f1:64|0|5|0|0|0|0
54:2a:a2:48:a3:f0|0|77|0|0|0|0
64:b3:10:aa:e3:3c|0|26|0|0|0|0
9c:5d:12:d7:43:d4|0|6|0|0|0|0
01:00:5e:00:00:16|0|0|0|3|0|270
01:00:5e:00:00:fb|0|0|0|10|0|2104
33:33:00:00:00:fb|0|0|0|10|0|2304
