18
b4:e6:2d:f6:b6:a5
68:02:b8:1e:7f:1f|1323|0|318|0|61884|0
ff:ff:ff:ff:ff:ff|0|2347|0|299|0|58262
6a:02:98:1e:7f:1f|1307|0|0|0|0|0
a4:3e:a0:a4:2a:46|0|96|0|0|0|0
b4:e6:2d:f6:b6:a5|0|1|0|4|0|482
dc:41:a9:b1:30:a0|0|15|0|0|0|0
10:1c:0c:1a:10:10|3|0|0|0|0|0
d0:c6:37:81:ea:b1|0|60|0|0|0|0
54:2a:a2:48:a3:f0|0|96|0|0|0|0
9c:5d:12:d7:43:d4|0|12|0|0|0|0
01:00:5e:00:00:fb|0|0|0|4|0|1024
33:33:00:00:00:fb|0|0|0|4|0|1104
70:ee:50:73:4e:36|0|0|117|0|3032|0
b0:95:75:4b:b9:26|0|0|0|117|0|3032
33:33:00:00:00:16|0|0|0|2|0|248
01:00:5e:00:00:16|0|0|0|2|0|180
33:33:00:00:00:01|0|0|0|3|0|584
f0:5c:77:1a:f1:64|0|6|0|0|0|0
