44
b4:e6:2d:f6:c8:79
90:9a:4a:80:85:9e|1141|1|11836|26|9285983|624
ff:ff:ff:ff:ff:ff|0|2211|0|2|0|152
9e:ab:89:2d:82:91|3|23|26|11835|624|9285899
90:9a:4a:80:71:9a|1087|5|17|24|2335|2092
54:2a:a2:73:c6:e9|8|81|0|0|0|0
68:ff:7b:c5:ca:c9|102|0|3|0|240|0
20:aa:4b:5b:e6:4b|73|0|3|22|293|572
44:07:0b:70:9e:93|6|0|0|0|0|0
a4:77:33:63:f5:7e|0|1|0|0|0|0
f4:f2:6d:90:44:3c|2|0|0|0|0|0
1a:a5:c3:61:4f:b6|0|0|0|2|0|156
8c:70:5a:60:0e:bc|2|4|0|0|0|0
c0:06:c3:8f:c7:99|0|0|7|4|543|474
a4:50:46:4c:af:3b|0|1|6|1|668|626
c0:06:c3:8f:c0:7b|4|8|8|8|803|781
33:33:00:00:00:fb|0|0|0|1|0|141
28:6d:cd:09:2a:ea|1|2|3|0|78|0
e6:1d:78:73:e4:e3|0|0|22|0|572|0
4a:22:3f:8d:29:15|0|3|0|0|0|0
b4:e6:2d:f6:c8:79|0|2|0|4|0|454
ea:3f:a6:ab:db:71|0|6|0|0|0|0
44:07:0b:6c:b6:e3|1|0|0|0|0|0
48:5a:b6:22:0c:7e|0|9|0|0|0|0
ba:d2:af:ee:52:3a|0|1|0|0|0|0
44:07:0b:2f:49:8b|6|0|0|0|0|0
24:77:03:d4:12:38|4|21|0|0|0|0
01:00:5e:00:00:01|0|0|0|2|0|168
ec:5c:68:84:b1:4b|0|36|0|0|0|0
5a:6a:7c:47:d6:20|1|1|0|0|0|0
56:68:61:2c:82:5b|0|7|0|0|0|0
fe:55:42:9d:17:1e|1|7|0|0|0|0
54:60:09:e2:ee:aa|0|1|0|0|0|0
f4:f5:d8:8d:f2:58|4|0|0|0|0|0
3e:75:90:17:76:32|1|2|0|0|0|0
10:fe:ed:dd:08:06|1|0|0|0|0|0
b4:75:0e:da:6c:73|3|0|0|0|0|0
00:45:e2:7e:d9:63|0|1|0|0|0|0
b4:75:0e:da:6c:72|1|0|0|0|0|0
20:df:b9:8e:c2:c7|2|0|0|0|0|0
f0:ef:86:06:76:35|0|1|0|0|0|0
52:88:a3:35:83:73|0|6|0|0|0|0
44:46:87:a9:e4:4b|0|7|0|0|0|0
1c:bf:ce:e3:fb:45|0|2|0|0|0|0
08:9e:08:bc:6c:2b|0|4|0|0|0|0
