23
b4:e6:2d:f6:b6:a5
68:02:b8:1e:7f:1f|1280|2|136|0|32656|0
ff:ff:ff:ff:ff:ff|0|2347|0|6|0|756
6a:02:98:1e:7f:1f|1256|0|0|0|0|0
70:ee:50:73:4e:36|0|0|300|0|7788|0
b0:95:75:4b:b9:26|0|0|0|300|0|7788
b4:e6:2d:f6:b6:a5|0|1|0|3|0|390
a4:3e:a0:a4:2a:46|0|78|0|0|0|0
9c:5d:12:d7:43:d4|0|6|0|0|0|0
10:1c:0c:1a:10:10|5|59|0|59|0|15946
58:b1:0f:56:36:08|0|6|0|0|0|0
33:33:00:00:00:01|0|0|0|3|0|584
5c:f5:da:55:8b:f6|0|6|0|0|0|0
1a:87:40:24:04:f3|0|24|0|0|0|0
64:b3:10:aa:e3:3c|0|6|0|0|0|0
01:00:5e:00:00:fb|0|0|0|28|0|6584
33:33:00:00:00:fb|0|0|0|26|0|6944
33:33:00:00:00:16|0|0|0|4|0|696
01:00:5e:00:00:02|0|0|0|2|0|160
33:33:00:00:00:02|0|0|0|1|0|104
33:33:ff:47:43:51|0|0|0|1|0|120
33:33:ff:67:31:cb|0|0|0|2|0|240
33:33:00:01:00:02|0|0|0|1|0|132
c8:66:5d:1f:4f:54|0|6|0|0|0|0
