26
b4:e6:2d:f6:b6:a5
68:02:b8:1e:7f:1f|1368|0|429|13|83593|390
ff:ff:ff:ff:ff:ff|0|2383|0|250|0|23899
01:00:5e:7f:ff:fa|0|0|0|100|0|36750
6a:02:98:1e:7f:1f|1331|0|0|0|0|0
b4:e6:2d:f6:b6:a5|0|2|0|4|0|482
80:1f:02:b4:07:ae|0|0|13|1|390|96
a4:3e:a0:a4:2a:46|0|48|0|0|0|0
8e:ce:84:5f:9c:42|10|54|0|0|0|0
01:00:5e:00:00:fb|0|0|0|31|0|10347
33:33:00:00:00:fb|0|0|0|24|0|9749
80:58:f8:93:88:29|21|48|0|0|0|0
f8:77:b8:53:10:e8|8|78|0|0|0|0
01:00:5e:00:00:16|0|0|0|6|0|540
a6:61:d4:f3:53:cc|0|6|0|0|0|0
7e:ed:86:c3:4c:e5|0|6|0|0|0|0
ba:9f:31:f7:09:ae|0|12|0|0|0|0
c8:66:5d:1f:4f:54|0|18|0|0|0|0
33:33:00:00:00:01|0|0|0|3|0|584
33:33:00:00:00:02|0|0|0|1|0|96
33:33:ff:1e:b6:60|0|0|0|1|0|112
da:0a:3d:e8:d9:87|0|6|0|0|0|0
1a:87:40:71:a1:9f|0|18|0|0|0|0
2e:1d:1c:f5:38:f2|0|35|0|6|0|690
d0:c6:37:81:ea:b1|0|6|0|0|0|0
33:33:00:00:00:16|0|0|0|2|0|248
64:b3:10:aa:e3:3c|0|18|0|0|0|0
