33
b4:e6:2d:f6:c8:79
90:9a:4a:80:71:9a|1288|6|384|246|331040|46534
ff:ff:ff:ff:ff:ff|0|2780|0|37|0|6050
90:9a:4a:80:85:9e|1104|0|0|0|0|0
20:aa:4b:5b:e6:4b|489|0|40|0|6360|0
68:ff:7b:c5:ca:c9|15|0|0|0|0|0
90:73:5a:c7:fe:f9|0|1|0|0|0|0
b4:e6:2d:f6:c8:79|0|1|0|4|0|454
c0:06:c3:8f:c0:7b|4|11|9|14|758|1394
54:2a:a2:73:c6:e9|2|54|0|0|0|0
28:6d:cd:09:2a:ea|0|0|38|6|8654|792
f0:ef:86:05:a3:fa|0|6|0|0|0|0
f4:f5:d8:8d:f2:58|2|1|0|0|0|0
50:eb:71:d0:6d:35|0|3|0|0|0|0
c0:06:c3:8f:c7:99|0|0|8|4|702|474
01:00:5e:00:00:fa|0|0|0|1|0|114
a4:50:46:4c:af:3b|14|18|191|356|36420|327926
64:5d:86:d7:5d:f2|4|9|0|0|0|0
ca:81:5d:fc:0d:27|0|1|0|0|0|0
26:4b:f5:19:a0:99|0|1|0|0|0|0
24:41:8c:45:80:6c|0|8|0|0|0|0
e4:5f:01:5c:9d:89|0|2|0|0|0|0
da:80:6e:cb:43:e7|0|5|0|0|0|0
44:07:0b:2f:49:8b|8|0|0|0|0|0
b8:27:eb:81:9a:d6|0|2|0|0|0|0
44:07:0b:70:9e:93|3|0|0|0|0|0
00:08:07:76:35:b7|0|2|0|0|0|0
01:00:5e:00:00:01|0|0|0|1|0|76
33:33:00:00:00:01|0|0|0|1|0|120
da:a1:19:10:10:10|1|7|0|0|0|0
00:08:10:80:dc:7a|0|1|0|0|0|0
54:60:09:e2:ee:aa|0|5|0|0|0|0
3c:8d:20:19:41:be|0|12|0|0|0|0
20:1f:3b:3a:bb:3d|2|0|0|0|0|0
