35
b4:e6:2d:f6:b6:a5
68:02:b8:1e:7f:1f|1285|0|321|15|59945|390
ff:ff:ff:ff:ff:ff|0|3542|0|213|0|20609
6a:02:98:1e:7f:1f|1283|0|0|0|0|0
d8:b6:b7:7a:3a:61|1309|0|14|65|1632|1792
e6:35:23:4e:ab:99|0|0|9|2|224|52
b4:e6:2d:f6:b6:a5|0|2|0|3|0|390
80:1f:02:b4:07:ae|1|20|15|2|390|198
01:00:5e:7f:ff:fa|0|0|0|90|0|36954
01:00:5e:00:00:fb|0|0|0|9|0|1473
4c:fc:aa:04:98:e5|6|0|0|0|0|0
e0:9d:31:02:83:40|0|31|0|0|0|0
70:ee:50:73:4e:36|0|0|19|0|494|0
b0:95:75:4b:b9:26|0|0|0|19|0|494
c8:66:5d:1f:4f:54|0|24|0|0|0|0
bc:54:51:02:a4:f0|0|0|23|2|776|52
a4:3e:a0:a4:2a:46|0|113|0|0|0|0
26:17:dc:59:74:f7|0|0|29|1|696|26
01:00:5e:00:00:01|0|0|0|1|0|88
80:be:05:5f:13:d9|0|7|0|0|0|0
84:16:f9:07:68:71|0|7|0|0|0|0
0e:26:0a:2f:38:6b|0|0|4|2|96|52
8e:ce:84:5f:9c:42|4|20|0|0|0|0
f8:77:b8:53:10:e8|8|86|0|0|0|0
33:33:00:00:00:01|0|0|0|3|0|584
33:33:00:00:00:02|0|0|0|1|0|96
33:33:ff:1e:b6:60|0|0|0|1|0|112
01:00:5e:00:00:16|0|0|0|2|0|180
33:33:00:00:00:fb|0|0|0|3|0|711
04:4e:af:fb:fd:77|4|0|0|0|0|0
80:30:49:55:d3:2f|0|7|0|0|0|0
26:94:9b:c4:cd:39|4|1|0|0|0|0
64:b3:10:aa:e3:3c|0|12|0|0|0|0
d8:8c:79:90:f4:9b|0|7|0|0|0|0
70:bc:10:16:23:53|0|19|0|0|0|0
1a:87:40:af:9d:0e|0|6|0|0|0|0
