54
b4:e6:2d:f6:b6:a5
68:02:b8:1e:7f:1f|1303|0|29|24|3365|728
ff:ff:ff:ff:ff:ff|0|2931|0|7|0|532
6a:02:98:1e:7f:1f|1300|0|0|0|0|0
bc:54:51:02:a4:f0|0|0|22|1|752|26
d8:b6:b7:7a:3a:61|811|0|8|52|270|1480
a4:3e:a0:a4:2a:46|0|120|0|0|0|0
b4:e6:2d:f6:b6:a5|0|2|0|3|0|390
26:17:dc:59:74:f7|0|0|12|2|288|52
54:2a:a2:48:a3:f0|0|47|0|0|0|0
f0:5c:77:1a:f1:64|0|6|0|0|0|0
6e:10:ba:c1:91:f2|0|9|0|0|0|0
0e:26:0a:2f:38:6b|0|0|10|2|240|52
cc:4b:73:b0:02:dc|0|1|0|0|0|0
ee:57:50:1f:cd:d9|1|11|0|0|0|0
e6:35:23:4e:ab:99|0|0|8|2|200|52
80:58:f8:93:88:29|0|0|17|10|494|1255
be:60:98:76:0e:27|1|2|0|0|0|0
26:94:9b:c4:cd:39|0|0|7|4|234|396
ca:a1:cd:f4:97:4e|0|15|0|0|0|0
32:0f:ae:cd:dd:84|0|11|0|0|0|0
1e:0b:db:1d:93:cc|15|0|0|0|0|0
08:26:97:a4:14:21|0|15|0|0|0|0
fa:1b:4f:f9:8c:22|0|20|0|0|0|0
64:b3:10:aa:e3:3c|0|16|0|0|0|0
6e:70:3d:5e:35:5a|1|10|0|0|0|0
fe:a5:68:c8:f5:ac|0|7|0|0|0|0
96:27:41:7d:e9:10|2|0|0|0|0|0
d6:69:58:d5:20:e3|0|14|0|0|0|0
e6:77:f3:38:ed:73|0|6|0|0|0|0
4e:9b:05:55:9f:ce|6|83|0|0|0|0
d8:55:75:a5:c6:50|0|2|0|0|0|0
be:49:79:eb:01:7d|0|7|0|0|0|0
b6:1b:8b:e8:e1:1c|0|10|0|0|0|0
5e:1d:8f:a5:e9:5c|0|8|0|0|0|0
06:fa:6e:f8:7d:27|0|11|0|0|0|0
5c:f8:21:84:a4:31|0|6|0|0|0|0
ee:27:0b:01:24:7c|0|6|0|0|0|0
8e:10:02:7e:41:e1|0|7|0|0|0|0
4a:dc:0d:47:a1:80|0|7|0|0|0|0
c8:66:5d:1f:4f:54|0|6|0|0|0|0
7e:b7:3d:4e:b4:a0|2|7|0|0|0|0
12:6d:d9:0b:de:33|0|1|0|0|0|0
0e:a0:e0:cf:aa:23|0|21|0|0|0|0
33:33:00:00:00:01|0|0|0|3|0|584
33:33:00:00:00:02|0|0|0|1|0|96
33:33:ff:1e:b6:60|0|0|0|1|0|112
d8:8c:79:90:f4:9b|0|7|0|0|0|0
