19
b4:e6:2d:f6:b6:a5
68:02:b8:1e:7f:1f|1228|0|243|8|48912|208
ff:ff:ff:ff:ff:ff|0|2350|0|166|0|15673
6a:02:98:1e:7f:1f|1226|0|0|0|0|0
b4:e6:2d:f6:b6:a5|0|2|0|5|0|577
01:00:5e:00:00:fb|0|0|0|3|0|441
33:33:00:00:00:fb|0|0|0|3|0|501
33:33:00:00:00:01|0|0|0|3|0|584
33:33:00:00:00:02|0|0|0|1|0|96
33:33:ff:1e:b6:60|0|0|0|1|0|112
01:00:5e:7f:ff:fa|0|0|0|60|0|30806
a4:3e:a0:a4:2a:46|0|42|0|0|0|0
80:58:f8:93:88:29|0|0|8|1|208|122
da:a1:19:96:6a:f9|0|6|0|0|0|0
92:67:8d:0c:fe:9a|3|0|0|0|0|0
64:b3:10:aa:e3:3c|0|18|0|0|0|0
e8:2a:44:ce:a5:13|0|6|0|0|0|0
0e:83:04:dc:5d:0c|0|12|0|0|0|0
26:a1:80:cb:7b:c0|3|18|0|0|0|0
c8:66:5d:1f:4f:54|0|6|0|0|0|0
