57
b4:e6:2d:f6:c8:79
90:9a:4a:80:71:9a|1227|5|86|64|7641|9872
ff:ff:ff:ff:ff:ff|0|2847|0|13|0|1592
90:9a:4a:80:85:9e|1078|0|135|75|15010|1800
20:aa:4b:5b:e6:4b|616|0|15|0|1782|0
68:ff:7b:c5:ca:c9|75|0|0|0|0|0
9e:ab:89:2d:82:91|0|63|75|135|1800|15010
b4:e6:2d:f6:c8:79|0|2|0|4|0|454
c0:06:c3:8f:c7:99|0|0|11|63|1029|4995
28:6d:cd:09:2a:ea|0|0|30|3|6482|315
a4:50:46:4c:af:3b|0|0|7|1|466|126
c0:06:c3:8f:c0:7b|5|9|16|15|1895|1751
44:07:0b:89:e4:ab|7|0|0|0|0|0
f4:f5:d8:8d:f2:58|0|2|0|0|0|0
a6:26:e0:d3:27:ae|0|2|0|0|0|0
e6:3a:6c:ea:dc:2a|1|7|0|0|0|0
02:e8:99:6d:4f:7a|0|4|0|0|0|0
be:db:b9:af:aa:4f|0|3|0|0|0|0
be:47:fe:bf:0f:66|0|2|0|0|0|0
44:07:0b:2f:49:8b|8|0|0|0|0|0
08:9e:08:bc:6c:2b|0|4|0|0|0|0
01:00:5e:00:00:fa|0|0|0|1|0|114
12:49:f8:cb:e2:40|1|0|0|0|0|0
42:67:57:bd:82:9c|0|1|0|0|0|0
da:a1:19:4a:4a:4a|0|2|0|0|0|0
96:f4:bf:07:d1:12|0|1|0|0|0|0
06:38:43:30:d4:2e|0|1|0|0|0|0
f0:ef:86:05:a3:fa|0|10|0|0|0|0
5c:5f:67:4a:d7:b0|1|0|0|0|0|0
7e:d8:c6:3e:49:55|0|1|0|0|0|0
c6:4e:88:fe:2b:de|0|3|0|0|0|0
3a:39:f6:cf:20:cd|1|4|0|0|0|0
ca:f2:32:c1:1a:72|0|1|0|0|0|0
50:e0:85:84:55:94|4|13|0|0|0|0
44:07:0b:70:9e:93|2|0|0|0|0|0
76:78:27:bc:20:c6|0|3|0|0|0|0
82:36:a6:62:96:10|1|0|0|0|0|0
dc:bf:e9:d7:76:f3|0|3|0|0|0|0
82:ae:d8:53:cf:12|1|0|0|0|0|0
24:77:03:d4:12:38|1|8|0|0|0|0
2a:03:cd:b4:87:78|0|3|0|0|0|0
9c:5a:81:3c:9b:3b|0|6|0|0|0|0
00:08:07:76:35:b7|0|6|0|0|0|0
16:fc:00:08:80:53|1|0|0|0|0|0
54:3a:d6:77:88:6e|0|10|0|0|0|0
16:46:fe:9b:1a:f0|1|0|0|0|0|0
3c:22:fb:60:87:53|0|2|0|0|0|0
c6:dc:b5:72:b8:2f|0|3|0|0|0|0
72:e9:02:95:6e:0c|0|6|0|0|0|0
9e:e0:c7:4c:63:99|0|1|0|0|0|0
01:00:5e:00:00:01|0|0|0|1|0|76
72:32:14:de:98:36|1|0|0|0|0|0
b4:75:0e:da:6c:72|2|0|0|0|0|0
b4:75:0e:da:6c:73|2|0|0|0|0|0
8e:6d:f9:4d:cb:38|0|2|0|0|0|0
7c:2e:bd:f4:94:ee|10|0|0|0|0|0
54:60:09:e2:ee:aa|0|3|0|0|0|0
d6:5a:6f:eb:1a:82|0|3|0|0|0|0
