33
b4:e6:2d:f6:b6:a5
68:02:b8:1e:7f:1f|1278|0|402|0|68899|0
ff:ff:ff:ff:ff:ff|0|3176|0|363|0|63795
01:00:5e:7f:ff:fa|0|0|0|24|0|3018
6a:02:98:1e:7f:1f|1280|0|0|0|0|0
d8:b6:b7:7a:3a:61|969|0|29|58|6525|1862
e6:35:23:4e:ab:99|0|0|8|2|200|52
26:17:dc:59:74:f7|0|0|12|2|288|52
bc:54:51:02:a4:f0|0|0|25|2|1062|52
0e:26:0a:2f:38:6b|0|0|13|2|312|52
b4:e6:2d:f6:b6:a5|0|1|0|5|0|574
6e:33:b2:53:7e:94|0|6|0|0|0|0
d6:0c:76:2b:43:b3|0|6|0|0|0|0
a4:3e:a0:a4:2a:46|0|138|0|0|0|0
c8:66:5d:1f:4f:54|0|18|0|0|0|0
26:e8:57:3b:a5:93|0|4|0|0|0|0
f0:5c:77:1a:f1:64|0|7|0|0|0|0
a6:db:07:39:11:e1|2|0|0|0|0|0
de:e7:9f:42:9a:6a|0|7|0|0|0|0
a6:65:6d:be:7e:cb|0|6|0|0|0|0
aa:15:89:a4:c5:9e|0|12|0|0|0|0
01:00:5e:00:00:fb|0|0|0|15|0|3902
33:33:00:00:00:fb|0|0|0|14|0|3679
f8:77:b8:53:10:e8|6|72|0|0|0|0
33:33:00:00:00:16|0|0|0|2|0|248
4a:11:dd:d1:fa:2b|0|6|0|0|0|0
46:2d:64:31:53:e6|2|0|0|0|0|0
20:79:18:e7:01:8a|0|6|0|0|0|0
b2:86:7c:aa:dc:fa|1|0|0|0|0|0
ee:4f:ae:a8:35:f4|0|9|0|0|0|0
78:9f:70:2b:86:c6|0|6|0|0|0|0
42:c3:29:6b:8a:c7|0|45|0|0|0|0
cc:4b:73:b0:02:dc|0|2|0|0|0|0
6e:99:3e:70:a7:30|0|11|0|0|0|0
