255
b4:e6:2d:b5:a8:2d
2c:33:11:22:15:75|2350|0|0|0|0|0
ff:ff:ff:ff:ff:ff|0|8073|0|21|0|4842
aa:6d:aa:0c:6b:3d|68|0|0|0|0|0
08:71:90:66:14:03|6|10|120|0|3279|0
2c:33:11:22:15:70|3001|16|15|304|2903|7782
00:1e:c0:18:c5:eb|611|0|92|0|2208|0
92:49:b3:0f:ed:0f|19|353|0|0|0|0
2c:33:11:22:15:72|2457|0|0|0|0|0
2c:33:11:22:15:76|2391|0|0|0|0|0
2c:33:11:22:15:71|2367|0|0|0|0|0
2c:33:11:22:15:77|2349|0|0|0|0|0
30:b5:c2:fa:51:ad|566|0|28|0|6368|0
54:09:10:d5:c5:15|0|0|0|44|0|1056
02:00:00:00:00:00|9|334|0|0|0|0
ae:a4:e0:cc:78:1b|3|12|0|0|0|0
04:d3:b0:b5:3c:95|9|6|1|10|111|2295
00:00:00:00:00:00|0|0|156|0|5304|0
2e:33:11:22:15:70|0|0|0|156|0|5304
ae:f5:e0:1f:de:4e|1|34|0|0|0|0
ec:2e:98:35:a6:bd|60|0|60|0|1440|0
2c:33:11:31:db:2f|0|60|0|60|0|1440
e4:0e:ee:bf:00:55|0|0|0|48|0|1152
b4:e6:2d:b5:a8:2d|0|1|0|3|0|428
5a:d3:44:ef:f9:2c|0|15|0|0|0|0
aa:e4:14:79:88:43|5|220|0|0|0|0
f0:0f:ec:92:20:e3|2|387|0|0|0|0
08:d2:3e:71:df:8b|0|49|0|0|0|0
42:aa:a6:96:bf:14|2|16|0|0|0|0
42:c2:00:48:bd:03|0|3|0|0|0|0
e4:a7:a0:0e:d6:75|29|404|0|0|0|0
0a:8c:1d:90:14:b0|0|3|0|0|0|0
2a:8d:b6:a8:ff:b6|0|33|0|0|0|0
ac:5f:3e:35:c3:3d|0|26|0|0|0|0
b6:48:3c:82:ac:a2|0|1|0|0|0|0
64:6e:e0:61:2d:9e|0|3|0|0|0|0
7a:8b:64:9e:7f:50|1|41|0|0|0|0
9e:ab:4e:c8:60:2a|0|18|0|0|0|0
9c:b6:d0:9a:33:d9|0|479|0|0|0|0
d2:b3:d8:27:65:ba|0|39|0|0|0|0
5c:77:76:c4:9e:b9|3|100|0|0|0|0
8e:f3:cf:72:20:7f|2|34|0|0|0|0
96:cf:d5:ac:fb:f9|0|17|0|0|0|0
68:ec:c5:e5:16:b3|0|11|0|0|0|0
e2:90:9c:38:f6:ed|0|17|0|0|0|0
f4:f5:d8:6e:d8:7e|1|0|41|0|1066|0
64:d1:a3:3c:78:a6|0|1|0|41|0|1066
62:0a:c3:e7:a7:ae|0|9|0|0|0|0
66:d7:06:bf:6a:7b|0|17|0|0|0|0
02:33:a2:4b:d0:59|1|9|0|0|0|0
8e:8c:cc:81:94:93|0|36|0|0|0|0
44:cb:8b:07:0f:6a|0|189|0|0|0|0
98:2c:bc:18:4b:d8|3|48|0|0|0|0
e2:97:ee:02:23:80|0|3|0|0|0|0
f0:f6:c1:d5:cb:42|0|18|0|0|0|0
54:2a:a2:73:c6:e9|5|240|0|0|0|0
fc:b3:bc:9c:be:36|0|6|0|0|0|0
8e:94:a1:89:43:cb|1|3|0|0|0|0
8c:85:90:29:a9:93|1|0|0|0|0|0
36:36:fd:5c:f8:89|0|16|0|0|0|0
de:d7:ba:73:6e:21|0|18|0|0|0|0
f0:1d:bc:93:00:a1|1|36|0|0|0|0
44:cb:8b:8b:56:b0|10|351|0|0|0|0
1a:dc:97:08:88:7a|0|17|0|0|0|0
66:b9:33:52:46:c1|8|30|0|0|0|0
f2:f0:f1:1b:22:20|3|28|0|0|0|0
2c:33:11:22:eb:20|0|0|2|0|180|0
01:0b:85:00:00:00|0|0|0|10|0|872
c2:68:9d:75:14:73|0|18|0|0|0|0
a6:eb:2c:9f:c9:60|0|17|0|0|0|0
74:e5:f9:00:9d:f3|0|18|0|0|0|0
1a:69:ff:b7:1b:1a|0|18|0|0|0|0
9a:27:01:45:21:30|6|81|0|0|0|0
a2:df:0a:a5:32:0f|0|18|0|0|0|0
cc:88:26:2e:62:07|16|180|0|0|0|0
fe:2e:98:35:a6:bd|80|0|0|0|0|0
da:a1:19:45:0d:88|0|68|0|0|0|0
a4:ca:a0:78:41:ef|1|57|0|0|0|0
d2:9b:06:65:2b:f1|19|735|0|0|0|0
fe:31:9f:9a:ba:f6|0|12|0|0|0|0
ac:d6:18:40:72:ef|0|3|0|0|0|0
2c:6d:c1:f9:50:1f|0|3|0|0|0|0
14:f6:d8:8f:16:be|0|6|0|0|0|0
86:a0:7c:c2:29:68|0|18|0|0|0|0
ce:4e:50:72:98:b7|0|18|0|0|0|0
16:b2:23:6c:4b:6c|0|35|0|0|0|0
98:09:cf:75:6d:be|0|17|0|0|0|0
06:c8:a2:f3:ac:6f|2|3|0|0|0|0
da:a1:19:29:64:cb|0|17|0|0|0|0
e6:6e:a3:4c:6a:2e|1|3|0|0|0|0
5e:23:bd:f0:c0:1e|0|18|0|0|0|0
b6:81:29:9b:65:35|0|33|0|0|0|0
68:76:4f:75:6c:5f|1|36|0|0|0|0
4e:8f:6c:a1:a6:7b|5|32|12|0|288|0
ca:73:3c:d6:a2:6d|0|32|0|0|0|0
01:00:5e:00:00:fb|0|0|0|2|0|562
6e:f6:a0:4e:a6:4a|2|34|0|0|0|0
8e:a8:a1:32:0d:cf|0|18|0|0|0|0
5a:65:c1:66:d2:89|0|18|0|0|0|0
ba:49:c1:b3:0b:e3|2|22|0|0|0|0
7a:7a:82:7c:51:89|3|9|0|0|0|0
0e:b8:9c:2d:ea:60|1|7|0|0|0|0
1a:10:40:fa:26:45|2|18|0|0|0|0
fe:34:e3:ac:99:6f|0|6|0|0|0|0
86:3b:a4:b9:7b:30|2|15|0|0|0|0
96:e2:b9:94:81:d1|2|12|0|0|0|0
8e:0c:40:39:f0:2f|0|17|0|0|0|0
40:a3:cc:a4:b3:c0|0|15|0|0|0|0
7a:b9:22:28:e8:76|0|36|0|0|0|0
52:e6:f5:04:3e:97|13|25|202|0|4848|0
08:96:ad:a0:62:e0|0|0|0|19|0|456
ee:d5:22:91:e1:26|1|28|0|0|0|0
8e:46:fb:06:d0:e0|0|3|0|0|0|0
fc:19:99:b1:5c:0f|0|17|0|0|0|0
16:a9:ab:66:d8:aa|1|15|0|0|0|0
be:18:e6:14:c6:68|0|16|0|0|0|0
2e:d0:33:ff:46:17|1|34|0|0|0|0
54:cd:ee:04:7b:62|0|36|0|0|0|0
26:5e:2c:37:15:56|0|17|0|0|0|0
9e:aa:3a:ff:c1:8f|1|6|0|0|0|0
b2:38:d1:b9:b3:0b|0|18|0|0|0|0
00:08:11:52:d0:e9|0|2|0|0|0|0
da:a1:19:c7:4f:e5|0|18|0|0|0|0
01:00:5e:7f:ff:fa|0|0|0|4|0|938
36:19:4d:ec:f8:e9|3|18|0|0|0|0
2e:0e:51:ff:21:19|0|44|0|0|0|0
70:cd:0d:9e:61:d2|0|49|0|0|0|0
b6:09:a6:38:8c:b5|1|17|0|0|0|0
ca:90:72:0f:4e:9a|0|18|0|0|0|0
ac:67:5d:07:d5:2d|0|54|0|0|0|0
44:cb:8b:07:0e:f0|0|78|0|0|0|0
3c:a6:f6:02:3f:61|0|3|0|0|0|0
00:a3:8e:8f:b3:b0|0|4|0|0|0|0
46:4a:55:b8:f4:b5|0|18|0|0|0|0
58:b1:0f:eb:40:8e|0|1|0|0|0|0
da:a1:19:d8:13:fb|0|17|0|0|0|0
a0:a8:cd:9c:29:26|8|76|0|0|0|0
da:a1:19:ee:b9:80|0|3|0|0|0|0
1a:e0:2a:2a:1f:0e|0|36|0|0|0|0
02:19:d8:fe:fa:de|0|16|0|0|0|0
ce:d1:87:bf:5f:8b|5|83|0|0|0|0
b6:ce:b5:35:a6:f5|0|17|0|0|0|0
06:b1:97:b2:c0:96|0|3|0|0|0|0
6e:66:10:42:f9:74|0|16|0|0|0|0
14:f6:d8:d5:c0:f0|0|18|0|0|0|0
62:59:6b:bf:14:c9|3|53|0|0|0|0
1a:d3:56:45:20:97|0|18|0|0|0|0
b6:3f:8a:00:60:52|0|6|0|0|0|0
62:0f:e6:61:2d:5f|3|3|0|0|0|0
36:26:00:b7:a3:e6|0|17|0|0|0|0
b2:2a:74:60:1c:d8|0|17|0|0|0|0
fe:88:60:40:4a:8a|4|22|0|0|0|0
5a:52:01:8b:2a:74|1|34|0|0|0|0
76:bd:d8:ce:68:6e|1|26|0|0|0|0
4a:11:6f:aa:e0:9d|0|18|0|0|0|0
f2:c9:2b:27:47:66|1|36|0|0|0|0
ee:3e:10:39:5d:03|2|17|0|0|0|0
46:f5:7d:0d:38:12|0|33|0|0|0|0
d2:c2:e0:0f:98:ec|13|43|0|0|0|0
52:ed:64:a2:cb:b5|0|18|0|0|0|0
16:20:8b:6e:0c:c1|1|32|0|0|0|0
42:0a:d5:f9:ba:60|2|17|0|0|0|0
a0:88:b4:92:4a:80|0|2|0|0|0|0
7e:43:8e:47:b1:0e|0|53|0|0|0|0
3a:cb:b9:3c:bb:f9|0|1|0|0|0|0
d0:ab:d5:78:cb:0c|0|21|0|0|0|0
80:45:dd:eb:e8:76|0|3|0|0|0|0
90:cc:df:f5:e4:7f|0|3|0|0|0|0
1a:09:89:1a:cc:0a|1|11|0|0|0|0
64:16:66:87:31:5a|0|2|0|0|0|0
9e:85:c1:b3:56:53|0|34|0|0|0|0
00:a3:8e:6e:89:a0|0|0|2|0|180|0
6a:a6:44:67:56:f6|0|52|0|0|0|0
ee:5f:c8:e7:04:aa|0|1|0|0|0|0
e6:cc:db:a6:1c:07|0|6|0|0|0|0
9e:f0:7c:55:74:9e|1|21|0|0|0|0
da:7c:29:f2:05:da|0|33|0|0|0|0
6a:17:be:4c:92:bf|1|18|0|0|0|0
f2:ca:cb:ef:a8:5f|1|0|0|0|0|0
2c:33:11:38:c8:d0|0|0|0|12|0|288
32:ee:ed:b3:1e:c9|1|53|0|0|0|0
72:ce:d9:3c:3d:51|0|18|0|0|0|0
0a:5f:4a:aa:55:23|0|18|0|0|0|0
9e:bd:2b:60:bd:60|0|6|0|0|0|0
5e:50:10:17:d3:33|0|17|0|0|0|0
ce:21:54:09:b7:43|0|6|0|0|0|0
ea:97:d1:84:52:ea|3|47|0|0|0|0
22:c3:57:64:60:02|0|5|0|0|0|0
06:6c:5c:07:6d:b5|1|33|0|0|0|0
a6:ca:5f:9a:a6:b5|2|12|0|0|0|0
d8:55:75:31:00:3d|0|9|0|0|0|0
86:f7:ce:60:c3:6c|1|53|0|0|0|0
1e:f2:e1:16:33:57|0|70|0|0|0|0
2a:e2:71:7a:3d:79|0|18|0|0|0|0
52:ae:00:6b:c0:83|0|6|0|0|0|0
7e:d2:6b:7d:cb:51|0|16|0|0|0|0
88:29:9c:4a:2c:c7|0|0|0|1|0|26
c6:2a:cd:d5:cb:02|0|1|0|0|0|0
ac:ed:5c:58:14:a2|0|1|0|0|0|0
7a:1d:b9:8b:1e:86|2|10|0|0|0|0
da:a1:19:29:76:61|0|17|0|0|0|0
74:15:75:70:ea:0c|0|14|0|0|0|0
ba:1b:18:d7:e2:00|1|18|0|0|0|0
a6:76:5b:4f:bc:4b|0|36|0|0|0|0
ae:8a:61:0e:23:b7|0|3|0|0|0|0
d2:ef:24:84:63:d8|2|18|0|0|0|0
9e:0a:da:6e:f8:e7|0|17|0|0|0|0
06:dd:69:32:1a:6c|2|25|0|0|0|0
4e:41:cb:20:99:94|0|17|0|0|0|0
da:a1:19:02:04:f7|0|2|0|0|0|0
7a:dc:d7:f7:86:52|2|0|0|0|0|0
16:75:ef:a0:59:90|0|18|0|0|0|0
a2:7b:67:a9:94:48|0|125|0|0|0|0
da:a1:19:01:85:98|0|18|0|0|0|0
2e:e5:db:94:d5:8b|0|18|0|0|0|0
ee:c5:ae:2b:b0:86|0|18|0|0|0|0
96:6e:44:cc:83:f3|1|17|0|0|0|0
cc:d9:ac:33:8a:1f|0|6|0|0|0|0
42:31:76:df:91:ae|1|36|0|0|0|0
aa:79:7b:3f:f0:00|4|12|0|0|0|0
3c:f0:11:11:d7:d5|2|9|0|0|0|0
b2:d0:86:85:e5:eb|5|70|0|0|0|0
46:1e:cd:d8:3d:44|2|19|0|0|0|0
2a:d5:e1:85:63:c6|1|36|0|0|0|0
a6:7a:eb:e2:c6:f7|0|3|0|0|0|0
00:a3:8e:6e:87:c0|0|0|2|0|180|0
3e:53:b4:d1:41:a3|0|18|0|0|0|0
52:17:cc:1c:87:9c|2|28|0|0|0|0
00:a3:8e:7e:ce:e0|0|0|1|0|76|0
a6:8c:a1:0a:49:d2|0|1|0|0|0|0
c2:d3:d3:b9:f2:82|0|35|0|0|0|0
12:79:22:da:1e:f5|0|3|0|0|0|0
d2:1c:8c:93:e6:d3|2|35|0|0|0|0
36:21:cf:8e:bc:81|1|16|0|0|0|0
76:ee:af:b5:dc:f1|0|53|0|0|0|0
36:57:da:8e:b8:3b|0|53|0|0|0|0
76:9d:33:39:98:83|2|28|0|0|0|0
ba:cf:af:0f:90:71|0|18|0|0|0|0
d2:b9:93:6f:50:9c|2|13|0|0|0|0
