128
b4:e6:2d:f6:b6:a5
68:02:b8:1e:7f:1f|1291|0|165|0|16773|0
ff:ff:ff:ff:ff:ff|0|3526|0|146|0|13628
6a:02:98:1e:7f:1f|1288|0|0|0|0|0
d8:b6:b7:7a:3a:61|1811|0|8|52|270|1572
70:ee:50:73:4e:36|0|0|34|0|876|0
b0:95:75:4b:b9:26|0|0|0|34|0|876
92:e8:de:5d:8f:74|5|12|0|0|0|0
a6:d6:75:62:25:b1|0|20|0|0|0|0
4a:51:5c:2e:83:17|0|1|0|0|0|0
12:df:67:e0:6f:a3|0|1|0|0|0|0
b4:e6:2d:f6:b6:a5|0|2|0|6|0|669
32:e4:e4:46:bb:9d|0|13|0|0|0|0
7e:e8:ec:49:a7:00|2|2|0|0|0|0
fa:2d:b6:ba:47:ff|0|8|0|0|0|0
a2:9a:45:c4:44:e1|0|7|0|0|0|0
a2:a6:17:44:7b:a2|0|2|0|0|0|0
26:17:dc:59:74:f7|0|0|13|2|312|52
ee:6d:ac:f9:94:da|0|8|0|0|0|0
bc:54:51:02:a4:f0|0|0|28|1|988|26
fe:48:c9:cd:75:1d|0|1|0|0|0|0
6e:56:7d:78:a7:bf|0|1|0|0|0|0
c6:a6:fe:1c:bd:5d|0|7|0|0|0|0
a4:3e:a0:a4:2a:46|0|99|0|0|0|0
fe:b0:be:56:04:90|1|18|0|0|0|0
00:1c:bf:52:98:29|0|14|0|0|0|0
da:a1:19:60:c7:d0|0|1|0|0|0|0
12:f2:11:a1:b1:0c|0|1|0|0|0|0
56:c8:ce:a8:72:25|0|9|0|0|0|0
9e:d8:b6:83:d0:27|0|1|0|0|0|0
92:2d:1a:7d:26:67|0|1|0|0|0|0
0e:26:0a:2f:38:6b|0|0|3|2|72|52
6a:64:9e:3d:9f:fa|0|7|0|0|0|0
5a:b2:03:6e:00:88|0|7|0|0|0|0
52:0d:87:53:36:28|0|7|0|0|0|0
02:af:a0:92:05:95|0|7|0|0|0|0
e2:10:18:0c:9d:f9|0|7|0|0|0|0
e6:35:23:4e:ab:99|0|0|8|2|200|52
1a:33:e6:76:c6:7d|0|8|0|0|0|0
aa:5c:9f:ec:bb:24|1|3|0|0|0|0
3a:05:f9:f6:96:5a|0|1|0|0|0|0
42:19:91:c3:b3:71|0|7|0|0|0|0
22:f6:c1:36:f0:33|0|7|0|0|0|0
ca:25:34:6c:8f:1d|0|7|0|0|0|0
da:a1:19:41:24:ba|0|7|0|0|0|0
a6:a2:f9:43:b9:59|0|1|0|0|0|0
8a:78:46:af:dd:19|0|1|0|0|0|0
06:3a:31:67:b5:b2|0|1|0|0|0|0
9a:a8:3d:38:23:4c|0|7|0|0|0|0
66:73:5d:b0:d1:98|0|7|0|0|0|0
52:d0:0c:e9:9d:0e|0|2|0|0|0|0
da:3f:31:64:0b:a5|0|1|0|0|0|0
26:ad:47:3f:7d:bd|0|14|0|0|0|0
52:78:f9:5e:9f:b1|0|1|0|0|0|0
0a:aa:7f:47:4d:3f|0|7|0|0|0|0
3a:0d:64:89:ac:85|0|7|0|0|0|0
5e:b3:47:47:c7:f4|0|7|0|0|0|0
1a:1e:2b:e2:93:9e|0|12|0|0|0|0
c2:ec:b7:25:0c:3a|0|2|0|0|0|0
02:95:72:fb:78:ca|0|5|0|0|0|0
6e:b5:dd:17:6f:4d|0|14|0|0|0|0
8e:38:69:e6:6d:de|0|6|0|0|0|0
06:d2:04:7e:dd:e7|0|7|0|0|0|0
2e:0f:03:3a:dc:3f|0|12|0|0|0|0
7a:3d:77:be:95:58|1|13|0|0|0|0
30:35:ad:7a:2f:04|0|4|0|0|0|0
f2:38:73:c2:4a:86|0|4|0|0|0|0
1a:2b:66:8d:ce:c0|0|4|0|0|0|0
fe:b2:64:48:1b:b4|0|7|0|0|0|0
be:79:c4:ad:b4:29|0|16|0|0|0|0
06:d6:35:45:0e:d7|0|7|0|0|0|0
12:7d:43:07:e1:75|2|18|0|0|0|0
01:00:5e:00:00:fb|0|0|0|5|0|896
33:33:00:00:00:fb|0|0|0|5|0|996
86:56:0e:ba:b3:3d|0|2|0|0|0|0
2e:e7:5b:49:77:43|0|1|0|0|0|0
1e:86:8d:cc:0d:3d|1|0|0|0|0|0
c8:66:5d:1f:4f:54|0|11|0|0|0|0
2a:58:cc:6a:4a:d0|0|8|0|0|0|0
3a:2a:89:fc:76:53|0|6|0|0|0|0
64:b3:10:aa:e3:3c|1|26|0|0|0|0
da:f4:ec:3e:fa:ec|0|8|0|0|0|0
96:0b:ea:78:52:3d|0|7|0|0|0|0
8a:6a:96:fe:e7:84|0|13|0|0|0|0
ae:da:98:a5:e1:96|0|1|0|0|0|0
33:33:00:00:00:01|0|0|0|3|0|584
02:00:00:00:00:00|0|8|0|0|0|0
fa:26:11:e2:79:31|0|21|0|0|0|0
1a:15:c7:db:2c:b4|0|1|0|0|0|0
72:42:b4:8c:b4:11|0|7|0|0|0|0
6e:83:4f:a8:45:ee|0|7|0|0|0|0
32:a3:e1:97:aa:a7|0|12|0|0|0|0
e2:1c:f6:0f:b5:14|0|7|0|0|0|0
4e:90:ce:f6:d4:30|3|14|0|0|0|0
ca:15:b7:15:5d:37|0|1|0|0|0|0
d6:c2:b5:2c:65:88|0|7|0|0|0|0
7a:18:85:28:79:b0|0|14|0|0|0|0
b6:ff:3b:c2:bf:48|0|7|0|0|0|0
ee:4c:fc:dd:7a:30|0|4|0|0|0|0
fa:29:e7:4a:7d:62|0|2|0|0|0|0
aa:1f:a1:ef:8b:fe|0|7|0|0|0|0
aa:f3:f0:d4:0c:2a|0|7|0|0|0|0
ce:f7:2c:70:2e:56|0|1|0|0|0|0
02:9c:bd:d7:34:88|0|6|0|0|0|0
0e:a1:d5:ae:b7:9d|0|13|0|0|0|0
52:2d:50:ba:0d:f2|0|7|0|0|0|0
e6:36:42:64:04:3e|0|5|0|0|0|0
62:d0:b2:3f:fa:eb|0|6|0|0|0|0
16:28:80:0d:77:a2|0|7|0|0|0|0
56:fa:3f:73:1e:f3|0|7|0|0|0|0
9a:8a:01:75:55:50|0|7|0|0|0|0
92:60:e8:c1:fb:19|0|6|0|0|0|0
f0:5c:77:1a:f1:64|0|7|0|0|0|0
96:d3:05:c1:6a:18|0|1|0|0|0|0
01:00:5e:00:00:01|0|0|0|1|0|88
ee:78:28:52:6e:90|0|7|0|0|0|0
6c:c7:ec:33:a6:7f|0|20|0|0|0|0
52:f9:4b:28:38:58|2|0|0|0|0|0
e2:2c:c7:cc:f3:64|0|20|0|0|0|0
6a:c2:04:0d:fd:d1|0|3|0|0|0|0
a6:9a:f7:d6:bc:59|0|10|0|0|0|0
b6:32:36:c7:5b:b0|0|7|0|0|0|0
9a:34:5e:3c:36:42|0|10|0|0|0|0
ce:a4:04:04:f1:ba|0|1|0|0|0|0
aa:c5:37:df:ad:c8|0|7|0|0|0|0
e2:81:21:5b:e3:e9|0|15|0|0|0|0
b6:d5:8b:43:80:27|0|1|0|0|0|0
56:00:ee:9c:1e:22|0|7|0|0|0|0
4a:4d:60:f3:b0:98|0|2|0|0|0|0
