47
b4:e6:2d:f6:b6:a5
68:02:b8:1e:7f:1f|1277|0|331|0|62014|0
ff:ff:ff:ff:ff:ff|0|2361|0|290|0|56049
6a:02:98:1e:7f:1f|1264|0|0|0|0|0
70:ee:50:73:4e:36|0|0|12|0|312|0
b0:95:75:4b:b9:26|0|0|0|12|0|312
33:33:00:00:00:01|0|0|0|4|0|816
33:33:00:00:00:02|0|0|0|1|0|96
33:33:ff:1e:b6:60|0|0|0|1|0|112
b4:e6:2d:f6:b6:a5|0|1|0|3|0|390
44:fe:3b:06:5c:71|14|0|0|0|0|0
0c:23:69:5b:f0:28|0|7|0|0|0|0
dc:41:a9:b1:30:a0|0|9|0|5|0|460
a4:3e:a0:a4:2a:46|0|87|0|0|0|0
ac:c3:58:0b:65:03|0|2|0|0|0|0
10:1c:0c:1a:10:10|3|12|0|0|0|0
0a:59:02:43:44:2c|3|6|0|0|0|0
6a:2b:81:f0:a3:3d|1|0|0|0|0|0
86:ab:2f:75:2c:b1|0|1|0|0|0|0
ea:96:92:92:8e:41|0|1|0|0|0|0
01:00:5e:00:00:16|0|0|0|5|0|470
33:33:00:00:00:16|0|0|0|5|0|620
01:00:5e:7f:ff:fa|0|0|0|6|0|1278
01:00:5e:00:00:fb|0|0|0|5|0|757
5e:75:31:71:22:2c|0|6|0|0|0|0
33:33:00:00:00:fb|0|0|0|4|0|728
33:33:00:01:00:03|0|0|0|1|0|129
01:00:5e:00:00:fc|0|0|0|1|0|109
1a:5e:3a:54:cc:ba|0|6|0|0|0|0
76:d9:ac:73:51:7c|0|6|0|0|0|0
ce:e9:7e:72:b9:04|1|0|0|0|0|0
b2:31:77:7b:71:bf|1|6|0|0|0|0
1a:ee:f4:88:42:34|1|0|0|0|0|0
8e:c1:c2:96:49:46|1|0|0|0|0|0
6e:4f:45:c5:6f:ca|1|6|0|0|0|0
5e:e7:c4:e4:cd:22|2|0|0|0|0|0
0e:25:61:6b:de:9a|2|6|0|0|0|0
36:93:73:c9:48:fa|2|6|0|0|0|0
64:b3:10:aa:e3:3c|0|18|0|0|0|0
d2:f4:89:a9:fd:69|2|6|0|0|0|0
66:eb:44:6f:5a:af|0|3|0|0|0|0
c8:66:5d:1f:4f:54|0|6|0|0|0|0
be:56:d8:fb:59:69|0|1|0|0|0|0
02:0f:25:7f:7b:d8|0|1|0|0|0|0
84:16:f9:07:68:71|0|6|0|0|0|0
06:54:49:e2:e8:19|0|1|0|0|0|0
00:1c:bf:52:98:29|0|6|0|0|0|0
8a:5e:a9:8f:a0:c8|2|0|0|0|0|0
