28
b4:e6:2d:f6:b6:a5
70:ee:50:73:4e:36|0|0|123|0|3196|0
b0:95:75:4b:b9:26|0|0|0|123|0|3196
d8:b6:b7:7a:3a:61|1339|0|17|202|2243|6821
ff:ff:ff:ff:ff:ff|0|3509|0|124|0|12053
68:02:b8:1e:7f:1f|1293|0|147|0|15494|0
6a:02:98:1e:7f:1f|1292|0|0|0|0|0
b4:e6:2d:f6:b6:a5|0|2|0|4|0|482
26:17:dc:59:74:f7|0|0|47|2|1128|52
e6:35:23:4e:ab:99|0|0|15|2|420|52
0e:26:0a:2f:38:6b|0|0|32|2|768|52
bc:54:51:02:a4:f0|0|0|108|2|4505|52
54:2a:a2:48:a3:f0|0|130|0|0|0|0
ae:3c:b5:5a:07:f2|0|4|0|0|0|0
c8:66:5d:1f:4f:54|0|12|0|0|0|0
01:00:5e:00:00:fb|0|0|0|11|0|1937
33:33:00:00:00:fb|0|0|0|10|0|2047
01:00:5e:00:00:02|0|0|0|1|0|90
a4:3e:a0:a4:2a:46|0|53|0|0|0|0
f8:77:b8:53:10:e8|12|151|0|0|0|0
01:00:5e:00:00:01|0|0|0|1|0|88
f0:5c:77:1a:f1:64|0|7|0|0|0|0
1a:87:40:1f:de:4c|0|27|0|0|0|0
33:33:00:00:00:16|0|0|0|2|0|248
33:33:00:00:00:01|0|0|0|3|0|584
46:4f:db:d3:76:52|0|6|0|0|0|0
f0:72:ea:da:42:c6|0|14|0|0|0|0
64:b3:10:aa:e3:3c|0|9|0|0|0|0
ce:ca:61:c2:02:77|0|12|0|0|0|0
