44
b4:e6:2d:f6:b6:a5
68:02:b8:1e:7f:1f|1355|0|371|0|92474|0
ff:ff:ff:ff:ff:ff|0|2371|0|277|0|56377
6a:02:98:1e:7f:1f|1353|0|0|0|0|0
b4:e6:2d:f6:b6:a5|0|1|0|5|0|1108
0a:30:3d:ce:98:d1|2|0|0|0|0|0
3a:2b:2b:61:68:85|2|0|0|0|0|0
a4:3e:a0:a4:2a:46|0|149|0|0|0|0
7e:66:9f:a7:12:57|0|12|0|0|0|0
8e:f0:a0:4c:b8:40|0|6|0|0|0|0
01:00:5e:7f:ff:fa|0|0|0|65|0|31607
fe:5d:c0:f2:52:08|1|0|0|0|0|0
0e:cf:80:60:8d:ee|2|0|0|0|0|0
54:2a:a2:48:a3:f0|0|24|0|0|0|0
e4:57:40:c4:7c:81|8|0|0|0|0|0
f6:57:40:c4:7c:81|7|0|0|0|0|0
33:33:00:00:00:01|0|0|0|3|0|584
5c:f8:21:84:a4:31|0|7|0|0|0|0
c0:ee:fb:43:db:fb|3|0|0|0|0|0
c8:66:5d:1f:4f:54|0|18|0|0|0|0
26:fc:97:b4:33:6c|1|0|0|0|0|0
d8:8c:79:90:f4:9b|0|6|0|0|0|0
10:1c:0c:1a:10:10|2|30|0|0|0|0
22:23:0d:c8:3c:8c|0|12|0|0|0|0
1a:87:40:91:be:4e|0|36|0|0|0|0
ce:70:64:46:54:d0|0|6|0|0|0|0
64:b3:10:aa:e3:3c|0|12|0|0|0|0
33:33:00:00:00:16|0|0|0|5|0|620
01:00:5e:00:00:16|0|0|0|5|0|470
02:fc:ea:dd:10:06|0|6|0|0|0|0
01:00:5e:00:00:fb|0|0|0|4|0|648
33:33:00:00:00:fb|0|0|0|4|0|728
33:33:00:01:00:03|0|0|0|1|0|129
01:00:5e:00:00:fc|0|0|0|1|0|109
5a:df:1e:d0:cb:e8|1|0|0|0|0|0
86:19:2d:3b:35:e7|0|6|0|0|0|0
7a:11:f8:97:67:f7|3|5|0|0|0|0
ea:c5:8d:94:2f:6d|0|6|0|0|0|0
46:1d:92:bd:7c:5f|0|6|0|0|0|0
66:96:5c:5c:b3:27|1|0|0|0|0|0
c6:d5:f5:34:9c:59|0|6|0|0|0|0
d2:0d:79:82:ce:80|2|6|0|0|0|0
01:80:c2:00:00:0e|0|0|0|1|0|94
b2:28:39:a8:52:24|0|6|0|0|0|0
66:49:f6:78:27:1f|0|6|0|0|0|0
