38
b4:e6:2d:f6:c8:79
90:9a:4a:80:71:9a|1212|5|16|16|1766|1207
ff:ff:ff:ff:ff:ff|0|2948|0|42|0|7534
20:aa:4b:5b:e6:4b|671|0|44|0|7730|0
90:9a:4a:80:85:9e|1059|0|103|0|14235|0
68:ff:7b:c5:ca:c9|104|0|0|0|0|0
44:07:0b:70:9e:93|4|0|0|0|0|0
b4:e6:2d:f6:c8:79|0|4|0|4|0|454
c0:06:c3:8f:c7:99|0|0|11|6|1029|711
3a:92:81:2d:27:7f|1|4|0|0|0|0
9e:ab:89:2d:82:91|0|0|0|102|0|14151
20:df:b9:8e:c2:c7|2|0|0|0|0|0
b8:27:eb:81:9a:d6|0|1|0|0|0|0
44:07:0b:2f:49:8b|7|0|0|0|0|0
00:08:07:76:35:b7|0|1|0|0|0|0
ba:92:3e:fe:ff:fd|0|13|0|0|0|0
c0:06:c3:8f:c0:7b|4|7|3|6|126|601
7c:2e:bd:f4:94:ee|7|0|0|0|0|0
f0:ef:86:06:76:35|0|7|0|0|0|0
12:e8:29:e4:16:89|2|0|0|0|0|0
54:60:09:e2:ee:aa|0|19|0|0|0|0
f0:ef:86:05:a3:fa|0|10|0|0|0|0
33:33:00:00:00:01|0|0|0|1|0|120
a4:77:33:63:f5:7e|0|5|0|0|0|0
