64
b4:e6:2d:f6:c8:79
90:9a:4a:80:71:9a|1357|30|11204|1569|14344159|239685
ff:ff:ff:ff:ff:ff|0|2674|0|22|0|3481
20:aa:4b:5b:e6:4b|546|0|121|0|29107|0
00:08:07:76:35:b7|0|1|0|0|0|0
90:9a:4a:80:85:9e|973|0|0|0|0|0
e6:1d:78:73:e4:e3|0|0|0|93|0|23981
b4:e6:2d:f6:c8:79|0|3|0|4|0|502
d4:e6:b7:00:ef:d5|0|1|0|0|0|0
26:b7:60:32:44:eb|0|1|0|0|0|0
28:6d:cd:09:2a:ea|1|2|3|0|78|0
ec:5c:68:84:b1:4b|3|36|0|0|0|0
a4:50:46:4c:af:3b|36|74|1551|11192|238283|14342750
01:00:5e:00:00:fb|0|0|0|3|0|1314
c0:06:c3:8f:c7:99|0|0|7|4|543|474
c0:06:c3:8f:c0:7b|2|4|8|4|781|433
da:a1:19:6a:3f:05|1|0|0|0|0|0
82:04:74:c1:16:a6|0|1|0|0|0|0
33:33:00:00:00:fb|0|0|0|1|0|141
bc:54:2f:5e:b7:f3|0|9|0|0|0|0
54:60:09:e2:ee:aa|0|2|0|0|0|0
f4:f5:d8:8d:f2:58|0|6|0|0|0|0
d6:4b:bf:37:b2:a2|1|3|0|0|0|0
54:60:09:01:a1:78|1|0|0|0|0|0
0a:33:2f:96:1f:dc|1|6|0|0|0|0
3e:fd:1c:38:ae:0c|0|4|0|0|0|0
b2:2f:b4:3e:81:83|2|0|0|0|0|0
26:2e:aa:79:c8:0e|2|5|0|0|0|0
aa:b4:22:24:ac:25|0|3|0|0|0|0
16:24:3a:8e:18:f4|0|2|0|0|0|0
ee:32:3a:88:e9:b0|0|1|0|0|0|0
b2:43:6e:b3:c5:e1|0|3|0|0|0|0
9e:e5:33:a0:63:da|0|4|0|0|0|0
66:57:c5:15:f4:5d|0|5|0|0|0|0
b8:27:eb:81:9a:d6|0|2|0|0|0|0
92:fc:95:82:23:b5|1|5|0|0|0|0
0e:e5:35:74:b0:dd|0|1|0|0|0|0
f0:ef:86:06:76:35|0|2|0|0|0|0
1e:3e:e9:2a:4d:72|0|3|0|0|0|0
44:07:0b:2f:49:8b|5|0|0|0|0|0
22:48:f8:26:26:64|2|9|0|0|0|0
0a:3d:66:05:45:35|0|1|0|0|0|0
24:77:03:d4:12:38|1|3|0|0|0|0
ae:7b:7d:2a:bd:00|0|1|0|0|0|0
ca:c2:05:96:14:3a|1|3|0|0|0|0
1a:99:9b:9a:e1:b2|0|2|0|0|0|0
01:00:5e:00:00:fa|0|0|0|1|0|114
01:00:5e:00:00:01|0|0|0|1|0|76
c0:87:eb:8e:48:ef|0|6|0|0|0|0
a0:2c:36:28:1e:19|0|3|0|0|0|0
ba:46:1b:dd:6a:5f|2|0|0|0|0|0
02:00:00:00:00:00|3|7|0|0|0|0
3e:f7:73:08:5c:56|1|3|0|0|0|0
30:c3:d9:15:01:41|1|0|0|0|0|0
3e:0a:39:4a:eb:c8|1|0|0|0|0|0
90:9a:4a:80:6d:41|1|0|0|0|0|0
62:9b:f2:09:97:9a|1|4|0|0|0|0
8e:fe:67:05:64:d1|0|1|0|0|0|0
84:cf:bf:8f:18:40|1|9|0|0|0|0
14:c1:4e:07:26:d2|2|0|0|0|0|0
44:07:0b:70:9e:93|1|0|0|0|0|0
ce:92:3f:bb:62:0a|0|2|0|0|0|0
46:3c:4c:e3:1b:1b|1|3|0|0|0|0
f0:d0:8c:37:d7:4e|1|0|0|0|0|0
ba:92:3e:fe:ff:fd|0|2|0|0|0|0
