33
b4:e6:2d:f6:c8:79
90:9a:4a:80:85:9e|1129|0|5|1|396|24
ff:ff:ff:ff:ff:ff|0|2770|0|11|0|2152
90:9a:4a:80:71:9a|1225|14|7813|21888|11031501|12503199
68:ff:7b:c5:ca:c9|396|0|0|0|0|0
c0:06:c3:8f:c0:7b|4|10|11|3|1162|234
20:aa:4b:5b:e6:4b|124|0|12|0|2266|0
b4:e6:2d:f6:c8:79|0|1|0|4|0|471
9e:ab:89:2d:82:91|0|13|1|4|24|312
28:6d:cd:09:2a:ea|0|0|28|2|6314|156
b8:27:eb:81:9a:d6|1|0|0|0|0|0
f0:f6:c1:d5:cb:42|0|5|0|0|0|0
c0:06:c3:8f:c7:99|2|4|7|1|423|78
22:48:f8:26:26:64|3|16|0|0|0|0
e4:5f:01:5c:9d:89|0|3|0|0|0|0
a6:23:9c:e5:b4:cb|3|18|0|0|0|0
20:f4:78:24:ce:e8|1|3|0|0|0|0
f4:f5:d8:8d:f2:58|1|0|0|0|0|0
a4:50:46:4c:af:3b|8|15|21842|7803|12495300|11030562
44:07:0b:2f:49:8b|6|0|0|0|0|0
54:60:09:e2:ee:aa|0|6|0|0|0|0
f0:ef:86:06:76:35|0|8|0|0|0|0
f0:ef:86:21:66:5f|0|6|0|0|0|0
08:9e:08:bc:6c:2b|0|1|0|0|0|0
d8:47:32:54:de:63|0|3|0|0|0|0
01:00:5e:00:00:fa|0|0|0|1|0|114
9c:5a:81:3c:9b:3b|0|3|0|0|0|0
30:07:4d:83:4d:ce|0|1|0|0|0|0
01:00:5e:00:00:01|0|0|0|1|0|84
da:a1:19:bd:e7:5c|0|1|0|0|0|0
20:1f:3b:3a:bb:3d|1|0|0|0|0|0
62:49:0d:03:81:03|0|3|0|0|0|0
84:d8:1b:29:48:82|1|0|0|0|0|0
70:b1:3d:c0:52:52|0|1|0|0|0|0
