34
b4:e6:2d:f6:b6:a5
d8:b6:b7:7a:3a:61|1071|0|7|45|244|1498
ff:ff:ff:ff:ff:ff|0|3274|0|304|0|58033
68:02:b8:1e:7f:1f|1273|0|327|12|63699|312
6a:02:98:1e:7f:1f|1275|0|0|0|0|0
b2:f9:8b:e2:fd:58|0|7|0|0|0|0
a4:3e:a0:a4:2a:46|0|115|0|0|0|0
ca:92:31:33:18:e4|0|6|0|0|0|0
b4:e6:2d:f6:b6:a5|0|1|0|3|0|390
26:17:dc:59:74:f7|0|0|13|2|312|52
bc:54:51:02:a4:f0|0|0|21|1|914|26
70:ee:50:73:4e:36|0|0|37|0|958|0
b0:95:75:4b:b9:26|0|0|0|37|0|958
f8:77:b8:53:10:e8|5|145|0|0|0|0
80:1f:02:b4:07:ae|0|0|12|0|312|0
c8:66:5d:1f:4f:54|0|12|0|0|0|0
1e:cc:d6:88:66:5e|0|3|0|0|0|0
0e:26:0a:2f:38:6b|0|0|3|2|72|52
e6:35:23:4e:ab:99|0|0|8|1|200|26
7e:ed:86:c3:4c:e5|0|12|0|0|0|0
01:00:5e:7f:ff:fa|0|0|0|10|0|3602
fe:38:a3:a7:15:9f|2|6|0|0|0|0
ec:2e:98:f0:f5:27|0|13|0|0|0|0
4e:74:47:18:eb:fe|0|1|0|0|0|0
32:a6:34:a8:28:97|1|0|0|0|0|0
01:00:5e:00:00:01|0|0|0|1|0|88
33:33:00:00:00:01|0|0|0|3|0|584
33:33:00:00:00:02|0|0|0|1|0|96
33:33:ff:1e:b6:60|0|0|0|1|0|112
1e:cc:d6:96:94:b0|0|1|0|0|0|0
64:b3:10:aa:e3:3c|0|24|0|0|0|0
f0:72:ea:da:42:c6|0|7|0|0|0|0
01:00:5e:00:00:16|0|0|0|1|0|90
01:00:5e:00:00:fb|0|0|0|2|0|376
33:33:00:00:00:fb|0|0|0|2|0|416
