19
b4:e6:2d:f6:b6:a5
d8:b6:b7:7a:3a:61|1040|0|4|73|350|1980
ff:ff:ff:ff:ff:ff|0|3321|0|0|0|0
68:02:b8:1e:7f:1f|1228|0|6|0|974|0
6a:02:98:1e:7f:1f|1226|0|0|0|0|0
b4:e6:2d:f6:b6:a5|0|2|0|3|0|390
c0:ee:fb:43:db:fb|0|44|0|0|0|0
26:17:dc:59:74:f7|0|0|13|0|312|0
a4:3e:a0:a4:2a:46|0|60|0|0|0|0
bc:54:51:02:a4:f0|0|0|26|1|848|210
70:ee:50:73:4e:36|0|0|15|0|386|0
b0:95:75:4b:b9:26|0|0|0|15|0|386
ba:9f:31:f7:09:ae|0|15|0|0|0|0
0e:26:0a:2f:38:6b|0|0|31|0|744|0
e6:35:23:4e:ab:99|0|0|3|2|76|52
da:a1:19:c9:3d:8d|0|20|0|0|0|0
c8:66:5d:1f:4f:54|0|18|0|0|0|0
01:00:5e:00:00:01|0|0|0|1|0|88
64:b3:10:aa:e3:3c|0|14|0|0|0|0
33:33:00:00:00:01|0|0|0|3|0|584
