54
b4:e6:2d:f6:c8:79
68:ff:7b:c5:ca:c9|690|0|0|0|0|0
ff:ff:ff:ff:ff:ff|0|3792|0|47|0|9085
90:9a:4a:80:85:9e|1185|0|0|0|0|0
90:9a:4a:80:71:9a|1239|9|31|67|3561|9382
c0:06:c3:8f:c0:7b|4|8|10|8|949|866
28:6d:cd:09:2a:ea|0|0|30|5|6654|633
20:aa:4b:5b:e6:4b|766|0|50|59|9433|1416
cc:50:e3:f0:6b:20|0|0|59|0|1416|0
b4:e6:2d:f6:c8:79|0|4|0|4|0|454
4a:32:55:2f:80:1c|0|1|0|0|0|0
a4:77:33:63:f5:7e|3|0|0|0|0|0
38:8b:59:29:24:78|5|0|0|0|0|0
56:2f:c1:3a:b8:8f|0|6|0|0|0|0
b8:27:eb:81:9a:d6|2|5|0|0|0|0
a4:50:46:4c:af:3b|1|2|21|3|1257|345
44:07:0b:2f:49:8b|13|0|0|0|0|0
3c:8d:20:4f:d8:e9|7|0|0|0|0|0
1a:d1:6f:46:21:73|0|2|0|0|0|0
94:9f:3e:84:df:5a|2|17|0|0|0|0
0e:14:19:b9:21:71|0|3|0|0|0|0
f0:ef:86:05:a3:fa|0|2|0|0|0|0
7a:ed:54:9a:d6:f1|0|3|0|0|0|0
20:df:b9:ac:28:3b|3|0|0|0|0|0
c0:06:c3:8f:c7:99|4|9|6|11|522|1263
4e:70:e0:af:73:55|2|0|0|0|0|0
2e:88:e8:4e:ad:f9|0|2|0|0|0|0
62:8d:01:e9:5a:2b|0|1|0|0|0|0
f4:f5:d8:8d:f2:58|10|6|0|0|0|0
01:00:5e:00:00:fa|0|0|0|2|0|228
60:ab:14:68:89:98|0|0|1|0|24|0
50:d4:f7:59:b0:8b|0|0|0|1|0|24
44:07:0b:70:9e:93|6|0|0|0|0|0
24:41:8c:45:80:6c|2|26|0|0|0|0
1c:bf:ce:e3:fb:45|0|2|0|0|0|0
a6:23:9c:e5:b4:cb|1|0|0|0|0|0
44:07:0b:6c:b6:e3|4|0|0|0|0|0
44:07:0b:60:bf:75|1|0|0|0|0|0
da:a1:19:15:e8:28|3|17|0|0|0|0
10:fe:ed:a2:a3:dc|0|0|1|0|120|0
01:00:5e:00:00:fb|0|0|0|1|0|120
20:f4:78:24:ce:e8|2|3|0|0|0|0
76:1b:11:84:0c:35|0|1|0|0|0|0
46:d7:5d:b1:48:42|0|3|0|0|0|0
5a:be:55:96:4f:be|0|1|0|0|0|0
72:1e:c8:5b:51:f8|1|0|0|0|0|0
00:08:07:76:35:b7|0|9|0|0|0|0
f4:f5:d8:84:58:92|0|2|0|0|0|0
