23
b4:e6:2d:f6:b6:a5
68:02:b8:1e:7f:1f|1275|0|450|0|101268|0
ff:ff:ff:ff:ff:ff|0|2345|0|326|0|60621
6a:02:98:1e:7f:1f|1261|0|0|0|0|0
b4:e6:2d:f6:b6:a5|0|1|0|5|0|577
70:ee:50:73:4e:36|0|0|60|0|1558|0
b0:95:75:4b:b9:26|0|0|0|60|0|1558
a4:3e:a0:a4:2a:46|0|90|0|0|0|0
d0:c6:37:81:ea:b1|0|30|0|0|0|0
01:00:5e:00:00:fb|0|0|0|19|0|2861
01:00:5e:7f:ff:fa|0|0|0|70|0|33012
33:33:00:00:00:01|0|0|0|3|0|584
c8:66:5d:1f:4f:54|0|6|0|0|0|0
33:33:00:00:00:fb|0|0|0|9|0|1671
0e:5f:1c:68:8a:b3|0|12|0|5|0|598
33:33:00:00:00:16|0|0|0|1|0|124
01:00:5e:00:00:16|0|0|0|4|0|356
64:b3:10:aa:e3:3c|0|6|0|0|0|0
f0:72:ea:da:42:c6|0|12|0|0|0|0
10:1c:0c:1a:10:10|1|0|0|0|0|0
33:33:00:01:00:03|0|0|0|4|0|472
01:00:5e:00:00:fc|0|0|0|4|0|392
4e:9b:05:55:9f:ce|0|29|0|0|0|0
7e:ed:86:c3:4c:e5|0|6|0|0|0|0
