36
b4:e6:2d:f6:c8:79
90:9a:4a:80:71:9a|1284|10|619|694|526738|145268
ff:ff:ff:ff:ff:ff|0|2676|0|36|0|6398
90:9a:4a:80:85:9e|806|0|3|0|234|0
e6:1d:78:73:e4:e3|2|2|78|0|2288|0
20:aa:4b:5b:e6:4b|697|0|39|78|6746|2288
c0:06:c3:8f:c7:99|3|6|7|3|477|315
68:ff:7b:c5:ca:c9|70|0|0|0|0|0
b4:e6:2d:f6:c8:79|0|2|0|3|0|376
c0:06:c3:8f:c0:7b|5|10|14|3|1602|234
28:6d:cd:09:2a:ea|0|0|30|2|6654|156
80:91:33:25:67:05|0|90|0|0|0|0
44:07:0b:70:9e:93|15|50|0|0|0|0
9e:ab:89:2d:82:91|0|0|0|3|0|234
b6:5d:51:56:8a:84|0|3|0|0|0|0
01:00:5e:00:00:fa|0|0|0|2|0|228
44:07:0b:89:e4:ab|7|0|0|0|0|0
e4:5f:01:5c:9d:89|0|2|0|0|0|0
54:60:09:e2:ee:aa|0|5|0|0|0|0
1c:bf:ce:e3:fb:45|0|7|0|0|0|0
3c:8d:20:4f:d8:e9|4|0|0|0|0|0
00:08:07:76:35:b7|0|7|0|0|0|0
a4:50:46:4c:af:3b|2|4|643|608|136535|525657
f0:ef:86:06:76:35|0|10|0|0|0|0
38:8b:59:29:24:78|4|0|0|0|0|0
f4:f5:d8:8d:f2:58|4|3|0|0|0|0
44:07:0b:2f:49:8b|9|0|0|0|0|0
b8:27:eb:81:9a:d6|0|6|0|0|0|0
9c:5a:81:3c:9b:3b|0|3|0|0|0|0
76:78:27:bc:20:c6|0|3|0|0|0|0
20:1f:3b:3a:bb:3d|2|0|0|0|0|0
33:33:00:00:00:01|0|0|0|1|0|120
46:3b:78:62:ec:7e|0|7|0|0|0|0
da:a1:19:54:54:54|2|7|0|0|0|0
d8:47:32:54:de:63|0|1|0|0|0|0
ce:08:cb:49:1b:63|0|3|0|0|0|0
38:f9:d3:b3:0c:da|1|0|0|0|0|0
