40
b4:e6:2d:f6:c8:79
90:9a:4a:80:85:9e|1142|1|35|116|13928|5202
ff:ff:ff:ff:ff:ff|0|3031|0|19|0|2781
90:9a:4a:80:71:9a|1418|9|10|26|1564|2436
20:aa:4b:5b:e6:4b|371|0|21|0|2977|0
68:ff:7b:c5:ca:c9|424|0|3|41|234|984
b4:e6:2d:f6:c8:79|0|1|0|5|0|1174
c0:06:c3:8f:c0:7b|8|12|15|3|1656|234
9e:ab:89:2d:82:91|1|41|116|34|5202|13844
54:2a:a2:73:c6:e9|16|151|0|0|0|0
da:54:03:22:f0:c3|2|9|0|0|0|0
cc:f4:11:a1:a0:2c|0|31|0|0|0|0
c0:06:c3:8f:c7:99|0|0|8|2|702|156
1a:a5:c3:61:4f:b6|0|1|41|3|984|234
1c:bf:ce:e3:fb:45|0|3|0|0|0|0
48:5a:b6:22:0c:7e|0|15|0|0|0|0
44:07:0b:2f:49:8b|5|0|0|0|0|0
b8:27:eb:81:9a:d6|0|1|0|0|0|0
ec:5c:68:84:b1:4b|2|33|0|0|0|0
33:33:00:00:00:01|0|0|0|1|0|120
72:b7:91:25:c3:2f|2|6|0|0|0|0
26:b7:60:32:44:eb|0|3|0|0|0|0
28:6d:cd:09:2a:ea|1|3|3|0|78|0
50:e0:85:84:55:94|2|11|0|0|0|0
a4:77:33:63:f5:7e|0|2|0|0|0|0
e4:5f:01:5c:9d:89|0|3|0|0|0|0
74:df:bf:45:ac:65|0|5|0|0|0|0
f4:f5:d8:8d:f2:58|4|7|0|0|0|0
10:fe:ed:a2:a3:dc|0|0|1|0|104|0
4c:1d:96:02:c9:98|0|0|0|1|0|104
44:07:0b:70:9e:93|2|0|0|0|0|0
34:c0:59:00:a0:8f|0|1|0|0|0|0
de:a3:d3:c0:cf:6b|0|8|0|0|0|0
54:3a:d6:77:88:6e|0|5|0|0|0|0
e6:1d:c2:16:57:a3|0|5|0|0|0|0
44:07:0b:6c:b6:e3|3|0|0|0|0|0
88:3d:24:10:7e:ce|0|1|0|0|0|0
34:f6:4b:e3:9c:e8|0|4|0|0|0|0
01:00:5e:00:00:01|0|0|0|2|0|160
3c:8d:20:4f:d8:e9|1|0|0|0|0|0
00:08:07:76:35:b7|0|1|0|0|0|0
