60
b4:e6:2d:f6:c8:79
90:9a:4a:80:71:9a|1397|4|22|33|2234|5522
ff:ff:ff:ff:ff:ff|0|2815|0|12|0|1353
90:9a:4a:80:85:9e|1150|0|1079|12|1272176|378
20:aa:4b:5b:e6:4b|450|0|6|35|956|840
1c:bf:ce:e3:fb:45|0|9|0|0|0|0
fe:de:46:1e:4f:85|0|3|0|0|0|0
9e:ab:89:2d:82:91|0|20|12|1078|378|1272092
b4:e6:2d:f6:c8:79|0|5|0|5|0|544
84:e3:42:4b:9d:4f|21|1|0|0|0|0
54:2a:a2:73:c6:e9|5|78|0|0|0|0
cc:50:e3:f0:6b:20|0|0|35|0|840|0
68:ff:7b:c5:ca:c9|73|0|0|0|0|0
d8:47:32:54:de:63|2|0|0|0|0|0
ac:67:84:5b:07:e3|11|69|0|0|0|0
28:6d:cd:09:2a:ea|0|0|23|3|4904|315
c0:06:c3:8f:c7:99|4|10|6|6|522|723
24:77:03:d4:12:38|2|7|0|0|0|0
bc:54:2f:5e:b7:f3|1|5|0|0|0|0
54:60:09:e2:ee:aa|0|6|0|0|0|0
01:00:5e:00:00:fa|0|0|0|1|0|114
f0:ef:86:05:a3:fa|0|14|0|0|0|0
44:07:0b:70:9e:93|5|0|0|0|0|0
3c:8d:20:4f:d8:e9|3|0|0|0|0|0
7c:2e:bd:f4:94:ee|6|0|0|0|0|0
aa:47:32:54:de:65|1|0|0|0|0|0
c0:06:c3:8f:c0:7b|0|0|4|0|96|0
3c:8d:20:19:41:be|0|3|0|0|0|0
00:08:07:76:35:b7|0|3|0|0|0|0
de:7f:52:ef:ce:07|0|6|0|0|0|0
a0:2c:36:28:1e:19|0|12|0|0|0|0
20:1f:3b:3a:bb:3d|4|0|0|0|0|0
56:68:61:2c:82:5b|0|1|0|0|0|0
88:46:04:50:5c:49|2|0|0|0|0|0
84:d8:1b:29:48:82|2|0|0|0|0|0
e6:41:60:c6:a8:52|0|3|0|0|0|0
f4:f5:d8:8d:f2:58|7|4|0|0|0|0
fe:59:53:c8:ca:c1|0|11|0|0|0|0
22:32:40:87:73:95|1|7|0|0|0|0
72:dc:17:96:16:6f|0|3|0|0|0|0
b8:27:eb:81:9a:d6|0|6|0|0|0|0
6a:f0:b7:01:cf:ba|0|1|0|0|0|0
f6:32:0b:b1:3b:ab|0|6|0|0|0|0
62:4c:e7:4b:68:a5|1|3|0|0|0|0
3a:d6:2c:bd:d4:f4|0|1|0|0|0|0
b6:62:3e:53:e7:cb|1|3|0|0|0|0
33:33:00:00:00:fb|0|0|0|1|0|141
e6:ac:74:a3:28:62|1|0|0|0|0|0
