52
b4:e6:2d:f6:c8:79
90:9a:4a:80:71:9a|1375|5|10|27|1498|2441
ff:ff:ff:ff:ff:ff|0|3096|0|33|0|4828
68:ff:7b:c5:ca:c9|730|0|3|0|228|0
20:aa:4b:5b:e6:4b|373|0|75|0|20492|0
90:9a:4a:80:85:9e|966|1|1|5|78|120
20:1f:3b:3a:bb:3d|35|97|0|0|0|0
e4:04:39:fb:56:62|0|8|0|0|0|0
a0:2c:36:28:1e:19|0|26|0|0|0|0
a2:56:88:46:2f:6e|0|1|0|0|0|0
ac:67:84:5b:07:e3|1|81|0|0|0|0
a4:50:46:4c:af:3b|0|0|6|0|364|0
10:fe:ed:dd:08:06|11|0|0|0|0|0
7c:2e:bd:f4:94:ee|7|0|0|0|0|0
9e:ab:89:2d:82:91|1|7|5|1|120|78
c0:06:c3:8f:c0:7b|5|10|10|2|1084|156
33:33:00:00:00:0c|0|0|0|7|0|1470
08:9e:08:bc:6c:2b|0|2|0|0|0|0
00:08:07:76:35:b7|0|3|0|0|0|0
18:e8:29:91:3d:5e|1|0|0|0|0|0
e0:9d:31:d3:2c:e6|0|3|0|0|0|0
c0:06:c3:8f:c7:99|0|0|7|1|477|78
b4:e6:2d:f6:c8:79|0|2|0|5|0|560
24:77:03:d4:12:38|3|6|0|0|0|0
01:00:5e:00:00:fa|0|0|0|1|0|114
28:6d:cd:09:2a:ea|0|0|4|2|516|704
01:00:5e:00:00:fb|0|0|0|3|0|510
34:c0:59:00:a0:8f|0|1|0|0|0|0
1c:bf:ce:e3:fb:45|0|11|0|0|0|0
44:07:0b:70:9e:93|4|0|0|0|0|0
3a:37:31:36:67:5d|0|15|0|0|0|0
b8:27:eb:3b:22:38|0|3|0|0|0|0
3c:8d:20:4f:d8:e9|1|0|0|0|0|0
ec:5c:68:84:b1:4b|0|16|0|0|0|0
44:07:0b:2f:49:8b|6|0|0|0|0|0
60:f1:89:81:c8:19|0|16|0|0|0|0
f0:ef:86:21:66:5f|0|3|0|0|0|0
06:86:3d:15:f9:a4|0|3|0|0|0|0
0e:aa:4c:bc:ba:60|0|7|0|0|0|0
54:60:09:e2:ee:aa|0|7|0|0|0|0
e6:1d:78:73:e4:e3|0|0|0|34|0|13798
1a:a5:c3:61:4f:b6|0|76|0|0|0|0
44:07:0b:6c:b6:e3|1|0|0|0|0|0
b8:27:eb:81:9a:d6|0|1|0|0|0|0
88:3d:24:10:7e:ce|0|1|0|0|0|0
f0:ef:86:06:76:35|0|2|0|0|0|0
e4:5f:01:5c:9d:89|0|2|0|0|0|0
74:e5:f9:00:9d:f3|0|3|0|0|0|0
