25
b4:e6:2d:f6:b6:a5
68:02:b8:1e:7f:1f|1236|0|36|10|4218|364
ff:ff:ff:ff:ff:ff|0|2761|0|7|0|532
6a:02:98:1e:7f:1f|1234|0|0|0|0|0
0e:26:0a:2f:38:6b|0|0|12|0|288|0
d8:b6:b7:7a:3a:61|441|0|3|45|140|1304
b4:e6:2d:f6:b6:a5|0|1|0|6|0|669
a4:3e:a0:a4:2a:46|0|80|0|0|0|0
33:33:00:00:00:01|0|0|0|3|0|584
33:33:00:00:00:02|0|0|0|1|0|96
33:33:ff:1e:b6:60|0|0|0|1|0|112
70:ee:50:73:4e:36|0|0|7|0|182|0
b0:95:75:4b:b9:26|0|0|0|7|0|182
76:f5:8e:cb:e4:e4|0|2|0|0|0|0
80:58:f8:93:88:29|0|0|10|18|364|2225
26:17:dc:59:74:f7|0|0|8|0|192|0
e6:35:23:4e:ab:99|0|0|1|1|24|26
bc:54:51:02:a4:f0|0|0|24|1|800|26
f0:5c:77:1a:f1:64|0|3|0|0|0|0
9c:5d:12:d7:43:d4|0|12|0|0|0|0
c8:66:5d:1f:4f:54|0|18|0|0|0|0
92:3d:76:fa:e4:cb|0|6|0|0|0|0
01:00:5e:00:00:01|0|0|0|1|0|88
1a:87:40:d2:e0:21|0|24|0|0|0|0
64:b3:10:aa:e3:3c|0|2|0|0|0|0
da:a1:19:c9:3d:8d|0|2|0|0|0|0
