23
b4:e6:2d:f6:c8:79
a4:50:46:4c:af:3b|0|0|4492|8838|734332|8369730
90:9a:4a:80:71:9a|1236|5|8849|4516|8371826|736807
ff:ff:ff:ff:ff:ff|0|2137|0|16|0|2254
20:aa:4b:5b:e6:4b|140|0|16|0|2254|0
90:9a:4a:80:85:9e|785|2|4|648|318|15552
9e:ab:89:2d:82:91|2|14|648|3|15552|234
50:e0:85:84:55:94|3|3|0|0|0|0
b4:e6:2d:f6:c8:79|0|2|0|4|0|454
68:ff:7b:c5:ca:c9|51|0|0|0|0|0
c0:06:c3:8f:c0:7b|4|8|13|3|1333|234
22:48:f8:26:26:64|4|11|0|0|0|0
54:2a:a2:73:c6:e9|2|18|0|0|0|0
ec:5c:68:84:b1:4b|2|6|0|0|0|0
88:3d:24:10:7e:ce|0|2|0|0|0|0
28:6d:cd:09:2a:ea|1|3|3|0|78|0
c0:06:c3:8f:c7:99|0|0|8|4|1064|1408
44:07:0b:2f:49:8b|3|0|0|0|0|0
48:5a:b6:22:0c:7e|0|11|0|0|0|0
00:1d:c9:07:2b:f1|2|0|0|0|0|0
92:ac:ff:ef:58:66|1|6|0|0|0|0
24:77:03:d4:12:38|3|9|0|0|0|0
82:89:0b:8b:89:89|1|3|0|0|0|0
