26
b4:e6:2d:f6:b6:a5
68:02:b8:1e:7f:1f|1266|0|17|0|3090|0
ff:ff:ff:ff:ff:ff|0|2852|0|18|0|1422
6a:02:98:1e:7f:1f|1265|0|0|0|0|0
44:fe:3b:06:5c:71|424|0|18|0|1422|0
72:fe:3b:06:5c:73|183|0|0|0|0|0
70:ee:50:73:4e:36|0|0|51|0|1320|0
b0:95:75:4b:b9:26|0|0|0|51|0|1320
b4:e6:2d:f6:b6:a5|0|1|0|4|0|482
a4:3e:a0:a4:2a:46|0|153|0|0|0|0
9c:5d:12:d7:43:d4|0|6|0|0|0|0
01:00:5e:00:00:fb|0|0|0|3|0|768
33:33:00:00:00:fb|0|0|0|3|0|828
33:33:00:00:00:16|0|0|0|2|0|248
01:00:5e:00:00:16|0|0|0|2|0|180
ae:e7:88:73:22:fa|0|5|0|0|0|0
64:b3:10:aa:e3:3c|0|13|0|0|0|0
58:b1:0f:56:36:08|0|45|0|0|0|0
1e:c2:9d:16:db:df|1|0|0|0|0|0
10:1c:0c:1a:10:10|2|30|0|0|0|0
d8:8c:79:90:f4:9b|0|6|0|0|0|0
7a:47:bc:2c:3f:f1|1|0|0|0|0|0
f0:72:ea:da:42:c6|0|6|0|0|0|0
f0:5c:77:1a:f1:64|0|8|0|0|0|0
2c:db:07:46:b4:19|0|5|0|0|0|0
33:33:00:00:00:01|0|0|0|3|0|584
c8:66:5d:1f:4f:54|0|12|0|0|0|0
