60
b4:e6:2d:f6:c8:79
90:9a:4a:80:71:9a|1227|4|54|106|8351|9735
ff:ff:ff:ff:ff:ff|0|2996|0|46|0|7858
90:9a:4a:80:85:9e|1176|33|41557|103|60224651|4823
20:aa:4b:5b:e6:4b|761|0|46|0|7802|0
b4:e6:2d:f6:c8:79|0|3|0|5|0|652
04:6c:59:1b:72:04|33|66|68|4|3983|312
9e:ab:89:2d:82:91|1|33|35|41477|840|60197355
01:00:5e:7f:ff:fa|0|0|0|59|0|24571
01:00:5e:00:00:fb|0|0|0|9|0|1577
e4:5f:01:5c:9d:89|0|3|0|0|0|0
c0:06:c3:8f:c0:7b|1|2|4|1|221|181
68:ff:7b:c5:ca:c9|27|0|0|0|0|0
a4:50:46:4c:af:3b|2|2|91|43|8554|6841
e6:09:33:6a:b6:d7|6|0|0|0|0|0
88:3d:24:10:7e:ce|0|3|0|0|0|0
a2:e0:6c:67:3c:21|0|2|0|0|0|0
f6:20:0e:1b:e7:cd|0|3|0|0|0|0
c0:06:c3:8f:c7:99|0|0|8|4|761|496
28:6d:cd:09:2a:ea|1|2|3|1|199|181
f0:ef:86:05:a3:fa|0|13|0|0|0|0
44:07:0b:2f:49:8b|11|0|0|0|0|0
e2:4e:c6:3d:c2:4a|2|7|0|0|0|0
01:00:5e:00:00:fa|0|0|0|2|0|228
44:07:0b:70:9e:93|7|0|0|0|0|0
9c:8d:7c:f6:80:af|0|3|0|0|0|0
00:08:07:76:35:b7|0|3|0|0|0|0
cc:f4:11:a1:a0:2c|4|0|0|0|0|0
14:c1:4e:07:26:d2|2|0|0|0|0|0
20:f4:78:24:ce:e8|1|3|0|0|0|0
54:60:09:e2:ee:aa|0|3|0|0|0|0
88:46:04:50:5c:49|0|4|0|0|0|0
58:ef:68:2a:26:ec|2|0|0|0|0|0
d6:39:fb:d8:84:9f|2|3|0|0|0|0
d6:68:81:85:17:18|3|35|0|0|0|0
33:33:00:00:00:01|0|0|0|1|0|120
da:a1:19:80:ad:85|0|1|0|0|0|0
a2:43:14:e6:42:9c|0|2|0|0|0|0
f4:f5:d8:8d:f2:58|0|6|0|0|0|0
84:4b:f5:19:a0:99|0|2|0|0|0|0
08:9e:08:bc:6c:2b|0|2|0|0|0|0
c2:c6:e6:65:e1:12|0|1|0|0|0|0
7e:bb:70:30:3f:f5|0|2|0|0|0|0
01:00:5e:00:00:01|0|0|0|2|0|160
01:00:5e:00:00:16|0|0|0|3|0|272
bc:54:2f:5e:b7:f3|1|6|0|0|0|0
da:a1:19:65:49:e1|0|1|0|0|0|0
ee:8b:27:92:7c:52|1|0|0|0|0|0
