45
b4:e6:2d:f6:b6:a5
68:02:b8:1e:7f:1f|1327|0|92|0|35374|0
ff:ff:ff:ff:ff:ff|0|2378|0|3|0|834
6a:02:98:1e:7f:1f|1325|0|0|0|0|0
a4:3e:a0:a4:2a:46|0|60|0|0|0|0
01:00:5e:7f:ff:fa|0|0|0|60|0|30806
10:1c:0c:1a:10:10|0|36|0|0|0|0
5a:6a:e0:09:6b:0b|2|0|0|0|0|0
80:58:f8:6c:20:0b|2|12|0|0|0|0
80:58:f8:ca:47:32|0|6|0|0|0|0
de:b8:81:23:96:12|0|6|0|0|0|0
56:6b:ba:30:ac:57|1|0|0|0|0|0
33:33:ff:93:88:29|0|0|0|2|0|224
33:33:00:00:00:16|0|0|0|6|0|764
33:33:00:00:00:02|0|0|0|1|0|104
33:33:ff:77:e1:99|0|0|0|1|0|112
70:ee:50:73:4e:36|0|0|79|0|2040|0
b0:95:75:4b:b9:26|0|0|0|79|0|2040
7a:11:e3:73:04:47|2|0|0|0|0|0
54:2a:a2:48:a3:f0|0|60|0|0|0|0
c8:66:5d:1f:4f:54|0|18|0|0|0|0
ae:55:4f:da:cf:19|3|0|0|0|0|0
c2:78:77:43:e0:27|3|0|0|0|0|0
6e:bd:e0:46:91:32|2|0|0|0|0|0
80:58:f8:93:88:29|4|42|0|0|0|0
