21
b4:e6:2d:f6:b6:a5
68:02:b8:1e:7f:1f|1227|0|14|0|1343|0
ff:ff:ff:ff:ff:ff|0|3513|0|7|0|532
6a:02:98:1e:7f:1f|1226|0|0|0|0|0
d8:b6:b7:7a:3a:61|1247|0|9|51|296|1454
bc:54:51:02:a4:f0|0|0|20|2|702|52
26:17:dc:59:74:f7|0|0|13|2|312|52
e6:35:23:4e:ab:99|0|0|8|2|200|52
0e:26:0a:2f:38:6b|0|0|10|2|240|52
a4:3e:a0:a4:2a:46|0|87|0|0|0|0
c8:66:5d:1f:4f:54|0|18|0|0|0|0
f0:5c:77:1a:f1:64|0|7|0|0|0|0
f0:72:ea:da:42:c6|0|21|0|0|0|0
80:58:f8:93:88:29|0|0|0|3|0|329
9c:5d:12:d7:43:d4|0|12|0|0|0|0
b4:e6:2d:f6:b6:a5|0|1|0|4|0|482
8a:07:dc:48:b8:fd|0|5|0|0|0|0
be:8f:23:54:ad:88|0|3|0|0|0|0
06:17:9a:97:b9:bc|0|14|0|0|0|0
01:00:5e:00:00:01|0|0|0|1|0|88
64:b3:10:aa:e3:3c|0|4|0|0|0|0
00:0c:e7:e0:f8:bb|0|15|0|0|0|0
