39
b4:e6:2d:f6:b6:a5
68:02:b8:1e:7f:1f|1235|0|290|0|58363|0
ff:ff:ff:ff:ff:ff|0|3485|0|273|0|55631
6a:02:98:1e:7f:1f|1235|0|0|0|0|0
d8:b6:b7:7a:3a:61|1292|0|67|45|17560|1312
b4:e6:2d:f6:b6:a5|0|1|0|3|0|390
cc:88:26:36:b9:a7|12|13|0|0|0|0
a4:3e:a0:a4:2a:46|0|125|0|0|0|0
26:17:dc:59:74:f7|0|0|12|2|288|52
bc:54:51:02:a4:f0|0|0|21|3|728|262
33:33:00:00:00:16|0|0|0|17|0|2236
01:00:5e:00:00:16|0|0|0|5|0|470
01:00:5e:7f:ff:fa|0|0|0|16|0|7657
01:00:5e:00:00:fb|0|0|0|6|0|924
33:33:00:00:00:fb|0|0|0|8|0|1344
33:33:00:01:00:03|0|0|0|3|0|395
01:00:5e:00:00:fc|0|0|0|2|0|222
84:16:f9:07:68:71|0|14|0|0|0|0
e6:35:23:4e:ab:99|0|0|8|2|200|52
33:33:00:00:00:01|0|0|0|4|0|708
f0:72:ea:da:42:c6|0|21|0|0|0|0
0e:26:0a:2f:38:6b|0|0|4|2|96|52
5c:f5:da:b6:d8:02|0|4|0|0|0|0
64:b3:10:aa:e3:3c|0|20|0|0|0|0
01:00:5e:00:00:01|0|0|0|1|0|88
0c:54:15:5d:f1:f6|0|7|0|0|0|0
3e:05:0d:a9:1d:d0|0|6|0|0|0|0
b6:d3:60:65:de:ba|0|4|0|0|0|0
d8:8c:79:90:f4:9b|0|7|0|0|0|0
c8:66:5d:1f:4f:54|0|19|0|0|0|0
f0:5c:77:1a:f1:64|0|6|0|0|0|0
52:ff:61:d0:61:6c|0|7|0|0|0|0
84:98:66:c4:55:1b|0|10|0|0|0|0
33:33:00:01:00:02|0|0|0|2|0|390
36:24:14:5e:1e:5f|0|6|0|0|0|0
33:33:00:00:00:0c|0|0|0|7|0|4942
33:33:00:00:00:02|0|0|0|1|0|108
22:58:cf:ed:b5:d0|0|7|0|0|0|0
de:5f:b9:99:68:20|0|7|0|0|0|0
9a:05:04:a9:ec:a3|1|6|0|0|0|0
