34
b4:e6:2d:f6:b6:a5
68:02:b8:1e:7f:1f|1252|0|144|0|14635|0
ff:ff:ff:ff:ff:ff|0|3511|0|121|0|11374
6a:02:98:1e:7f:1f|1249|0|0|0|0|0
b4:e6:2d:f6:b6:a5|0|2|0|11|0|1126
d8:b6:b7:7a:3a:61|1286|0|17|57|2046|1545
70:ee:50:73:4e:36|0|0|17|0|442|0
b0:95:75:4b:b9:26|0|0|0|17|0|442
e6:35:23:4e:ab:99|0|0|8|2|200|52
26:6f:1d:c2:e2:46|0|14|0|0|0|0
a4:3e:a0:a4:2a:46|0|124|0|0|0|0
64:b3:10:aa:e3:3c|0|7|0|0|0|0
bc:54:51:02:a4:f0|0|0|15|1|529|26
26:17:dc:59:74:f7|0|0|33|1|792|26
0e:26:0a:2f:38:6b|0|0|1|2|24|52
80:be:05:5f:13:d9|0|7|0|0|0|0
33:33:00:00:00:01|0|0|0|3|0|584
c8:66:5d:1f:4f:54|0|12|0|0|0|0
ce:7e:13:5d:df:81|0|2|0|0|0|0
0e:d7:e6:30:bd:aa|0|21|0|0|0|0
00:0c:e7:6e:2a:14|0|19|0|0|0|0
f0:72:ea:da:42:c6|0|7|0|0|0|0
01:00:5e:00:00:fb|0|0|0|6|0|1095
33:33:00:00:00:fb|0|0|0|6|0|1215
