61
b4:e6:2d:f6:c8:79
90:9a:4a:80:85:9e|971|2|3|35|341|840
ff:ff:ff:ff:ff:ff|0|3580|0|54|0|9076
68:ff:7b:c5:ca:c9|645|0|4|0|312|0
20:aa:4b:5b:e6:4b|837|0|59|0|9551|0
90:9a:4a:80:71:9a|1297|9|24|54|2760|8113
6e:a7:de:18:74:74|5|0|0|0|0|0
28:6d:cd:09:2a:ea|0|0|25|3|5404|315
b4:e6:2d:f6:c8:79|0|2|0|3|0|376
44:07:0b:6c:b6:e3|2|0|0|0|0|0
44:07:0b:70:9e:93|5|0|0|0|0|0
a4:50:46:4c:af:3b|0|0|9|5|706|570
08:9e:08:bc:6c:2b|0|1|0|0|0|0
9e:ab:89:2d:82:91|2|2|35|3|840|341
c0:06:c3:8f:c7:99|5|10|10|5|951|633
33:33:00:00:00:01|0|0|0|1|0|120
62:1d:8d:d5:24:2e|2|10|0|0|0|0
36:06:23:e6:1f:31|0|1|0|0|0|0
16:93:18:90:2b:99|0|3|0|0|0|0
e4:5f:01:5c:9d:89|0|2|0|0|0|0
e6:39:25:bd:ac:9c|0|2|0|0|0|0
b8:27:eb:81:9a:d6|0|3|0|0|0|0
44:07:0b:2f:49:8b|12|0|0|0|0|0
c0:06:c3:8f:c0:7b|4|8|10|8|1052|866
f4:f5:d8:8d:f2:58|1|10|0|0|0|0
68:bf:c4:01:5f:c0|0|7|0|0|0|0
b2:1c:0e:f2:71:ca|0|3|0|0|0|0
52:7a:c8:9e:e1:03|0|3|0|0|0|0
ae:b8:a7:5b:87:fa|2|8|0|0|0|0
0e:8e:2b:9b:57:a2|1|7|0|0|0|0
5e:83:37:f1:01:ab|1|5|0|0|0|0
ca:d4:24:7c:26:ac|0|4|0|0|0|0
f6:67:f0:60:0e:a4|0|4|0|0|0|0
be:09:ed:04:d0:6f|1|8|0|0|0|0
36:ca:01:e0:57:76|0|5|0|0|0|0
a0:78:17:a1:19:64|0|0|0|4|0|312
cc:50:e3:f0:6b:20|0|0|0|3|0|234
54:60:09:e2:ee:aa|0|5|0|0|0|0
7a:1a:8b:b3:19:fd|0|7|0|0|0|0
e6:87:17:3c:e2:70|0|7|0|0|0|0
5e:03:d2:52:42:05|1|7|0|0|0|0
c2:b2:69:4a:dc:3f|0|3|0|0|0|0
86:f3:6a:b2:34:f8|2|7|0|0|0|0
82:75:6a:c3:b5:00|0|1|0|0|0|0
9a:30:d7:19:9d:ca|0|4|0|0|0|0
ca:06:ce:86:78:ec|0|3|0|0|0|0
ce:92:cc:24:a0:14|0|4|0|0|0|0
58:ef:68:2a:26:ec|2|0|0|0|0|0
00:08:07:76:35:b7|0|2|0|0|0|0
