34
b4:e6:2d:f6:b6:a5
68:02:b8:1e:7f:1f|1351|6|227|20|75012|1009
ff:ff:ff:ff:ff:ff|0|2357|0|8|0|1191
6a:02:98:1e:7f:1f|1280|0|0|0|0|0
70:ee:50:73:4e:36|0|0|66|0|1704|0
b0:95:75:4b:b9:26|0|0|0|66|0|1704
b4:e6:2d:f6:b6:a5|0|1|0|3|0|390
a4:3e:a0:a4:2a:46|0|54|0|0|0|0
36:be:93:76:43:72|2|6|0|0|0|0
54:2a:a2:48:a3:f0|0|54|0|0|0|0
16:46:f5:52:df:3c|0|6|0|0|0|0
1e:c9:e3:bb:1e:4d|0|6|0|0|0|0
01:00:5e:7f:ff:fa|0|0|0|60|0|30806
c8:66:5d:1f:4f:54|0|18|0|0|0|0
33:33:00:00:00:01|0|0|0|3|0|584
04:4e:af:fb:fd:77|2|0|0|0|0|0
10:1c:0c:1a:10:10|0|69|0|65|0|21215
9e:8c:bb:04:9f:64|4|0|0|0|0|0
26:94:9b:c4:cd:39|9|13|20|5|1009|650
33:33:00:00:00:16|0|0|0|9|0|1296
33:33:ff:a5:4e:19|0|0|0|4|0|480
33:33:00:00:00:02|0|0|0|2|0|200
01:00:5e:00:00:fb|0|0|0|32|0|8564
33:33:00:00:00:fb|0|0|0|29|0|8884
01:00:5e:00:00:02|0|0|0|3|0|260
33:33:ff:47:43:51|0|0|0|1|0|120
33:33:ff:7c:40:63|0|0|0|2|0|240
33:33:00:01:00:02|0|0|0|1|0|132
64:b3:10:aa:e3:3c|0|18|0|0|0|0
fe:01:49:ec:d3:32|0|6|0|0|0|0
26:3c:06:c7:fe:cd|2|12|0|0|0|0
ba:9f:31:f7:09:ae|0|6|0|0|0|0
36:fa:3b:c3:25:89|0|6|0|0|0|0
9a:e7:df:ce:f9:07|0|6|0|0|0|0
32:80:45:05:03:3b|0|6|0|0|0|0
