57
b4:e6:2d:f6:c8:79
90:9a:4a:80:71:9a|1291|13|90|105|43543|13612
ff:ff:ff:ff:ff:ff|0|3021|0|40|0|7433
90:9a:4a:80:85:9e|844|13|693|1895|937695|128339
9e:ab:89:2d:82:91|13|51|1895|662|128339|921647
01:00:5e:7f:ff:fa|0|0|0|30|0|15964
68:ff:7b:c5:ca:c9|508|0|8|15|1251|360
20:aa:4b:5b:e6:4b|622|0|40|0|7433|0
c0:06:c3:8f:c7:99|6|12|10|9|939|1050
28:6d:cd:09:2a:ea|0|0|18|6|4077|792
a0:2c:36:28:1e:19|0|31|0|0|0|0
82:16:b7:0e:83:3e|0|3|0|0|0|0
a6:0f:98:cb:d0:6c|0|4|0|0|0|0
9e:0d:09:c7:2a:4c|0|1|0|0|0|0
92:8e:d3:10:96:39|0|1|0|0|0|0
16:df:1b:0e:28:1a|0|2|0|0|0|0
44:07:0b:2f:49:8b|8|0|0|0|0|0
c0:06:c3:8f:c0:7b|4|8|8|8|702|866
9a:cc:17:9d:c4:0b|0|2|0|0|0|0
a4:50:46:4c:af:3b|3|11|69|63|7894|40381
38:f9:d3:b3:0c:da|3|0|0|0|0|0
f4:f5:d8:8d:f2:58|3|3|0|0|0|0
a0:78:17:a1:19:64|0|0|15|3|360|234
b4:e6:2d:f6:c8:79|0|1|0|4|0|454
54:3a:d6:77:88:6e|2|8|0|0|0|0
f0:72:ea:ef:27:ca|0|10|0|0|0|0
00:0c:e7:ae:7a:cb|2|9|0|0|0|0
00:08:07:76:35:b7|0|1|0|0|0|0
22:48:f8:26:26:64|0|25|0|0|0|0
b0:a7:b9:89:64:1f|5|0|0|0|0|0
54:60:09:e2:ee:aa|0|7|0|0|0|0
00:0c:e7:f4:8c:e6|0|3|0|0|0|0
01:00:5e:00:00:fb|0|0|0|4|0|933
00:0c:e7:d6:75:7b|0|8|0|0|0|0
44:46:87:a9:e4:4b|3|15|0|0|0|0
da:ce:3a:6b:a6:a9|2|0|0|0|0|0
01:00:5e:00:00:01|0|0|0|2|0|168
d8:ce:3a:d3:82:b4|0|11|0|0|0|0
fa:3d:17:9b:1c:43|0|3|0|0|0|0
00:0c:e7:10:c1:00|0|3|0|0|0|0
74:df:bf:45:ac:65|0|4|0|0|0|0
f2:9e:75:f6:f8:91|0|2|0|0|0|0
fe:ed:08:2c:16:f5|1|6|0|0|0|0
b8:27:eb:81:9a:d6|0|1|0|0|0|0
00:0c:e7:48:68:b2|0|2|0|0|0|0
f2:b2:80:0a:ea:79|1|0|0|0|0|0
0a:12:1b:ba:62:74|0|5|0|0|0|0
32:1e:d0:94:0f:c0|2|2|0|0|0|0
8e:f1:00:c1:dc:5a|0|3|0|0|0|0
f0:ef:86:06:76:35|0|3|0|0|0|0
00:0c:e7:d6:6e:38|1|5|0|0|0|0
7c:d9:5c:44:9c:80|0|1|0|0|0|0
56:f9:11:c3:f5:b6|0|1|0|0|0|0
42:60:6d:39:a2:b8|0|1|0|0|0|0
a6:23:9c:e5:b4:cb|2|7|0|0|0|0
7e:6b:45:01:28:61|0|2|0|0|0|0
b6:9e:34:58:19:a7|1|0|0|0|0|0
fe:5c:32:b3:47:93|0|2|0|0|0|0
