42
b4:e6:2d:f6:c8:79
90:9a:4a:80:85:9e|1072|8|653|689|906150|16608
ff:ff:ff:ff:ff:ff|0|2684|0|15|0|2277
90:9a:4a:80:71:9a|1227|5|26|25|3513|2401
20:aa:4b:5b:e6:4b|206|0|12|0|1911|0
01:00:5e:00:00:fb|0|0|0|9|0|1584
9e:ab:89:2d:82:91|7|15|685|3|16440|3058
68:ff:7b:c5:ca:c9|279|0|0|0|0|0
b4:e6:2d:f6:c8:79|0|2|0|3|0|376
04:6c:59:1b:72:04|1|2|6|597|1032|890448
c0:06:c3:8f:c0:7b|5|10|11|19|1174|2196
01:00:5e:7f:ff:fa|0|0|0|36|0|10920
82:9d:31:67:61:4d|0|1|0|0|0|0
c0:06:c3:8f:c7:99|0|0|6|2|399|237
d2:1d:93:0c:1e:7d|0|1|0|0|0|0
02:00:00:00:00:00|0|25|0|0|0|0
20:1f:3b:3a:bb:3d|6|0|0|0|0|0
a4:50:46:4c:af:3b|0|0|4|0|312|0
10:fe:ed:dd:08:06|3|0|0|0|0|0
f6:10:a8:fd:89:0f|0|1|0|0|0|0
28:6d:cd:09:2a:ea|0|0|4|2|516|704
44:07:0b:70:9e:93|3|0|0|0|0|0
01:00:5e:00:00:fa|0|0|0|1|0|114
44:07:0b:2f:49:8b|2|0|0|0|0|0
22:48:f8:26:26:64|4|21|0|0|0|0
50:e0:85:84:55:94|4|7|0|0|0|0
01:00:5e:00:00:01|0|0|0|1|0|84
01:00:5e:00:00:16|0|0|0|5|0|440
9a:6a:ac:f7:62:d6|0|3|0|0|0|0
f2:b2:80:0a:ea:79|0|3|0|0|0|0
5a:25:90:7b:c3:4e|0|2|0|0|0|0
54:60:09:e2:ee:aa|0|4|0|0|0|0
72:30:b8:04:14:2c|0|1|0|0|0|0
26:95:2c:e2:1a:81|0|5|0|0|0|0
64:1c:ae:5c:48:4a|0|3|0|0|0|0
18:55:e3:32:0f:ce|0|0|6|0|144|0
24:a2:e1:f0:77:9a|0|0|0|6|0|144
f0:ef:86:05:a3:fa|0|2|0|0|0|0
32:05:f3:d1:c0:55|0|10|0|0|0|0
58:ef:68:2a:26:ec|2|0|0|0|0|0
da:18:60:a5:1a:7b|1|1|0|0|0|0
42:f9:23:69:4e:cf|0|5|0|0|0|0
4e:06:da:b2:fd:9b|0|1|0|0|0|0
