36
b4:e6:2d:f6:b6:a5
68:02:b8:1e:7f:1f|1221|0|282|0|56316|0
ff:ff:ff:ff:ff:ff|0|3514|0|278|0|55915
6a:02:98:1e:7f:1f|1217|0|0|0|0|0
d8:b6:b7:7a:3a:61|1323|0|33|30|7517|948
01:00:5e:00:00:fb|0|0|0|6|0|1498
33:33:00:00:00:fb|0|0|0|7|0|1902
33:33:00:00:00:16|0|0|0|2|0|256
01:00:5e:00:00:16|0|0|0|2|0|184
a2:33:d4:25:54:7d|0|6|0|0|0|0
b4:e6:2d:f6:b6:a5|0|2|0|4|0|482
0e:26:0a:2f:38:6b|0|0|0|2|0|1568
e6:35:23:4e:ab:99|0|0|11|2|270|52
0a:d4:eb:64:07:14|0|2|0|0|0|0
a4:3e:a0:a4:2a:46|0|101|0|0|0|0
6a:02:98:2e:8d:67|1|0|0|0|0|0
da:4e:ad:d9:2e:15|0|7|0|0|0|0
33:33:00:00:00:01|0|0|0|3|0|584
01:00:5e:7f:ff:fa|0|0|0|4|0|1016
bc:54:51:02:a4:f0|0|0|19|3|678|262
26:17:dc:59:74:f7|0|0|0|1|0|26
da:a1:19:33:3e:36|0|13|0|0|0|0
da:a1:19:4e:01:7c|1|0|0|0|0|0
f0:5c:77:1a:f1:64|0|1|0|0|0|0
