61
b4:e6:2d:f6:c8:79
90:9a:4a:80:71:9a|1237|14|145|138|71211|22598
ff:ff:ff:ff:ff:ff|0|3109|0|50|0|9355
68:ff:7b:c5:ca:c9|598|0|3|0|234|0
90:9a:4a:80:85:9e|830|0|0|0|0|0
20:aa:4b:5b:e6:4b|599|0|52|0|9255|0
b4:e6:2d:f6:c8:79|0|2|0|3|0|376
c0:06:c3:8f:c7:99|6|12|11|6|1029|711
28:6d:cd:09:2a:ea|0|0|25|3|5404|315
a4:50:46:4c:af:3b|4|17|92|125|15113|68943
f4:f5:d8:8d:f2:58|2|2|0|0|0|0
e4:5f:01:5c:9d:89|0|2|0|0|0|0
20:df:b9:ac:28:3b|2|0|0|0|0|0
b0:a7:b9:89:64:1f|0|0|1|0|24|0
94:9f:3e:70:e9:b0|0|0|0|1|0|24
a0:78:17:a1:19:64|0|0|0|3|0|234
c2:e8:0f:40:c2:fe|0|1|0|0|0|0
54:3a:d6:77:88:6e|2|6|0|0|0|0
f0:72:ea:ef:27:ca|2|6|0|0|0|0
64:a2:f9:b6:88:f9|1|0|0|0|0|0
c0:06:c3:8f:c0:7b|4|9|10|8|1052|866
54:60:09:e2:ee:aa|0|1|0|0|0|0
01:00:5e:00:00:fa|0|0|0|2|0|228
d8:ce:3a:d3:82:b4|4|9|0|0|0|0
12:eb:17:10:f2:54|2|7|0|0|0|0
2e:ef:99:3e:b3:f3|0|8|0|0|0|0
44:07:0b:2f:49:8b|6|0|0|0|0|0
74:df:bf:45:ac:65|0|3|0|0|0|0
00:08:07:76:35:b7|0|4|0|0|0|0
b8:27:eb:81:9a:d6|0|2|0|0|0|0
ae:68:6f:0c:86:b2|1|4|0|0|0|0
9e:1a:1c:50:ff:49|0|1|0|0|0|0
50:2f:9b:d1:a8:d5|1|0|0|0|0|0
4e:f0:1d:77:10:70|0|4|0|0|0|0
ea:0f:b7:71:fc:62|0|3|0|0|0|0
6a:a7:b9:89:64:11|3|0|1|0|404|0
16:a8:5c:d3:a9:0f|0|2|0|0|0|0
fe:5b:90:0b:46:99|0|3|0|0|0|0
92:d6:8a:a4:53:0e|0|2|0|0|0|0
aa:43:ca:f4:88:e5|0|4|0|0|0|0
f0:ef:86:06:76:35|0|3|0|0|0|0
ca:15:a7:d2:2c:0a|0|3|0|0|0|0
12:ea:c1:55:45:a0|0|1|0|0|0|0
22:ed:f5:7c:7d:a9|0|6|0|0|0|0
22:d0:ae:2a:c2:7c|0|2|0|0|0|0
ae:e4:00:2f:37:c6|0|1|0|0|0|0
b6:87:1e:91:fd:21|0|6|0|0|0|0
9e:d1:34:b6:d9:ef|0|2|0|0|0|0
08:9e:08:bc:6c:2b|0|6|0|0|0|0
e6:0c:19:c7:1c:d8|0|2|0|0|0|0
76:86:89:c5:a7:4c|0|2|0|0|0|0
c6:e2:74:a1:fb:a7|0|5|0|0|0|0
5e:fc:53:1b:19:25|0|3|0|0|0|0
4a:cd:bc:0c:4e:2e|0|4|0|0|0|0
22:a3:10:82:88:23|0|2|0|0|0|0
01:00:5e:00:00:01|0|0|0|1|0|76
66:e1:41:ca:7f:4f|1|1|0|0|0|0
9e:62:ac:89:98:43|0|2|0|0|0|0
da:a1:19:6a:6a:6a|0|2|0|0|0|0
0e:a8:2d:70:37:8a|2|11|0|0|0|0
fa:8c:c6:a4:0d:e1|0|4|0|0|0|0
7e:20:7d:c8:fb:7d|0|2|0|0|0|0
