55
b4:e6:2d:f6:c8:79
90:9a:4a:80:85:9e|1190|0|0|0|0|0
ff:ff:ff:ff:ff:ff|0|3425|0|54|0|10191
90:9a:4a:80:71:9a|1302|13|40|42|4031|7371
68:ff:7b:c5:ca:c9|336|0|0|0|0|0
a2:e0:6c:67:3c:21|1|41|11|0|264|0
c8:b3:73:1d:6a:02|0|0|0|11|0|264
20:aa:4b:5b:e6:4b|738|0|57|0|10539|0
b4:e6:2d:f6:c8:79|0|1|0|4|0|471
28:6d:cd:09:2a:ea|0|0|26|5|5814|633
c0:06:c3:8f:c7:99|8|14|5|23|282|2061
d6:5a:6f:eb:1a:82|0|7|0|0|0|0
74:e5:f9:00:9d:f3|0|3|0|0|0|0
84:e3:42:4b:9d:4f|27|0|0|0|0|0
c0:06:c3:8f:c0:7b|5|9|11|8|1275|866
94:9f:3e:84:df:5a|30|1|0|0|0|0
b8:27:eb:81:9a:d6|1|7|0|0|0|0
44:07:0b:70:9e:93|4|0|0|0|0|0
33:33:00:00:00:01|0|0|0|1|0|120
f0:f6:c1:d5:cb:42|0|3|0|0|0|0
f4:f5:d8:84:58:92|0|3|0|0|0|0
1c:bf:ce:e3:fb:45|0|8|0|0|0|0
6e:e7:39:62:ae:d5|0|2|0|0|0|0
01:00:5e:00:00:fa|0|0|0|2|0|228
e4:5f:01:5c:9d:89|0|5|0|0|0|0
3e:65:37:44:c0:d3|0|3|0|0|0|0
da:3d:6f:ef:4d:e4|0|2|0|0|0|0
38:8b:59:29:24:78|5|0|0|0|0|0
ec:5c:68:84:b1:4b|2|23|0|0|0|0
74:df:bf:45:ac:65|0|1|0|0|0|0
7e:ab:ba:18:b1:be|1|7|0|0|0|0
20:df:b9:ac:28:3b|2|0|0|0|0|0
50:e0:85:84:55:94|2|14|0|0|0|0
2e:03:dd:2f:7f:a7|1|0|0|0|0|0
f4:f5:d8:8d:f2:58|3|12|0|0|0|0
44:07:0b:2f:49:8b|4|0|0|0|0|0
10:fe:ed:a2:a3:dc|0|0|1|0|120|0
01:00:5e:00:00:fb|0|0|0|1|0|120
4a:8a:48:27:22:0b|0|1|0|0|0|0
56:9a:6c:29:91:88|0|3|0|0|0|0
54:60:09:e2:ee:aa|0|2|0|0|0|0
08:9e:08:bc:6c:2b|0|1|0|0|0|0
1a:f7:21:fd:1c:77|0|1|0|0|0|0
62:52:48:ea:31:5a|1|5|0|0|0|0
fe:86:1b:9f:6e:a8|0|7|0|0|0|0
fa:89:3f:6a:2f:20|0|4|0|0|0|0
a0:2c:36:28:1e:19|0|2|0|0|0|0
ee:f9:81:5d:c9:83|0|1|0|0|0|0
c2:8d:bb:b6:6e:b2|0|1|0|0|0|0
