18
b4:e6:2d:f6:b6:a5
68:02:b8:1e:7f:1f|1239|0|8|0|1298|0
ff:ff:ff:ff:ff:ff|0|2390|0|4|0|304
6a:02:98:1e:7f:1f|1238|0|0|0|0|0
b4:e6:2d:f6:b6:a5|0|2|0|4|0|482
44:fe:3b:06:5c:71|94|0|4|0|304|0
fa:63:ed:8e:6c:70|0|1|0|0|0|0
a4:3e:a0:a4:2a:46|0|99|0|0|0|0
10:1c:0c:1a:10:10|4|32|0|0|0|0
72:fe:3b:06:5c:73|6|0|0|0|0|0
33:33:00:00:00:01|0|0|0|4|0|816
f0:5c:77:1a:f1:64|0|8|0|0|0|0
20:79:18:e7:01:8a|0|9|0|0|0|0
e2:27:23:b9:cc:68|1|7|0|0|0|0
2c:db:07:46:b4:19|0|10|0|0|0|0
70:ee:50:73:4e:36|0|0|5|0|128|0
b0:95:75:4b:b9:26|0|0|0|5|0|128
64:b3:10:aa:e3:3c|0|13|0|0|0|0
fe:a5:63:2f:16:a0|0|11|0|0|0|0
