42
b4:e6:2d:f6:b6:a5
68:02:b8:1e:7f:1f|1219|0|173|0|46599|0
ff:ff:ff:ff:ff:ff|0|3510|0|141|0|42750
6a:02:98:1e:7f:1f|1217|0|0|0|0|0
d8:b6:b7:7a:3a:61|1397|0|7|56|244|1578
70:ee:50:73:4e:36|0|0|53|0|1374|0
b0:95:75:4b:b9:26|0|0|0|53|0|1374
a6:63:62:00:a1:c8|0|7|0|0|0|0
b4:e6:2d:f6:b6:a5|0|2|0|5|0|577
e6:35:23:4e:ab:99|0|0|12|2|296|52
33:33:00:00:00:01|0|0|0|3|0|584
a4:3e:a0:a4:2a:46|0|122|0|0|0|0
84:16:f9:07:68:71|0|14|0|0|0|0
0e:26:0a:2f:38:6b|0|0|8|0|192|0
c8:66:5d:1f:4f:54|0|18|0|0|0|0
bc:54:51:02:a4:f0|0|0|23|2|778|52
26:17:dc:59:74:f7|0|0|13|2|312|52
1a:64:7f:b7:b8:5d|0|10|0|0|0|0
7e:14:3d:fc:e1:6c|0|14|0|0|0|0
2c:db:07:46:b4:19|0|7|0|0|0|0
01:00:5e:00:00:fb|0|0|0|8|0|832
33:33:00:00:00:fb|0|0|0|8|0|992
33:33:00:01:00:03|0|0|0|4|0|472
01:00:5e:00:00:fc|0|0|0|4|0|392
