34
b4:e6:2d:f6:c8:79
90:9a:4a:80:71:9a|1308|5|135|240|76318|54674
ff:ff:ff:ff:ff:ff|0|2633|0|2|0|340
90:9a:4a:80:85:9e|1086|1|2676|195|2246691|6076
9e:ab:89:2d:82:91|1|4|195|2675|6076|2246607
68:ff:7b:c5:ca:c9|265|0|0|0|0|0
20:aa:4b:5b:e6:4b|114|0|2|0|340|0
44:07:0b:2f:49:8b|12|0|0|0|0|0
b4:e6:2d:f6:c8:79|0|4|0|3|0|376
ec:5c:68:84:b1:4b|1|3|0|0|0|0
44:07:0b:70:9e:93|1|0|0|0|0|0
fe:bd:be:78:26:0a|0|6|0|0|0|0
54:2a:a2:73:c6:e9|5|69|0|0|0|0
26:2a:69:ac:11:d3|1|3|0|0|0|0
e4:5f:01:5c:9d:89|0|2|0|0|0|0
88:3d:24:10:7e:ce|0|1|0|0|0|0
c0:06:c3:8f:c7:99|0|0|8|2|702|156
c0:06:c3:8f:c0:7b|4|8|7|3|745|246
01:00:5e:00:00:01|0|0|0|1|0|84
28:6d:cd:09:2a:ea|1|3|3|0|78|0
fe:d8:85:c6:02:c7|0|5|0|0|0|0
a4:50:46:4c:af:3b|2|11|222|127|53149|75540
3c:8d:20:19:41:be|2|3|0|0|0|0
50:e0:85:84:55:94|4|14|0|0|0|0
48:5a:b6:22:0c:7e|0|9|0|0|0|0
90:0c:c8:ff:c0:3c|3|3|0|0|0|0
f6:4b:18:93:c5:be|0|3|0|0|0|0
1c:bf:ce:e3:fb:45|0|2|0|0|0|0
ac:67:84:52:fe:0b|2|0|0|0|0|0
1a:b0:2e:b0:fb:cf|1|3|0|0|0|0
ac:d6:18:05:2a:70|3|18|0|0|0|0
08:9e:08:bc:6c:2b|0|1|0|0|0|0
f4:f5:d8:8d:f2:58|3|6|0|0|0|0
b8:27:eb:81:9a:d6|0|1|0|0|0|0
3c:8d:20:4f:d8:e9|2|0|0|0|0|0
