46
b4:e6:2d:f6:c8:79
90:9a:4a:80:71:9a|1328|5|9|25|1409|2038
ff:ff:ff:ff:ff:ff|0|2465|0|7|0|1096
90:9a:4a:80:85:9e|1105|2|2038|26|2237026|624
54:2a:a2:73:c6:e9|2|90|0|0|0|0
54:3a:d6:77:88:6e|1|8|0|0|0|0
68:ff:7b:c5:ca:c9|222|0|5|1|694|24
9e:ab:89:2d:82:91|2|24|26|2037|624|2236942
b4:e6:2d:f6:c8:79|0|1|0|5|0|1097
48:5a:b6:22:0c:7e|0|6|0|0|0|0
ec:5c:68:84:b1:4b|1|17|0|0|0|0
01:00:5e:00:00:fb|0|0|0|2|0|454
c0:06:c3:8f:c0:7b|4|9|12|2|1142|156
20:aa:4b:5b:e6:4b|11|0|8|0|1172|0
34:c0:59:00:a0:8f|0|1|0|0|0|0
1a:a5:c3:61:4f:b6|0|0|1|2|24|156
66:23:af:a4:cb:1c|1|7|0|0|0|0
cc:f4:11:a1:a0:2c|0|8|0|0|0|0
28:6d:cd:09:2a:ea|1|3|4|0|104|0
f0:72:ea:ef:27:ca|0|9|0|0|0|0
c0:06:c3:8f:c7:99|0|0|9|2|792|156
3c:8d:20:4f:d8:e9|3|0|0|0|0|0
74:df:bf:45:ac:65|0|1|0|0|0|0
30:07:4d:59:13:40|0|2|0|0|0|0
