23
b4:e6:2d:f6:b6:a5
68:02:b8:1e:7f:1f|1302|0|424|0|95504|0
ff:ff:ff:ff:ff:ff|0|2349|0|330|0|60516
6a:02:98:1e:7f:1f|1301|0|0|0|0|0
01:00:5e:7f:ff:fa|0|0|0|60|0|30806
b4:e6:2d:f6:b6:a5|0|1|0|3|0|390
10:1c:0c:1a:10:10|0|24|0|0|0|0
56:1c:ee:c4:08:d9|1|6|0|0|0|0
f8:77:b8:53:10:e8|0|84|0|0|0|0
c8:66:5d:1f:4f:54|0|12|0|0|0|0
a4:3e:a0:a4:2a:46|0|42|0|0|0|0
70:ee:50:73:4e:36|0|0|8|0|208|0
44:fe:3b:a8:69:27|0|0|0|8|0|208
54:2a:a2:48:a3:f0|0|30|0|0|0|0
33:33:00:01:00:03|0|0|0|6|0|752
01:00:5e:00:00:fc|0|0|0|6|0|632
01:00:5e:00:00:fb|0|0|0|8|0|832
33:33:00:00:00:fb|0|0|0|8|0|992
f0:5c:77:1a:f1:64|0|6|0|0|0|0
9c:5d:12:d7:43:d4|0|6|0|0|0|0
1a:87:40:5c:9d:3b|0|12|0|0|0|0
33:33:00:00:00:01|0|0|0|3|0|584
26:94:9b:c4:cd:39|4|24|0|0|0|0
64:b3:10:aa:e3:3c|0|12|0|0|0|0
