24
b4:e6:2d:f6:b6:a5
68:02:b8:1e:7f:1f|1225|0|40|0|4814|0
ff:ff:ff:ff:ff:ff|0|3515|0|8|0|608
6a:02:98:1e:7f:1f|1223|0|0|0|0|0
d8:b6:b7:7a:3a:61|1238|0|7|32|244|1002
b4:e6:2d:f6:b6:a5|0|2|0|6|0|780
33:33:00:00:00:01|0|0|0|3|0|584
33:33:00:00:00:02|0|0|0|1|0|96
33:33:ff:1e:b6:60|0|0|0|1|0|112
a4:3e:a0:a4:2a:46|0|99|0|0|0|0
80:58:f8:93:88:29|0|0|0|21|0|2634
bc:54:51:02:a4:f0|0|0|20|2|704|52
42:fd:87:a5:e1:9e|1|0|0|0|0|0
e6:35:23:4e:ab:99|0|0|9|2|226|52
26:17:dc:59:74:f7|0|0|3|0|72|0
0a:2c:5b:e1:64:3d|0|7|0|0|0|0
01:00:5e:00:00:01|0|0|0|1|0|88
f0:5c:77:1a:f1:64|0|6|0|0|0|0
0e:26:0a:2f:38:6b|0|0|0|2|0|52
1a:87:40:3a:d7:47|0|14|0|0|0|0
f0:72:ea:da:42:c6|0|7|0|0|0|0
ce:cc:63:a5:87:ad|0|1|0|0|0|0
64:b3:10:aa:e3:3c|0|17|0|0|0|0
26:46:c8:9a:9d:a1|0|13|0|0|0|0
c8:66:5d:1f:4f:54|0|6|0|0|0|0
