19
b4:e6:2d:f6:b6:a5
6a:02:98:1e:7f:1f|1211|0|0|0|0|0
ff:ff:ff:ff:ff:ff|0|3512|0|7|0|532
d8:b6:b7:7a:3a:61|1283|0|11|43|716|1262
68:02:b8:1e:7f:1f|1212|0|23|0|6063|0
bc:54:51:02:a4:f0|0|0|19|4|678|472
b6:cc:c0:9a:7f:79|0|7|0|0|0|0
e6:35:23:4e:ab:99|0|0|8|2|200|52
a4:3e:a0:a4:2a:46|0|114|0|0|0|0
0e:26:0a:2f:38:6b|0|0|1|2|24|52
26:17:dc:59:74:f7|0|0|15|2|360|52
80:58:f8:93:88:29|0|0|0|12|0|5049
b4:e6:2d:f6:b6:a5|0|2|0|4|0|482
f0:72:ea:da:42:c6|0|28|0|0|0|0
d8:8c:79:90:f4:9b|0|7|0|0|0|0
5c:f8:21:84:a4:31|0|7|0|0|0|0
c8:66:5d:1f:4f:54|0|7|0|0|0|0
64:b3:10:aa:e3:3c|0|16|0|0|0|0
6e:6f:bf:34:22:98|0|6|0|0|0|0
01:00:5e:00:00:01|0|0|0|1|0|88
