37
b4:e6:2d:f6:b6:a5
68:02:b8:1e:7f:1f|1321|0|391|0|92603|0
ff:ff:ff:ff:ff:ff|0|2980|0|319|0|59744
6a:02:98:1e:7f:1f|1320|0|0|0|0|0
d8:b6:b7:7a:3a:61|727|0|8|45|1147|1310
b4:e6:2d:f6:b6:a5|0|1|0|3|0|390
2e:59:3e:60:f6:b6|0|7|0|0|0|0
70:ee:50:73:4e:36|0|0|91|0|2360|0
b0:95:75:4b:b9:26|0|0|0|91|0|2360
cc:88:26:36:b9:a7|56|30|0|0|0|0
01:00:5e:7f:ff:fa|0|0|0|67|0|32568
26:6f:1d:c2:e2:46|0|11|0|0|0|0
82:fe:f3:a6:8d:84|0|6|0|0|0|0
a4:3e:a0:a4:2a:46|0|88|0|0|0|0
54:2a:a2:48:a3:f0|0|132|0|0|0|0
9c:5d:12:d7:43:d4|0|6|0|0|0|0
bc:54:51:02:a4:f0|0|0|34|0|1038|0
c8:66:5d:1f:4f:54|0|12|0|0|0|0
ba:9f:31:f7:09:ae|0|25|0|0|0|0
e6:35:23:4e:ab:99|0|0|8|0|200|0
26:29:88:99:f1:a8|0|6|0|0|0|0
80:30:49:55:d3:2f|0|17|0|0|0|0
2a:48:64:a0:68:5c|0|6|0|0|0|0
0e:26:0a:2f:38:6b|0|0|3|2|72|52
1c:cc:d6:f7:de:a0|0|6|0|0|0|0
26:17:dc:59:74:f7|0|0|0|2|0|52
76:e1:84:ec:2c:e9|0|11|0|0|0|0
ae:d2:c0:11:54:ef|0|6|0|0|0|0
3a:d3:d8:cb:48:a6|0|8|0|0|0|0
8c:8d:28:f7:44:4b|0|10|0|0|0|0
20:79:18:e7:01:8a|0|9|0|0|0|0
2a:6a:4c:f3:1f:5d|2|0|0|0|0|0
4e:bc:3b:6d:9f:9d|0|6|0|0|0|0
5a:9f:06:d9:b0:7f|0|7|0|0|0|0
33:33:ff:68:67:d2|0|0|0|3|0|360
2c:33:7a:7f:1d:55|0|23|0|0|0|0
33:33:00:00:00:01|0|0|0|3|0|584
64:b3:10:aa:e3:3c|0|13|0|0|0|0
