28
b4:e6:2d:f6:c8:79
20:aa:4b:5b:e6:4b|489|0|32|0|4712|0
1c:bf:ce:e3:fb:45|0|5|0|0|0|0
90:9a:4a:80:85:9e|892|0|3|5|234|120
ff:ff:ff:ff:ff:ff|0|2623|0|29|0|4402
90:9a:4a:80:71:9a|1197|6|51|55|8323|8210
68:ff:7b:c5:ca:c9|70|0|0|0|0|0
c0:06:c3:8f:c0:7b|6|12|15|19|1761|1929
28:6d:cd:09:2a:ea|0|0|24|10|5417|1895
33:33:00:00:00:01|0|0|0|1|0|120
b8:27:eb:81:9a:d6|0|1|0|0|0|0
f4:f2:6d:90:44:3c|2|0|0|0|0|0
a4:50:46:4c:af:3b|0|0|9|14|570|3571
44:07:0b:2f:49:8b|7|0|0|0|0|0
f0:ef:86:06:76:35|0|6|0|0|0|0
a0:2c:36:28:1e:19|0|3|0|0|0|0
9e:ab:89:2d:82:91|0|0|5|3|120|234
c0:06:c3:8f:c7:99|0|0|7|4|462|474
5a:7c:70:de:df:3d|0|1|0|0|0|0
44:07:0b:70:9e:93|4|0|0|0|0|0
b4:e6:2d:f6:c8:79|0|2|0|4|0|454
44:07:0b:89:e4:ab|7|0|0|0|0|0
20:1f:3b:3a:bb:3d|1|0|0|0|0|0
a6:3c:13:f4:07:c4|4|11|0|0|0|0
