25
b4:e6:2d:f6:b6:a5
68:02:b8:1e:7f:1f|1288|0|186|0|48585|0
ff:ff:ff:ff:ff:ff|0|2352|0|153|0|43537
6a:02:98:1e:7f:1f|1281|0|0|0|0|0
a4:3e:a0:a4:2a:46|0|114|0|0|0|0
10:1c:0c:1a:10:10|3|30|0|0|0|0
b4:e6:2d:f6:b6:a5|0|2|0|4|0|482
f0:72:ea:da:42:c6|0|6|0|0|0|0
02:aa:3f:a7:c9:b2|6|0|0|0|0|0
5c:f8:21:84:a4:31|0|3|0|0|0|0
02:aa:3f:a7:c9:b1|3|0|0|0|0|0
06:1d:e7:f1:6c:69|2|1|0|0|0|0
c8:66:5d:1f:4f:54|0|6|0|0|0|0
8e:ce:84:5f:9c:42|5|54|0|0|0|0
64:b3:10:aa:e3:3c|0|18|0|0|0|0
ae:a7:d0:4f:0a:74|2|0|0|0|0|0
33:33:00:00:00:01|0|0|0|3|0|584
33:33:00:00:00:16|0|0|0|5|0|620
01:00:5e:00:00:16|0|0|0|5|0|470
01:00:5e:7f:ff:fa|0|0|0|6|0|1278
01:00:5e:00:00:fb|0|0|0|4|0|648
33:33:00:00:00:fb|0|0|0|4|0|728
33:33:00:01:00:03|0|0|0|1|0|129
01:00:5e:00:00:fc|0|0|0|1|0|109
