32
b4:e6:2d:f6:b6:a5
68:02:b8:1e:7f:1f|1300|0|215|0|52165|0
ff:ff:ff:ff:ff:ff|0|3125|0|151|0|43305
6a:02:98:1e:7f:1f|1297|0|0|0|0|0
d8:b6:b7:7a:3a:61|994|0|17|47|1957|1360
b4:e6:2d:f6:b6:a5|0|2|0|3|0|390
bc:54:51:02:a4:f0|0|0|31|1|968|26
54:2a:a2:48:a3:f0|0|111|0|0|0|0
a4:3e:a0:a4:2a:46|0|180|0|0|0|0
80:58:f8:93:88:29|0|0|0|7|0|968
ba:9f:31:f7:09:ae|0|58|0|0|0|0
01:00:5e:00:00:fb|0|0|0|17|0|2425
33:33:00:00:00:fb|0|0|0|14|0|2234
e6:35:23:4e:ab:99|0|0|8|2|200|52
0e:26:0a:2f:38:6b|0|0|8|0|192|0
c8:66:5d:1f:4f:54|0|24|0|0|0|0
01:00:5e:00:00:16|0|0|0|9|0|838
26:17:dc:59:74:f7|0|0|0|2|0|52
d8:8c:79:90:f4:9b|0|2|0|0|0|0
33:33:00:00:00:16|0|0|0|5|0|620
01:00:5e:7f:ff:fa|0|0|0|6|0|1278
33:33:00:01:00:03|0|0|0|5|0|621
01:00:5e:00:00:fc|0|0|0|5|0|521
c2:4a:50:52:ca:52|0|6|0|0|0|0
62:0b:d6:b7:ec:e1|0|1|0|0|0|0
3e:9f:ef:d6:3a:6b|2|35|0|0|0|0
33:33:00:00:00:01|0|0|0|3|0|584
33:33:00:00:00:02|0|0|0|1|0|96
33:33:ff:1e:b6:60|0|0|0|1|0|112
f0:5c:77:1a:f1:64|0|6|0|0|0|0
f0:72:ea:da:42:c6|0|7|0|0|0|0
22:96:d3:e8:c7:9a|0|7|0|0|0|0
02:1c:8b:4b:50:15|4|33|0|0|0|0
