45
b4:e6:2d:f6:c8:79
90:9a:4a:80:85:9e|1052|24|85|228|81160|108900
ff:ff:ff:ff:ff:ff|0|2954|0|46|0|9135
90:9a:4a:80:71:9a|1272|6|146|214|55906|36853
a4:50:46:4c:af:3b|2|5|158|124|26536|53320
9e:ab:89:2d:82:91|2|5|226|7|108848|669
01:00:5e:7f:ff:fa|0|0|0|10|0|3845
20:aa:4b:5b:e6:4b|610|0|48|0|9319|0
28:6d:cd:09:2a:ea|0|0|37|4|8404|474
04:6c:59:1b:72:04|22|42|3|61|484|75869
b4:e6:2d:f6:c8:79|0|4|0|4|0|454
68:ff:7b:c5:ca:c9|195|0|0|0|0|0
c0:06:c3:8f:c7:99|0|0|11|6|1110|792
f4:f5:d8:8d:f2:58|0|4|0|0|0|0
48:5a:b6:22:0c:7e|0|25|0|0|0|0
33:33:00:00:00:01|0|0|0|1|0|120
01:00:5e:00:00:01|0|0|0|2|0|160
22:48:f8:26:26:64|1|9|0|0|0|0
14:c1:4e:07:26:d2|1|0|0|0|0|0
a0:2c:36:28:1e:19|0|3|0|0|0|0
44:07:0b:70:9e:93|3|0|0|0|0|0
f0:ef:86:05:a3:fa|0|2|0|0|0|0
01:00:5e:00:00:fa|0|0|0|2|0|228
c0:06:c3:8f:c0:7b|4|8|8|8|803|866
24:77:03:d4:12:38|6|10|0|0|0|0
38:00:25:e8:32:12|0|4|0|0|0|0
3c:22:fb:60:87:53|0|6|0|0|0|0
44:07:0b:6c:b6:e3|3|0|0|0|0|0
a6:23:9c:e5:b4:cb|5|11|0|0|0|0
6a:0b:a4:8d:10:d5|0|2|0|0|0|0
01:00:5e:00:00:fb|0|0|0|5|0|885
52:e4:53:92:9d:bf|0|1|0|0|0|0
fa:03:19:d0:f7:33|2|10|0|0|0|0
46:17:6f:b5:a5:8c|1|0|0|0|0|0
f0:ef:86:06:76:35|0|2|0|0|0|0
4c:fc:aa:01:67:75|0|2|0|0|0|0
3c:5c:c4:b7:94:93|2|22|0|0|0|0
e4:15:f6:ee:87:67|0|1|0|0|0|0
62:e6:c7:38:d4:80|1|0|0|0|0|0
00:08:07:76:35:b7|0|3|0|0|0|0
34:c0:59:00:a0:8f|0|1|0|0|0|0
14:5a:fc:11:63:33|1|0|0|0|0|0
90:9a:4a:80:6a:fe|0|1|0|0|0|0
54:60:09:e2:ee:aa|0|13|0|0|0|0
b8:27:eb:81:9a:d6|0|2|0|0|0|0
8a:66:1e:56:66:a0|0|3|0|0|0|0
