41
b4:e6:2d:f6:b6:a5
68:02:b8:1e:7f:1f|1306|0|313|0|61364|0
ff:ff:ff:ff:ff:ff|0|2392|0|299|0|58262
6a:02:98:1e:7f:1f|1303|0|0|0|0|0
b4:e6:2d:f6:b6:a5|0|2|0|3|0|390
70:ee:50:73:4e:36|0|0|19|0|492|0
b0:95:75:4b:b9:26|0|0|0|19|0|492
a4:3e:a0:a4:2a:46|0|84|0|0|0|0
01:00:5e:00:00:fb|0|0|0|4|0|1024
33:33:00:00:00:fb|0|0|0|4|0|1104
10:1c:0c:1a:10:10|2|11|0|0|0|0
64:b3:10:aa:e3:3c|0|6|0|0|0|0
7a:11:f8:97:67:f7|4|0|0|0|0|0
02:0f:c2:cc:25:5f|2|0|0|0|0|0
d0:c6:37:81:ea:b1|0|36|0|0|0|0
54:2a:a2:48:a3:f0|0|84|0|0|0|0
02:08:cc:34:8a:0d|1|0|0|0|0|0
02:ff:96:72:53:81|2|0|0|0|0|0
02:83:e1:2c:d7:dc|2|0|0|0|0|0
02:c1:7a:56:5d:8e|2|0|0|0|0|0
02:ab:0e:40:b2:c6|2|0|0|0|0|0
02:49:4c:af:ce:9f|2|0|0|0|0|0
02:5a:ba:63:1c:62|2|0|0|0|0|0
02:f2:92:27:cb:fb|2|0|0|0|0|0
02:63:46:80:79:b9|2|0|0|0|0|0
26:94:9b:c4:cd:39|0|18|0|0|0|0
02:4c:3e:9a:3f:9d|2|0|0|0|0|0
33:33:00:00:00:01|0|0|0|3|0|584
82:92:46:3b:b3:93|0|6|0|0|0|0
02:aa:9b:10:75:b8|2|0|0|0|0|0
00:1c:bf:52:98:29|0|6|0|0|0|0
02:93:e8:17:2c:ce|3|0|0|0|0|0
02:2f:23:54:ca:b7|2|0|0|0|0|0
02:b6:a9:1e:4f:3e|2|0|0|0|0|0
9c:5d:12:d7:43:d4|0|6|0|0|0|0
02:43:f7:70:29:2c|2|0|0|0|0|0
02:2e:62:93:bc:3b|2|0|0|0|0|0
02:c8:9d:21:e8:1a|2|0|0|0|0|0
02:82:6e:63:92:a0|2|0|0|0|0|0
02:a2:f4:0b:8d:5b|2|0|0|0|0|0
f0:5c:77:1a:f1:64|0|6|0|0|0|0
02:d8:fb:cc:00:bc|2|0|0|0|0|0
