52
b4:e6:2d:f6:c8:79
90:9a:4a:80:71:9a|1314|10|2732|1533|3238576|340612
ff:ff:ff:ff:ff:ff|0|2488|0|31|0|4507
20:aa:4b:5b:e6:4b|58|0|23|0|3803|0
08:9e:08:bc:6c:2b|0|2|0|0|0|0
68:ff:7b:c5:ca:c9|564|0|0|0|0|0
a4:50:46:4c:af:3b|17|33|1514|2714|339051|3236418
90:9a:4a:80:85:9e|798|47|46|226|11726|5820
a6:98:7c:60:e4:56|0|5|0|0|0|0
04:6c:59:1b:72:04|46|82|198|2|5148|156
22:48:f8:26:26:64|6|15|0|0|0|0
33:33:00:00:00:0c|0|0|0|5|0|1050
20:1f:3b:3a:bb:3d|1|0|0|0|0|0
b2:94:ed:08:2e:76|0|3|0|0|0|0
9e:ab:89:2d:82:91|1|3|28|3|672|234
10:fe:ed:dd:08:06|9|0|0|0|0|0
fe:de:f3:7e:0a:03|0|3|0|0|0|0
d6:68:81:85:17:18|0|2|0|0|0|0
c0:06:c3:8f:c7:99|0|0|6|1|399|78
c0:06:c3:8f:c0:7b|4|8|10|3|1084|234
e4:5f:01:5c:9d:89|0|2|0|0|0|0
76:78:27:bc:20:c6|0|3|0|0|0|0
28:6d:cd:09:2a:ea|1|3|3|0|78|0
12:c8:1b:8c:df:ac|0|1|0|0|0|0
01:00:5e:7f:ff:fa|0|0|0|32|0|10187
01:00:5e:00:00:fb|0|0|0|4|0|613
01:00:5e:00:00:16|0|0|0|2|0|176
44:07:0b:70:9e:93|1|0|0|0|0|0
b4:e6:2d:f6:c8:79|0|6|0|3|0|376
32:10:0a:c3:e2:92|0|3|0|0|0|0
34:c0:59:00:a0:8f|0|1|0|0|0|0
ec:5c:68:84:b1:4b|1|12|0|0|0|0
50:e0:85:84:55:94|4|13|0|0|0|0
1c:bf:ce:e3:fb:45|0|1|0|0|0|0
b6:6d:01:e7:d9:b3|0|3|0|0|0|0
b6:2b:97:b4:ac:fb|0|3|0|0|0|0
74:df:bf:45:ac:65|0|2|0|0|0|0
aa:97:08:56:eb:f4|1|6|0|0|0|0
00:08:07:76:35:b7|0|1|0|0|0|0
54:60:09:e2:ee:aa|0|5|0|0|0|0
be:18:95:bb:15:a7|2|3|0|0|0|0
e0:b6:55:51:29:ba|0|1|0|0|0|0
3e:62:1c:d6:69:46|2|6|0|0|0|0
88:3d:24:10:7e:ce|0|1|0|0|0|0
f0:ef:86:06:76:35|0|2|0|0|0|0
2a:eb:2c:e1:5b:61|1|5|0|0|0|0
a6:23:9c:e5:b4:cb|4|28|0|0|0|0
f4:f5:d8:8d:f2:58|0|1|0|0|0|0
9a:d5:f2:19:65:87|0|6|0|0|0|0
ea:f7:da:c9:d4:54|0|2|0|0|0|0
9a:c2:51:97:f8:b8|0|3|0|0|0|0
44:46:87:a9:e4:4b|1|12|0|0|0|0
01:00:5e:00:00:01|0|0|0|1|0|76
