24
b4:e6:2d:f6:b6:a5
68:02:b8:1e:7f:1f|1303|0|363|12|60926|312
ff:ff:ff:ff:ff:ff|0|2364|0|263|0|25289
6a:02:98:1e:7f:1f|1295|0|0|0|0|0
10:1c:0c:1a:10:10|3|12|0|0|0|0
70:ee:50:73:4e:36|0|0|29|0|754|0
b0:95:75:4b:b9:26|0|0|0|29|0|754
b4:e6:2d:f6:b6:a5|0|2|0|5|0|577
01:00:5e:7f:ff:fa|0|0|0|80|0|33086
80:1f:02:b4:07:ae|0|0|12|0|312|0
a4:3e:a0:a4:2a:46|0|91|0|0|0|0
44:fe:3b:06:5c:71|4|0|0|0|0|0
1e:d1:3f:13:b9:d3|0|1|0|0|0|0
0e:5f:1c:68:8a:b3|0|6|0|0|0|0
01:00:5e:00:00:fb|0|0|0|6|0|822
4e:9b:05:55:9f:ce|5|0|0|0|0|0
f8:77:b8:53:10:e8|12|120|0|0|0|0
c6:4e:2f:34:f4:15|0|6|0|0|0|0
33:33:00:00:00:01|0|0|0|3|0|584
33:33:00:00:00:02|0|0|0|1|0|96
33:33:ff:1e:b6:60|0|0|0|1|0|112
01:00:5e:00:00:16|0|0|0|4|0|360
2c:db:07:46:b4:19|0|2|0|0|0|0
c8:66:5d:1f:4f:54|0|6|0|0|0|0
64:b3:10:aa:e3:3c|0|12|0|0|0|0
