34
b4:e6:2d:f6:b6:a5
68:02:b8:1e:7f:1f|1314|3|209|74|29957|8595
ff:ff:ff:ff:ff:ff|0|3531|0|153|0|14160
6a:02:98:1e:7f:1f|1283|0|0|0|0|0
d8:b6:b7:7a:3a:61|1361|0|15|82|1108|2404
bc:54:51:02:a4:f0|0|0|53|2|1704|52
70:ee:50:73:4e:36|0|0|13|0|336|0
b0:95:75:4b:b9:26|0|0|0|13|0|336
b4:e6:2d:f6:b6:a5|0|2|0|3|0|390
dc:41:a9:b1:30:a0|0|24|0|0|0|0
80:58:f8:93:88:29|26|87|74|40|8595|12815
e6:35:23:4e:ab:99|0|0|14|2|340|52
a4:3e:a0:a4:2a:46|0|87|0|0|0|0
01:00:5e:00:00:fb|0|0|0|8|0|1488
cc:4b:73:b0:02:dc|0|7|0|0|0|0
3e:c2:af:d9:a6:e4|0|7|0|0|0|0
64:b3:10:aa:e3:3c|0|19|0|0|0|0
26:17:dc:59:74:f7|0|0|12|2|288|52
02:00:00:00:00:00|3|129|0|0|0|0
0e:26:0a:2f:38:6b|0|0|3|2|72|52
0a:9c:87:ff:c5:6d|0|13|0|0|0|0
ca:a1:cd:f4:97:4e|0|24|0|0|0|0
33:33:00:00:00:01|0|0|0|3|0|584
