42
b4:e6:2d:f6:c8:79
90:9a:4a:80:71:9a|1236|5|19|18|1854|1505
ff:ff:ff:ff:ff:ff|0|2269|0|39|0|5895
90:9a:4a:80:85:9e|1024|0|4|0|396|0
20:aa:4b:5b:e6:4b|121|0|35|0|5635|0
b4:e6:2d:f6:c8:79|0|2|0|3|0|376
00:08:07:76:35:b7|0|5|0|0|0|0
28:6d:cd:09:2a:ea|1|3|3|0|78|0
cc:f4:11:a1:a0:2c|3|0|0|0|0|0
10:fe:ed:dd:08:06|1|0|0|0|0|0
00:08:10:80:dc:7a|0|2|0|0|0|0
e4:5f:01:5c:9d:89|0|2|0|0|0|0
c0:06:c3:8f:c0:7b|4|7|7|8|725|866
94:e2:3c:2c:75:7c|0|2|0|0|0|0
68:ff:7b:c5:ca:c9|13|0|0|0|0|0
76:a3:d6:f8:eb:ed|0|1|0|0|0|0
be:b5:fe:98:8e:1a|0|1|0|0|0|0
ba:92:3e:fe:ff:fd|0|17|0|0|0|0
9e:ab:89:2d:82:91|0|0|0|4|0|396
f0:ef:86:06:76:35|0|12|0|0|0|0
44:07:0b:70:9e:93|2|0|0|0|0|0
34:c0:59:00:a0:8f|3|0|0|0|0|0
c0:06:c3:8f:c7:99|0|0|8|2|702|156
c0:87:eb:8e:48:ef|0|7|0|0|0|0
3c:8d:20:4f:d8:e9|4|0|0|0|0|0
a4:77:33:63:f5:7e|0|6|0|0|0|0
f0:ef:86:05:a3:fa|0|9|0|0|0|0
44:07:0b:2f:49:8b|4|0|0|0|0|0
08:9e:08:bc:6c:2b|0|4|0|0|0|0
33:33:00:00:00:01|0|0|0|1|0|120
54:60:09:e2:ee:aa|0|3|0|0|0|0
fe:96:d0:a6:ad:cb|1|12|0|0|0|0
f0:f6:c1:d5:cb:42|0|5|0|0|0|0
b8:27:eb:81:9a:d6|0|2|0|0|0|0
e2:42:1d:b7:29:fe|9|33|0|0|0|0
5c:5f:67:4a:d7:b0|1|0|0|0|0|0
01:00:5e:00:00:01|0|0|0|1|0|76
da:a1:19:4d:4d:4d|1|8|0|0|0|0
2a:82:73:15:52:94|0|1|0|0|0|0
e4:5f:01:78:c0:dc|0|1|0|0|0|0
28:16:a8:50:a0:81|0|1|0|0|0|0
f4:f5:d8:8d:f2:58|0|7|0|0|0|0
e2:7c:7a:2b:c5:9d|0|1|0|0|0|0
