56
b4:e6:2d:f6:c8:79
90:9a:4a:80:85:9e|1086|30|29|440|4314|10566
ff:ff:ff:ff:ff:ff|0|2674|0|26|0|4289
9e:ab:89:2d:82:91|5|13|437|9|10488|1097
90:9a:4a:80:71:9a|1409|21|1721|1275|1004873|208668
04:6c:59:1b:72:04|25|51|4|4|510|666
3c:22:fb:60:87:53|0|3|0|0|0|0
20:aa:4b:5b:e6:4b|369|0|59|0|17079|0
28:6d:cd:09:2a:ea|0|0|31|8|6904|1110
c0:06:c3:8f:c0:7b|4|8|10|8|917|866
68:ff:7b:c5:ca:c9|163|0|0|0|0|0
b8:27:eb:81:9a:d6|0|2|0|0|0|0
ee:9c:5e:3a:f0:42|0|2|0|0|0|0
22:48:f8:26:26:64|0|1|0|0|0|0
e6:1d:78:73:e4:e3|0|0|0|36|0|13156
44:07:0b:2f:49:8b|5|0|0|0|0|0
c0:06:c3:8f:c7:99|0|0|7|4|543|474
50:e0:85:84:55:94|4|17|0|0|0|0
da:a1:19:0a:49:36|3|27|0|0|0|0
34:c0:59:00:a0:8f|0|3|0|0|0|0
08:9e:08:49:f2:bd|0|2|0|0|0|0
a4:50:46:4c:af:3b|46|118|1227|1697|200304|1001969
56:ec:13:41:f4:d7|0|5|0|0|0|0
9a:8e:f0:89:12:33|2|7|0|0|0|0
a2:9e:f6:29:bd:a8|0|6|0|0|0|0
20:1f:3b:3a:bb:3d|2|0|0|0|0|0
b4:e6:2d:f6:c8:79|0|2|0|4|0|454
f4:f5:d8:8d:f2:58|5|3|0|0|0|0
01:00:5e:7f:ff:fa|0|0|0|8|0|1927
64:1c:ae:5c:48:4a|0|1|0|0|0|0
9c:5a:81:3c:9b:3b|0|16|0|0|0|0
12:9c:99:76:dd:0d|0|6|0|0|0|0
ec:5c:68:84:b1:4b|2|27|0|0|0|0
01:00:5e:00:00:fb|0|0|0|4|0|492
5a:ad:81:47:82:a9|0|3|0|0|0|0
aa:2d:52:e0:5f:97|0|8|0|0|0|0
42:96:ee:71:85:2c|1|8|0|0|0|0
01:00:5e:00:00:01|0|0|0|1|0|84
de:86:65:0b:a3:74|0|1|0|0|0|0
f0:ef:86:05:a3:fa|0|5|0|0|0|0
00:08:07:76:35:b7|0|2|0|0|0|0
24:77:03:d4:12:38|4|17|0|0|0|0
84:4b:f5:19:a0:99|0|2|0|0|0|0
38:80:df:8b:5f:31|0|3|0|0|0|0
44:07:0b:70:9e:93|1|0|0|0|0|0
1e:e8:29:e4:16:89|1|0|0|0|0|0
14:f6:d8:d4:ba:48|0|2|0|0|0|0
