47
b4:e6:2d:f6:c8:79
90:9a:4a:80:71:9a|1322|6|92|165|18526|16126
ff:ff:ff:ff:ff:ff|0|2824|0|74|0|9058
90:9a:4a:80:85:9e|1060|0|0|0|0|0
20:aa:4b:5b:e6:4b|562|0|36|0|6208|0
68:ff:7b:c5:ca:c9|16|0|41|0|3124|0
3c:8d:20:19:41:be|2|3|0|0|0|0
d6:fc:fb:a5:3b:51|0|3|0|0|0|0
b4:e6:2d:f6:c8:79|0|1|0|3|0|376
28:6d:cd:09:2a:ea|0|0|28|4|6154|474
54:2a:a2:73:c6:e9|9|83|0|0|0|0
c0:06:c3:8f:c0:7b|4|8|10|15|1084|1496
96:13:10:f5:6e:ff|1|0|5|0|120|0
30:5a:3a:60:73:c8|0|0|0|5|0|120
50:e0:85:84:55:94|5|9|0|0|0|0
c0:06:c3:8f:c7:99|0|0|8|5|702|633
6e:35:49:19:6b:ed|0|1|0|0|0|0
f0:ef:86:06:76:35|0|1|0|0|0|0
10:fe:ed:dd:08:06|7|0|0|0|0|0
80:45:dd:a7:9e:f5|0|3|0|0|0|0
a4:50:46:4c:af:3b|2|2|119|65|8186|15547
44:07:0b:2f:49:8b|9|0|0|0|0|0
e4:5f:01:5c:9d:89|0|4|0|0|0|0
34:c0:59:00:a0:8f|0|3|0|0|0|0
ec:5c:68:84:b1:4b|1|12|0|0|0|0
54:60:09:e2:ee:aa|0|2|0|0|0|0
f0:ef:86:21:66:5f|0|1|0|0|0|0
44:07:0b:89:e4:ab|7|0|0|0|0|0
ce:42:6d:60:29:60|1|7|0|0|0|0
da:a1:19:cc:af:b6|0|7|0|0|0|0
44:07:0b:70:9e:93|5|0|0|0|0|0
f4:f5:d8:8d:f2:58|0|1|0|0|0|0
26:d4:3c:9b:33:52|0|3|0|0|0|0
18:e8:29:e4:16:89|1|0|0|0|0|0
01:00:5e:00:00:fa|0|0|0|1|0|114
a0:2c:36:28:1e:19|0|6|0|0|0|0
14:c1:4e:07:26:d2|1|0|0|0|0|0
00:08:07:76:35:b7|0|3|0|0|0|0
08:9e:08:49:f2:bd|0|2|0|0|0|0
36:74:a4:2e:55:e2|0|3|0|0|0|0
a8:34:6a:31:e6:88|0|3|0|0|0|0
64:a2:f9:b6:88:f9|0|1|0|0|0|0
01:00:5e:00:00:01|0|0|0|2|0|160
b4:75:0e:da:6c:72|1|0|0|0|0|0
b4:75:0e:da:6c:73|2|0|0|0|0|0
24:77:03:d4:12:38|1|6|0|0|0|0
08:9e:08:bc:6c:2b|0|5|0|0|0|0
f0:f6:c1:d5:cb:42|0|6|0|0|0|0
