26
b4:e6:2d:f6:b6:a5
68:02:b8:1e:7f:1f|1237|0|126|0|12254|0
ff:ff:ff:ff:ff:ff|0|2415|0|120|0|11280
6a:02:98:1e:7f:1f|1234|0|0|0|0|0
b4:e6:2d:f6:b6:a5|0|2|0|3|0|390
02:aa:3f:a7:c9:b2|27|0|1|0|583|0
02:aa:3f:a7:c9:b1|31|0|0|0|0|0
0e:52:8c:88:1e:cd|3|12|0|0|0|0
a4:3e:a0:a4:2a:46|0|66|0|0|0|0
6a:02:98:2e:8d:67|6|0|0|0|0|0
56:cf:03:40:4b:ed|0|6|0|0|0|0
de:ca:4b:51:77:5d|0|12|0|0|0|0
c8:66:5d:1f:4f:54|0|12|0|0|0|0
62:d2:55:0d:ec:05|0|11|0|0|0|0
0e:f0:e7:13:54:71|1|0|0|0|0|0
b2:d0:f3:44:9d:35|1|0|0|0|0|0
e4:04:39:d5:9a:23|0|2|0|0|0|0
68:02:b8:2e:8d:67|1|0|0|0|0|0
ee:11:fb:97:ee:57|1|0|0|0|0|0
3a:f1:72:4d:a0:61|1|0|0|0|0|0
9a:2f:48:5e:85:65|2|0|0|0|0|0
10:1c:0c:1a:10:10|1|0|0|0|0|0
5c:f8:21:84:a4:31|0|1|0|0|0|0
33:33:00:00:00:01|0|0|0|3|0|584
33:33:00:00:00:0c|0|0|0|1|0|583
