27
b4:e6:2d:f6:b6:a5
d8:b6:b7:7a:3a:61|1335|0|8|20|270|488
ff:ff:ff:ff:ff:ff|0|3515|0|0|0|0
68:02:b8:1e:7f:1f|1221|0|19|0|3762|0
6a:02:98:1e:7f:1f|1220|0|0|0|0|0
f0:5c:77:1a:f1:64|0|7|0|0|0|0
b4:e6:2d:f6:b6:a5|0|1|0|3|0|390
a4:3e:a0:a4:2a:46|0|124|0|0|0|0
01:00:5e:00:00:fb|0|0|0|4|0|1024
33:33:00:00:00:fb|0|0|0|4|0|1104
33:33:00:00:00:16|0|0|0|2|0|248
01:00:5e:00:00:16|0|0|0|2|0|180
e6:35:23:4e:ab:99|0|0|12|2|296|52
f0:72:ea:da:42:c6|0|28|0|0|0|0
c8:66:5d:1f:4f:54|0|12|0|0|0|0
bc:54:51:02:a4:f0|0|0|0|1|0|26
26:17:dc:59:74:f7|0|0|0|2|0|52
0e:26:0a:2f:38:6b|0|0|8|2|192|52
33:33:00:00:00:01|0|0|0|4|0|816
de:6e:13:69:40:18|0|7|0|0|0|0
76:04:99:7d:23:e9|0|7|0|0|0|0
2e:b3:fa:a3:30:ac|0|13|0|0|0|0
ae:8d:d5:34:cc:ab|0|7|0|0|0|0
01:00:5e:00:00:01|0|0|0|1|0|88
f6:6d:8b:6d:9f:10|0|7|0|0|0|0
64:b3:10:aa:e3:3c|0|14|0|0|0|0
1a:87:40:fb:fd:7b|0|20|0|0|0|0
a0:cb:fd:f1:d7:be|0|14|0|0|0|0
