26
b4:e6:2d:f6:b6:a5
68:02:b8:1e:7f:1f|1321|1|133|11|44971|442
ff:ff:ff:ff:ff:ff|0|2363|0|11|0|1178
6a:02:98:1e:7f:1f|1307|0|0|0|0|0
b4:e6:2d:f6:b6:a5|0|1|0|3|0|390
cc:88:26:04:86:b1|1|0|0|0|0|0
54:2a:a2:48:a3:f0|0|54|0|0|0|0
70:ee:50:73:4e:36|0|0|100|0|2572|0
b0:95:75:4b:b9:26|0|0|0|100|0|2572
a4:3e:a0:a4:2a:46|0|48|0|0|0|0
01:00:5e:7f:ff:fa|0|0|0|60|0|30806
4e:9b:05:55:9f:ce|1|1|11|3|442|329
e6:35:23:4e:ab:99|14|132|0|0|0|0
c8:66:5d:1f:4f:54|0|24|0|0|0|0
33:33:ff:53:91:a3|0|0|0|9|0|1080
a8:3e:0e:ab:79:69|1|0|0|0|0|0
10:1c:0c:1a:10:10|3|24|0|0|0|0
33:33:ff:a5:4e:19|0|0|0|1|0|120
33:33:00:00:00:02|0|0|0|1|0|96
33:33:ff:47:43:51|0|0|0|1|0|120
33:33:ff:52:26:77|0|0|0|3|0|360
33:33:00:01:00:02|0|0|0|1|0|132
01:00:5e:00:00:fb|0|0|0|17|0|4632
33:33:00:00:00:fb|0|0|0|15|0|4752
33:33:00:00:00:16|0|0|0|4|0|616
01:00:5e:00:00:02|0|0|0|2|0|180
01:00:5e:00:00:16|0|0|0|2|0|180
