45
b4:e6:2d:f6:c8:79
20:aa:4b:5b:e6:4b|553|0|5|0|629|0
ff:ff:ff:ff:ff:ff|0|3145|0|75|0|6061
90:9a:4a:80:85:9e|1099|9|1110|170|1560245|11674
90:9a:4a:80:71:9a|1254|15|175|259|31974|27713
68:ff:7b:c5:ca:c9|415|3|86|41|9919|984
01:00:5e:00:00:fb|0|0|0|6|0|1586
b4:e6:2d:f6:c8:79|0|1|0|3|0|376
a4:50:46:4c:af:3b|7|13|222|147|21563|28284
74:df:bf:45:ac:65|0|3|0|0|0|0
da:a1:19:a7:a7:a7|0|3|0|0|0|0
28:6d:cd:09:2a:ea|0|0|23|5|4995|633
e4:5f:01:5c:9d:89|0|1|0|0|0|0
a0:78:17:a1:19:64|0|0|41|4|984|312
b0:35:9f:5d:a6:65|3|7|0|3|0|281
9e:ab:89:2d:82:91|5|41|170|1057|11674|1539683
c0:06:c3:8f:c0:7b|4|8|7|7|543|776
b8:81:98:41:b1:49|0|4|0|0|0|0
50:e0:85:84:55:94|5|21|0|0|0|0
01:00:5e:7f:ff:fa|0|0|0|47|0|22094
44:07:0b:70:9e:93|6|0|0|0|0|0
04:6c:59:1b:72:04|4|17|0|2|0|156
c0:06:c3:8f:c7:99|4|8|7|13|612|1905
01:00:5e:00:00:01|0|0|0|1|0|84
01:00:5e:00:00:16|0|0|0|6|0|536
f8:0f:f9:6b:25:eb|0|2|0|0|0|0
24:77:03:d4:12:38|3|13|0|0|0|0
f2:66:d1:7e:d9:cc|0|2|0|0|0|0
f4:f5:d8:8d:f2:58|3|1|0|0|0|0
b8:27:eb:81:9a:d6|0|4|0|0|0|0
44:07:0b:2f:49:8b|7|0|0|0|0|0
a2:e0:6c:67:3c:21|1|9|0|0|0|0
00:08:07:76:35:b7|0|7|0|0|0|0
f0:ef:86:06:76:35|0|4|0|0|0|0
b6:f3:7b:44:12:dc|0|3|0|0|0|0
ec:5c:68:84:b1:4b|4|18|0|0|0|0
20:1f:3b:3a:bb:3d|1|0|0|0|0|0
88:3d:24:10:7e:ce|0|3|0|0|0|0
a8:6d:aa:73:88:1d|0|5|0|0|0|0
34:2e:b7:95:ee:df|1|0|0|0|0|0
54:60:09:e2:ee:aa|0|1|0|0|0|0
6e:15:69:2b:06:c6|0|1|0|0|0|0
3c:f0:11:11:b7:41|2|0|0|0|0|0
08:9e:08:bc:6c:2b|0|2|0|0|0|0
ca:f6:11:16:a6:b6|2|0|0|0|0|0
1c:bf:ce:e3:fb:45|0|9|0|0|0|0
