33
b4:e6:2d:f6:b6:a5
68:02:b8:1e:7f:1f|1238|0|291|0|58564|0
ff:ff:ff:ff:ff:ff|0|3487|0|260|0|53840
6a:02:98:1e:7f:1f|1236|0|0|0|0|0
d8:b6:b7:7a:3a:61|1227|0|8|40|270|1246
b4:e6:2d:f6:b6:a5|0|2|0|3|0|390
0c:54:15:5d:f1:f6|0|17|0|0|0|0
a4:3e:a0:a4:2a:46|0|75|0|0|0|0
bc:54:51:02:a4:f0|0|0|22|2|752|52
01:00:5e:00:00:01|0|0|0|1|0|88
66:8e:f5:7d:fe:bf|2|0|0|0|0|0
00:1c:bf:52:98:29|0|7|0|0|0|0
e6:35:23:4e:ab:99|0|0|14|1|398|26
0e:26:0a:2f:38:6b|0|0|4|2|96|52
06:f1:28:48:0b:f1|2|12|0|0|0|0
4e:9b:05:55:9f:ce|2|24|0|0|0|0
33:33:00:00:00:16|0|0|0|5|0|620
01:00:5e:00:00:16|0|0|0|5|0|470
01:00:5e:7f:ff:fa|0|0|0|6|0|1278
01:00:5e:00:00:fb|0|0|0|4|0|648
33:33:00:00:00:fb|0|0|0|4|0|728
33:33:00:01:00:03|0|0|0|1|0|129
01:00:5e:00:00:fc|0|0|0|1|0|109
6a:b9:de:81:37:cb|0|20|0|0|0|0
