22
b4:e6:2d:f6:b6:a5
68:02:b8:1e:7f:1f|1235|0|228|0|77973|0
ff:ff:ff:ff:ff:ff|0|3499|0|158|0|45498
6a:02:98:1e:7f:1f|1234|0|0|0|0|0
d8:b6:b7:7a:3a:61|1253|0|13|23|1280|617
b4:e6:2d:f6:b6:a5|0|2|0|4|0|482
01:00:5e:7f:ff:fa|0|0|0|63|0|31409
e6:35:23:4e:ab:99|0|0|7|2|176|52
a4:3e:a0:a4:2a:46|0|110|0|0|0|0
f0:72:ea:da:42:c6|0|21|0|0|0|0
bc:54:51:02:a4:f0|0|0|7|3|225|262
0e:26:0a:2f:38:6b|0|0|9|1|216|26
01:00:5e:00:00:fb|0|0|0|2|0|380
33:33:00:00:00:fb|0|0|0|2|0|420
26:17:dc:59:74:f7|0|0|0|2|0|52
3e:cc:c6:76:b5:58|2|6|0|0|0|0
c8:66:5d:1f:4f:54|0|18|0|0|0|0
8e:ce:84:5f:9c:42|5|42|0|0|0|0
01:00:5e:00:00:01|0|0|0|1|0|88
64:b3:10:aa:e3:3c|0|11|0|0|0|0
f0:5c:77:1a:f1:64|0|7|0|0|0|0
33:33:00:00:00:01|0|0|0|3|0|584
62:45:b7:07:e5:4a|0|13|0|0|0|0
