43
b4:e6:2d:f6:c8:79
90:9a:4a:80:71:9a|1244|4|34|35|5146|5567
ff:ff:ff:ff:ff:ff|0|2741|0|78|0|14662
20:aa:4b:5b:e6:4b|939|0|60|0|11306|0
28:6d:cd:09:2a:ea|0|0|23|4|4904|474
90:9a:4a:80:85:9e|670|0|5|4|396|96
9e:ab:89:2d:82:91|0|0|4|4|96|312
68:ff:7b:c5:ca:c9|101|0|0|0|0|0
00:08:07:76:35:b7|0|6|0|0|0|0
b4:e6:2d:f6:c8:79|0|4|0|4|0|454
30:07:4d:83:4d:ce|0|2|0|0|0|0
c0:06:c3:8f:c7:99|4|8|8|4|567|474
f0:ef:86:06:76:35|0|2|0|0|0|0
f4:f5:d8:84:58:92|0|2|0|0|0|0
d8:47:32:54:de:63|0|2|0|0|0|0
c0:06:c3:8f:c0:7b|0|0|4|0|96|0
ec:5c:68:84:b1:4b|0|24|0|0|0|0
aa:fd:49:b5:a9:c3|0|8|0|0|0|0
01:00:5e:00:00:fa|0|0|0|2|0|228
44:07:0b:2f:49:8b|12|0|0|0|0|0
9c:5a:81:3c:9b:3b|0|12|0|0|0|0
4a:cd:df:3d:b3:ad|1|7|0|0|0|0
44:07:0b:6c:b6:e3|7|0|0|0|0|0
1a:a5:c3:61:4f:b6|0|34|0|0|0|0
d6:68:81:85:17:18|0|41|0|0|0|0
b8:27:eb:81:9a:d6|0|11|0|0|0|0
ce:1b:11:e3:d0:23|0|6|0|0|0|0
f4:f5:d8:8d:f2:58|0|5|0|0|0|0
01:00:5e:00:00:01|0|0|0|3|0|244
7c:2e:bd:f4:94:ee|10|0|0|0|0|0
74:eb:80:1d:42:94|0|0|1|0|26|0
90:9a:4a:80:6d:41|0|0|0|1|0|26
54:60:09:e2:ee:aa|0|13|0|0|0|0
14:c1:4e:07:26:d2|3|0|0|0|0|0
c2:21:b1:d1:c0:af|0|7|0|0|0|0
8e:be:48:3d:ce:cc|0|7|0|0|0|0
a0:c9:a0:c1:eb:b8|0|8|0|0|0|0
22:48:f8:26:26:64|2|4|0|0|0|0
ce:c1:c0:9a:b5:ec|1|12|0|0|0|0
1e:e8:29:91:3d:5e|1|0|0|0|0|0
0a:76:e0:a3:8e:32|2|22|0|0|0|0
0e:85:a6:64:4d:c0|1|6|0|0|0|0
fe:17:f1:a0:c4:ce|0|0|1|0|24|0
00:31:92:b2:52:69|0|0|0|1|0|24
