37
b4:e6:2d:f6:b6:a5
68:02:b8:1e:7f:1f|1250|0|198|0|41380|0
ff:ff:ff:ff:ff:ff|0|2783|0|7|0|532
6a:02:98:1e:7f:1f|1248|0|0|0|0|0
bc:54:51:02:a4:f0|0|0|47|2|1313|128
d8:b6:b7:7a:3a:61|625|0|13|68|1706|1825
01:00:5e:7f:ff:fa|0|0|0|36|0|7236
b4:e6:2d:f6:b6:a5|0|2|0|4|0|482
54:2a:a2:48:a3:f0|0|117|0|0|0|0
80:58:f8:93:88:29|0|0|0|138|0|30210
a4:3e:a0:a4:2a:46|0|70|0|0|0|0
f2:62:88:c7:c7:af|2|0|0|0|0|0
9c:5d:12:d7:43:d4|0|6|0|0|0|0
f0:72:ea:da:42:c6|0|10|0|0|0|0
62:cb:00:f5:16:aa|0|1|0|0|0|0
02:00:00:00:00:00|17|91|0|0|0|0
70:ee:50:73:4e:36|0|0|88|0|2288|0
b0:95:75:4b:b9:26|0|0|0|88|0|2288
33:33:00:00:00:01|0|0|0|3|0|584
33:33:00:00:00:02|0|0|0|2|0|204
33:33:ff:1e:b6:60|0|0|0|1|0|112
e6:35:23:4e:ab:99|0|0|8|0|200|0
26:17:dc:59:74:f7|0|0|13|0|312|0
e6:b9:11:29:f1:b3|0|14|0|0|0|0
5e:fb:9b:ba:75:8d|0|6|0|0|0|0
86:d4:7d:02:3f:38|0|2|0|0|0|0
01:00:5e:00:00:fb|0|0|0|6|0|1458
33:33:00:00:00:fb|0|0|0|6|0|1578
c8:66:5d:1f:4f:54|0|12|0|0|0|0
5e:c4:81:5b:3f:b0|0|3|0|0|0|0
64:b3:10:aa:e3:3c|0|21|0|0|0|0
0c:54:15:5d:f1:f6|0|4|0|0|0|0
f6:4c:59:32:db:67|2|0|0|0|0|0
01:00:5e:00:00:01|0|0|0|1|0|88
01:00:5e:00:00:16|0|0|0|2|0|192
1a:98:76:c3:75:2f|0|2|0|0|0|0
33:33:00:00:00:16|0|0|0|2|0|256
0e:26:0a:2f:38:6b|0|0|0|1|0|26
