47
b4:e6:2d:f6:c8:79
68:ff:7b:c5:ca:c9|844|0|14|91|2351|2184
ff:ff:ff:ff:ff:ff|0|4010|0|56|0|10767
90:9a:4a:80:85:9e|1109|2|90|35|20652|840
90:9a:4a:80:71:9a|1278|13|172|137|52090|37383
9e:ab:89:2d:82:91|2|1|35|58|840|4524
20:aa:4b:5b:e6:4b|945|0|58|0|11039|0
c0:06:c3:8f:c0:7b|4|8|11|8|1108|866
20:1f:3b:3a:bb:3d|3|0|0|0|0|0
f4:f5:d8:84:58:92|0|1|0|0|0|0
a0:78:17:a1:19:64|0|0|91|5|2184|415
a6:23:9c:e5:b4:cb|5|34|0|0|0|0
4a:4f:ed:17:05:b3|0|1|0|0|0|0
f4:f5:d8:8d:f2:58|9|10|0|0|0|0
12:cd:5f:8c:a3:0e|0|1|0|0|0|0
a0:c9:a0:c1:eb:b8|0|8|0|0|0|0
28:6d:cd:09:2a:ea|0|0|22|4|4917|474
f6:ae:a3:d1:8d:1c|0|1|0|0|0|0
c0:06:c3:8f:c7:99|5|8|8|4|702|474
54:60:09:e2:ee:aa|0|4|0|0|0|0
01:00:5e:00:00:fa|0|0|0|2|0|228
a2:6b:34:15:bc:79|1|13|0|0|0|0
3c:5c:c4:b7:94:93|1|11|0|0|0|0
9a:4f:d8:86:58:71|1|17|0|0|0|0
a4:50:46:4c:af:3b|4|7|96|152|30656|49822
01:00:5e:7f:ff:fa|0|0|0|30|0|15968
b4:e6:2d:f6:c8:79|0|3|0|4|0|454
20:f4:78:24:ce:e8|3|11|0|0|0|0
86:00:45:7e:02:a8|0|2|0|0|0|0
08:9e:08:bc:6c:2b|0|2|0|0|0|0
44:07:0b:2f:49:8b|8|0|0|0|0|0
44:07:0b:70:9e:93|4|0|0|0|0|0
44:07:0b:6c:b6:e3|1|0|0|0|0|0
26:25:84:fa:19:47|2|8|0|0|0|0
86:1e:e3:84:1c:20|0|3|0|0|0|0
e4:5f:01:5c:9d:89|0|2|0|0|0|0
01:00:5e:00:00:01|0|0|0|2|0|168
da:a1:19:77:77:77|2|7|0|0|0|0
7c:d9:5c:44:9c:80|0|1|0|0|0|0
01:00:5e:00:00:fb|0|0|0|8|0|1852
f6:9b:f9:d3:24:39|0|4|0|0|0|0
a0:2c:36:28:1e:19|0|3|0|0|0|0
33:33:00:00:00:01|0|0|0|1|0|120
b8:27:eb:81:9a:d6|0|1|0|0|0|0
90:9a:4a:80:6d:41|1|0|0|0|0|0
f0:ef:86:06:76:35|0|4|0|0|0|0
da:a1:19:d6:d6:d6|1|8|0|0|0|0
