33
b4:e6:2d:f6:b6:a5
68:02:b8:1e:7f:1f|1224|0|38|2|5230|48
ff:ff:ff:ff:ff:ff|0|3622|0|8|0|612
6a:02:98:1e:7f:1f|1221|0|0|0|0|0
d8:b6:b7:7a:3a:61|1291|0|15|107|1734|2745
70:2e:22:8d:72:74|124|0|3|0|919|0
5c:f8:21:84:a4:31|0|9|0|0|0|0
b4:e6:2d:f6:b6:a5|0|2|0|3|0|390
e6:35:23:4e:ab:99|0|0|8|2|200|52
bc:54:51:02:a4:f0|0|0|17|3|577|262
0e:26:0a:2f:38:6b|0|0|81|2|1944|52
a4:3e:a0:a4:2a:46|0|151|0|0|0|0
f0:72:ea:da:42:c6|0|21|0|0|0|0
80:58:f8:93:88:29|0|0|0|13|0|1492
02:a2:fc:9f:72:01|0|7|0|0|0|0
78:9f:70:2b:86:c6|0|2|0|0|0|0
01:00:5e:00:00:01|0|0|0|1|0|88
96:29:03:7a:75:24|0|1|0|0|0|0
01:00:5e:7f:ff:fa|0|0|0|3|0|919
8c:c5:b4:3b:6e:56|0|14|0|0|0|0
f0:5c:77:1a:f1:64|0|7|0|0|0|0
ce:cd:91:3c:a2:04|0|2|0|0|0|0
d8:8c:79:90:f4:9b|0|7|0|0|0|0
01:00:5e:00:00:fb|0|0|0|6|0|1338
33:33:00:00:00:fb|0|0|0|6|0|1458
33:33:00:00:00:16|0|0|0|2|0|248
01:00:5e:00:00:16|0|0|0|2|0|180
c6:4f:cd:4b:0f:ae|0|7|0|0|0|0
26:17:dc:59:74:f7|0|0|1|0|24|0
2c:0e:3d:ac:4c:05|0|0|2|0|48|0
64:b3:10:aa:e3:3c|0|8|0|0|0|0
33:33:00:00:00:01|0|0|0|3|0|584
33:33:00:00:00:02|0|0|0|1|0|96
33:33:ff:1e:b6:60|0|0|0|1|0|112
