34
b4:e6:2d:f6:b6:a5
68:02:b8:1e:7f:1f|1259|0|278|0|56698|0
ff:ff:ff:ff:ff:ff|0|2463|0|272|0|55724
6a:02:98:1e:7f:1f|1263|0|0|0|0|0
0e:26:0a:2f:38:6b|0|0|18|0|432|0
d8:b6:b7:7a:3a:61|237|0|7|57|410|1702
b4:e6:2d:f6:b6:a5|0|1|0|3|0|390
e6:35:23:4e:ab:99|0|0|16|2|496|52
33:33:00:00:00:01|0|0|0|3|0|584
5c:f5:da:b6:d8:02|0|7|0|0|0|0
a4:3e:a0:a4:2a:46|0|131|0|0|0|0
bc:54:51:02:a4:f0|0|0|23|2|774|52
46:35:c3:ff:5b:5d|2|8|0|0|0|0
c8:66:5d:1f:4f:54|0|18|0|0|0|0
94:e2:3c:3e:11:65|0|36|0|0|0|0
1e:b8:79:2f:c4:51|6|6|0|0|0|0
9e:ed:17:e4:a6:29|1|0|0|0|0|0
78:b8:d6:03:75:97|2|3|0|0|0|0
f0:72:ea:da:42:c6|0|9|0|0|0|0
26:17:dc:59:74:f7|0|0|0|2|0|52
ba:14:37:5a:ba:d2|2|0|0|0|0|0
64:b3:10:aa:e3:3c|0|16|0|0|0|0
88:bd:45:85:14:21|0|2|0|0|0|0
92:aa:64:2f:33:f9|0|6|0|0|0|0
0c:54:15:5d:f1:f6|0|1|0|0|0|0
84:16:f9:07:68:71|0|14|0|0|0|0
ce:51:6f:dc:8a:d3|2|13|0|0|0|0
e6:d7:62:2e:18:de|0|11|0|0|0|0
26:6f:1d:c2:e2:46|0|3|0|0|0|0
00:1c:bf:52:98:29|0|10|0|0|0|0
22:fa:00:ca:38:d1|0|7|0|0|0|0
4a:b4:c0:2b:61:38|3|0|0|0|0|0
01:00:5e:7f:ff:fa|0|0|0|1|0|254
e6:37:30:c1:21:a4|0|6|0|0|0|0
d8:8c:79:90:f4:9b|0|6|0|0|0|0
