30
b4:e6:2d:f6:b6:a5
68:02:b8:1e:7f:1f|1356|1|248|0|50633|0
ff:ff:ff:ff:ff:ff|0|2408|0|217|0|44880
6a:02:98:1e:7f:1f|1288|0|0|0|0|0
4e:9b:05:55:9f:ce|17|196|0|0|0|0
02:aa:3f:a7:c9:b1|68|0|0|0|0|0
02:aa:3f:a7:c9:b2|44|0|14|0|3024|0
01:00:5e:00:00:fb|0|0|0|9|0|1920
33:33:00:00:00:fb|0|0|0|9|0|2059
b4:e6:2d:f6:b6:a5|0|2|0|3|0|390
33:33:ff:02:17:66|0|0|0|10|0|1200
a4:3e:a0:a4:2a:46|0|113|0|0|0|0
66:c2:cd:74:41:79|0|5|0|0|0|0
8a:86:d4:44:03:e8|2|12|0|0|0|0
c8:66:5d:1f:4f:54|0|12|0|0|0|0
01:00:5e:7f:ff:fa|0|0|0|1|0|579
33:33:00:00:00:0c|0|0|0|2|0|1151
10:1c:0c:1a:10:10|2|0|0|0|0|0
b8:27:eb:e1:37:8b|0|4|0|0|0|0
5c:f8:21:84:a4:31|0|1|0|0|0|0
f4:8c:50:e0:13:8e|0|2|0|0|0|0
be:1f:8b:c4:81:de|0|0|7|0|168|0
4c:38:d8:34:42:49|0|0|0|7|0|168
0e:5f:1c:68:8a:b3|1|14|0|5|0|598
