26
b4:e6:2d:f6:b6:a5
68:02:b8:1e:7f:1f|1394|0|279|0|83869|0
ff:ff:ff:ff:ff:ff|0|2359|0|138|0|42372
6a:02:98:1e:7f:1f|1383|0|0|0|0|0
b4:e6:2d:f6:b6:a5|0|1|0|3|0|390
54:2a:a2:48:a3:f0|0|64|0|0|0|0
01:00:5e:7f:ff:fa|0|0|0|66|0|32084
f6:57:40:c4:7c:81|4|0|0|0|0|0
5c:f8:21:84:a4:31|0|8|0|0|0|0
a4:3e:a0:a4:2a:46|0|143|0|0|0|0
9c:5d:12:d7:43:d4|0|12|0|0|0|0
e4:57:40:c4:7c:81|10|0|0|0|0|0
92:22:d2:18:66:7c|0|6|0|0|0|0
33:33:00:00:00:01|0|0|0|3|0|584
10:1c:0c:1a:10:10|2|30|0|0|0|0
7c:1c:4e:74:5f:32|0|18|0|0|0|0
c8:66:5d:1f:4f:54|0|6|0|0|0|0
02:00:00:00:00:00|11|72|0|0|0|0
33:33:00:00:00:16|0|0|0|5|0|620
01:00:5e:00:00:16|0|0|0|5|0|470
01:00:5e:00:00:fb|0|0|0|22|0|2640
33:33:00:00:00:fb|0|0|0|19|0|2663
33:33:00:01:00:03|0|0|0|9|0|1113
01:00:5e:00:00:fc|0|0|0|9|0|933
