37
b4:e6:2d:f6:c8:79
90:9a:4a:80:71:9a|1203|2|26|75|3556|12567
ff:ff:ff:ff:ff:ff|0|2753|0|39|0|7052
90:9a:4a:80:85:9e|1080|0|5|12|390|288
20:aa:4b:5b:e6:4b|573|0|40|0|7128|0
28:6d:cd:09:2a:ea|0|0|34|4|7654|474
f0:ef:86:05:a3:fa|0|18|0|0|0|0
b4:e6:2d:f6:c8:79|0|1|0|4|0|454
f0:ef:86:06:76:35|0|7|0|0|0|0
68:ff:7b:c5:ca:c9|24|0|1|0|84|0
e4:5f:01:5c:9d:89|0|6|0|0|0|0
c0:06:c3:8f:c7:99|0|0|15|8|2664|1290
a4:50:46:4c:af:3b|0|1|16|4|958|652
a0:2c:36:28:1e:19|0|22|0|0|0|0
10:fe:ed:dd:08:06|1|0|0|0|0|0
7c:b2:7d:d3:ca:b1|0|2|0|0|0|0
30:07:4d:83:4d:ce|0|30|0|0|0|0
46:17:6f:b5:a5:8c|1|0|0|0|0|0
ea:40:c2:93:27:ad|0|2|0|0|0|0
54:60:09:e2:ee:aa|0|3|0|0|0|0
9e:ab:89:2d:82:91|0|17|12|5|288|390
b8:27:eb:81:9a:d6|0|6|0|0|0|0
c0:06:c3:8f:c0:7b|2|4|10|6|1291|686
00:5f:67:7f:47:3e|1|0|0|0|0|0
