41
b4:e6:2d:f6:b6:a5
68:02:b8:1e:7f:1f|1347|7|1687|99|1590449|2860
ff:ff:ff:ff:ff:ff|0|2359|0|337|0|61147
6a:02:98:1e:7f:1f|1336|0|0|0|0|0
70:ee:50:73:4e:36|0|0|66|0|1706|0
b0:95:75:4b:b9:26|0|0|0|66|0|1706
b4:e6:2d:f6:b6:a5|0|1|0|4|0|482
ca:5c:c9:73:6f:f4|7|0|1232|0|30216|0
44:fe:3b:06:9c:25|0|5|0|1796|0|44880
be:f6:70:01:01:ae|0|6|0|0|0|0
01:00:5e:7f:ff:fa|0|0|0|145|0|49519
a4:3e:a0:a4:2a:46|0|77|0|0|0|0
80:1f:02:b4:07:ae|0|0|12|0|312|0
01:00:5e:00:00:fb|0|0|0|14|0|2156
54:2a:a2:48:a3:f0|0|90|0|0|0|0
10:1c:0c:1a:10:10|3|0|0|0|0|0
d0:fc:cc:40:1b:37|0|12|0|0|0|0
72:2f:93:88:42:94|0|6|0|0|0|0
4e:9b:05:55:9f:ce|7|9|87|1172|2548|1474797
33:33:00:00:00:16|0|0|0|6|0|824
de:10:1d:d7:c6:99|0|12|0|0|0|0
0e:e0:52:e3:ae:1a|1|6|0|0|0|0
02:3c:b7:7b:73:2e|0|12|0|0|0|0
d0:c6:37:81:ea:b1|0|6|0|0|0|0
be:99:f7:1a:a9:7a|1|6|0|0|0|0
ee:37:21:90:79:be|0|6|0|0|0|0
70:bc:10:16:23:53|0|6|0|0|0|0
d6:47:a7:25:78:ba|0|12|0|0|0|0
b8:de:5e:0d:b6:36|0|0|564|0|14664|0
da:a1:19:ee:2f:87|1|0|0|0|0|0
33:33:00:00:00:01|0|0|0|3|0|584
33:33:00:00:00:02|0|0|0|1|0|96
33:33:ff:1e:b6:60|0|0|0|1|0|112
da:a1:19:2a:f9:0f|1|0|0|0|0|0
da:a1:19:8d:54:40|1|0|0|0|0|0
33:33:00:00:00:fb|0|0|0|2|0|552
01:00:5e:00:00:16|0|0|0|2|0|180
76:15:32:ce:47:40|2|30|0|0|0|0
c8:66:5d:1f:4f:54|0|6|0|0|0|0
5a:4a:32:9e:80:42|2|12|0|0|0|0
e2:10:65:0f:07:3e|1|18|0|0|0|0
9a:f6:71:9e:c7:3d|0|6|0|0|0|0
