19
b4:e6:2d:f6:b6:a5
68:02:b8:1e:7f:1f|1250|0|7|0|1206|0
ff:ff:ff:ff:ff:ff|0|2345|0|0|0|0
6a:02:98:1e:7f:1f|1249|0|0|0|0|0
33:33:00:00:00:01|0|0|0|4|0|816
b4:e6:2d:f6:b6:a5|0|1|0|3|0|390
44:fe:3b:06:5c:71|47|0|0|0|0|0
a6:2c:3c:aa:43:04|0|3|0|0|0|0
a4:3e:a0:a4:2a:46|0|110|0|0|0|0
64:b3:10:aa:e3:3c|0|13|0|0|0|0
70:ee:50:73:4e:36|0|0|15|0|386|0
b0:95:75:4b:b9:26|0|0|0|15|0|386
d6:7f:af:ca:0c:fc|0|2|0|0|0|0
f0:5c:77:1a:f1:64|0|4|0|0|0|0
10:1c:0c:1a:10:10|3|38|0|0|0|0
2c:db:07:46:b4:19|0|11|0|0|0|0
c8:66:5d:1f:4f:54|0|12|0|0|0|0
82:59:12:c8:b4:dc|0|1|0|0|0|0
d8:8c:79:90:f4:9b|0|6|0|0|0|0
da:de:65:fc:f2:8f|0|3|0|0|0|0
