60
b4:e6:2d:f6:c8:79
90:9a:4a:80:71:9a|1223|13|25|54|2628|8854
ff:ff:ff:ff:ff:ff|0|2179|0|10|0|932
c0:06:c3:8f:c0:7b|9|11|16|9|1498|835
90:9a:4a:80:85:9e|1081|3|218|241|217190|8126
9e:ab:89:2d:82:91|3|17|241|217|8126|217106
92:3c:5b:85:b9:89|1|0|0|0|0|0
f2:90:d9:0f:b8:61|1|5|0|0|0|0
01:00:5e:00:00:01|0|0|0|2|0|160
28:6d:cd:09:2a:ea|0|0|30|4|6654|474
b4:e6:2d:f6:c8:79|0|3|0|3|0|376
20:aa:4b:5b:e6:4b|34|0|4|0|304|0
de:9a:6e:9c:da:ce|1|10|0|0|0|0
44:07:0b:2f:49:8b|8|0|1|0|26|0
50:e0:85:84:55:94|3|7|0|0|0|0
ca:47:94:ab:55:23|0|1|0|0|0|0
c0:06:c3:8f:c7:99|4|8|8|3|702|315
f2:e1:6c:4c:50:80|1|6|0|0|0|0
b0:a7:b9:89:64:1f|0|0|1|0|76|0
16:f7:ef:48:a7:fe|0|3|0|0|0|0
9a:0d:39:ea:16:52|0|6|0|0|0|0
1e:fb:5a:b8:87:bc|1|1|0|0|0|0
68:ff:7b:c5:ca:c9|9|0|0|0|0|0
58:ef:68:2a:26:ec|1|0|0|0|0|0
32:c0:4a:0e:fe:68|0|8|0|0|0|0
2e:82:f3:fd:9c:ef|0|6|0|0|0|0
86:91:ac:b4:86:61|0|1|0|0|0|0
d6:76:8e:5e:de:25|0|1|0|0|0|0
44:07:0b:89:e4:ab|4|0|0|0|0|0
3c:f0:11:c4:ac:66|1|0|0|0|0|0
86:2c:9f:e5:54:89|1|1|0|0|0|0
0e:ae:69:c8:d8:d5|1|6|0|0|0|0
f4:f5:d8:8d:f2:58|2|0|0|0|0|0
72:93:af:02:84:20|0|8|0|0|0|0
a6:62:c6:35:4b:91|0|1|0|0|0|0
02:9b:ca:11:1c:c2|0|6|0|0|0|0
8a:9b:da:f7:9d:a0|0|1|0|0|0|0
4a:91:c2:c5:45:5c|0|2|0|0|0|0
d6:36:0f:b8:27:af|2|3|0|0|0|0
5e:9a:4e:0a:50:cb|0|4|0|0|0|0
12:5b:53:da:91:c4|1|0|0|0|0|0
62:fd:59:84:ac:75|0|8|0|0|0|0
96:ac:4e:46:bb:7c|2|6|0|0|0|0
74:df:bf:45:ac:65|0|1|0|0|0|0
16:3c:44:bd:b0:21|0|5|0|0|0|0
2a:dd:01:fb:de:65|1|4|0|0|0|0
9a:c5:bd:4d:91:71|0|2|0|0|0|0
32:05:f3:d1:c0:55|0|1|0|0|0|0
c2:17:5a:c7:53:40|0|14|0|0|0|0
