45
b4:e6:2d:f6:b6:a5
d8:b6:b7:7a:3a:61|1496|0|179|34|66921|1102
ff:ff:ff:ff:ff:ff|0|3580|0|153|0|15176
68:02:b8:1e:7f:1f|1262|0|201|0|45188|0
6a:02:98:1e:7f:1f|1260|0|0|0|0|0
f8:f1:e6:31:4b:9f|0|72|0|0|0|0
b4:e6:2d:f6:b6:a5|0|2|0|5|0|654
64:b3:10:aa:e3:3c|0|12|0|0|0|0
70:2e:22:8d:72:74|76|0|1|0|509|0
01:00:5e:7f:ff:fa|0|0|0|117|0|60842
54:2a:a2:48:a3:f0|0|140|0|0|0|0
20:79:18:e7:01:8a|0|7|0|0|0|0
c8:66:5d:1f:4f:54|0|17|0|0|0|0
f0:72:ea:da:42:c6|0|21|0|0|0|0
4c:fc:aa:04:03:83|0|15|0|0|0|0
a4:3e:a0:a4:2a:46|0|130|0|0|0|0
0e:26:0a:2f:38:6b|0|0|3|2|72|52
bc:54:51:02:a4:f0|0|0|20|2|704|52
e6:35:23:4e:ab:99|0|0|11|1|326|26
5c:f8:21:84:a4:31|0|7|0|0|0|0
33:33:00:00:00:01|0|0|0|5|0|940
c0:ee:fb:43:db:fb|0|20|0|0|0|0
33:33:00:00:00:16|0|0|0|6|0|828
33:33:00:01:00:02|0|0|0|6|0|1170
33:33:00:00:00:fb|0|0|0|21|0|3298
01:00:5e:00:00:fb|0|0|0|16|0|2248
33:33:00:01:00:03|0|0|0|1|0|133
01:00:5e:00:00:fc|0|0|0|1|0|113
33:33:00:00:00:0c|0|0|0|40|0|26600
33:33:00:00:00:02|0|0|0|2|0|216
01:00:5e:00:00:01|0|0|0|1|0|88
01:00:5e:00:00:02|0|0|0|1|0|90
00:0c:43:18:8e:7b|0|5|0|0|0|0
01:00:5e:00:00:16|0|0|0|1|0|92
f0:5c:77:1a:f1:64|0|7|0|0|0|0
0c:54:15:5d:f1:f6|0|7|0|0|0|0
d8:8c:79:90:f4:9b|0|7|0|0|0|0
70:bc:10:16:23:53|0|13|0|0|0|0
80:be:05:5f:13:d9|0|7|0|0|0|0
f6:8b:5b:2c:2c:c2|1|0|0|0|0|0
22:c1:fe:9d:f9:1a|0|7|0|0|0|0
12:c3:e9:0d:9b:46|0|7|0|0|0|0
d2:60:3e:10:85:01|0|7|0|0|0|0
6e:a8:d4:ad:73:41|1|7|0|0|0|0
4a:dd:7a:39:a4:61|1|2|0|0|0|0
3a:31:38:ad:2d:50|2|0|0|0|0|0
