45
b4:e6:2d:f6:c8:79
a4:50:46:4c:af:3b|0|0|93|17|16636|3039
90:9a:4a:80:71:9a|1410|10|40|134|5601|23304
68:ff:7b:c5:ca:c9|1047|0|0|0|0|0
ff:ff:ff:ff:ff:ff|0|3138|0|2|0|528
90:9a:4a:80:85:9e|1002|0|56|0|23482|0
20:aa:4b:5b:e6:4b|27|0|2|0|528|0
01:00:5e:7f:ff:fa|0|0|0|50|0|23008
a8:6d:aa:73:88:1d|0|37|0|0|0|0
f0:ef:86:06:76:35|0|28|0|0|0|0
6a:01:8d:de:8c:de|0|3|0|0|0|0
20:1f:3b:3a:bb:3d|30|106|0|0|0|0
b4:e6:2d:f6:c8:79|0|2|0|16|0|1935
28:6d:cd:09:2a:ea|0|0|24|3|5154|315
9e:ab:89:2d:82:91|0|1|0|5|0|390
3c:8d:20:4f:d8:e9|4|0|0|0|0|0
be:a8:40:34:20:51|0|3|0|0|0|0
f0:f6:c1:d5:cb:42|0|5|0|0|0|0
84:d8:1b:29:48:82|1|0|2|0|240|0
01:00:5e:00:00:fb|0|0|0|2|0|240
80:91:33:25:67:05|26|98|0|0|0|0
38:8b:59:29:24:78|5|0|0|0|0|0
c0:06:c3:8f:c0:7b|5|10|8|2|734|156
c0:06:c3:8f:c7:99|5|10|9|2|780|156
8e:59:8e:fd:c9:8f|0|5|0|0|0|0
44:07:0b:2f:49:8b|7|0|0|0|0|0
50:e0:85:84:55:94|4|13|0|0|0|0
94:9f:3e:84:df:5a|0|14|0|0|0|0
54:60:09:e2:ee:aa|0|7|0|0|0|0
b8:27:eb:81:9a:d6|0|3|0|0|0|0
ac:d6:18:05:2a:70|8|33|0|0|0|0
ac:d6:18:87:2a:70|2|26|0|0|0|0
d2:db:d0:b5:02:23|0|5|0|0|0|0
da:a1:19:94:94:94|2|11|0|0|0|0
f4:f5:d8:8d:f2:58|9|5|0|0|0|0
01:00:5e:00:00:01|0|0|0|1|0|84
44:07:0b:70:9e:93|2|0|0|0|0|0
44:07:0b:6c:b6:e3|5|0|0|0|0|0
36:40:e9:82:76:8d|0|5|0|0|0|0
ac:67:84:52:fe:0b|0|10|0|0|0|0
50:d4:f7:dc:1f:d0|1|0|0|0|0|0
ac:67:84:3c:5f:4c|0|1|0|0|0|0
44:07:0b:60:bf:75|1|0|0|0|0|0
08:9e:08:bc:6c:2b|2|11|0|0|0|0
b0:a7:b9:89:64:1f|1|0|0|0|0|0
76:78:27:bc:20:c6|0|6|0|0|0|0
