46
b4:e6:2d:f6:c8:79
20:aa:4b:5b:e6:4b|854|0|67|35|12119|962
ff:ff:ff:ff:ff:ff|0|3344|0|50|0|8965
90:9a:4a:80:71:9a|1370|6|10|70|1482|10372
68:ff:7b:c5:ca:c9|876|0|4|0|318|0
90:9a:4a:80:85:9e|502|0|3|0|240|0
33:33:00:00:00:01|0|0|0|1|0|120
c6:13:e3:b1:e2:76|0|1|0|0|0|0
c0:06:c3:8f:c0:7b|5|10|11|4|1162|324
20:1f:3b:3a:bb:3d|29|99|0|0|0|0
33:33:00:00:00:0c|0|0|0|13|0|2730
c0:06:c3:8f:c7:99|0|0|6|0|399|0
e6:1d:78:73:e4:e3|0|0|35|0|962|0
44:07:0b:70:9e:93|8|0|0|0|0|0
28:6d:cd:09:2a:ea|0|0|5|2|542|704
b8:27:eb:3b:22:38|0|1|0|0|0|0
ec:5c:68:84:b1:4b|2|21|0|0|0|0
44:07:0b:2f:49:8b|11|0|0|0|0|0
ac:67:84:5b:07:e3|2|81|0|0|0|0
44:07:0b:60:bf:75|2|0|0|0|0|0
a4:50:46:4c:af:3b|1|1|48|0|8269|0
e4:5f:01:5c:9d:89|0|5|0|0|0|0
9e:ab:89:2d:82:91|0|15|0|2|0|156
a0:2c:36:28:1e:19|0|33|0|0|0|0
b4:e6:2d:f6:c8:79|0|1|0|4|0|454
08:9e:08:bc:6c:2b|0|2|0|0|0|0
1a:a5:c3:61:4f:b6|0|3|0|3|0|234
01:00:5e:00:00:fa|0|0|0|2|0|228
96:bc:c7:ed:7b:cb|0|2|0|0|0|0
b8:27:eb:81:9a:d6|0|3|0|0|0|0
1c:bf:ce:e3:fb:45|0|4|0|0|0|0
f4:f2:6d:90:44:3c|1|0|0|0|0|0
44:07:0b:89:e4:ab|7|0|0|0|0|0
3c:8d:20:4f:d8:e9|2|0|0|0|0|0
20:df:b9:8e:c2:c7|1|0|0|0|0|0
94:e6:f7:f4:4b:ab|1|0|0|0|0|0
01:00:5e:00:00:01|0|0|0|3|0|244
6c:fd:b9:4d:63:18|0|3|0|0|0|0
10:fe:ed:dd:08:06|1|0|0|0|0|0
7c:2e:bd:f4:94:ee|6|0|0|0|0|0
54:60:09:e2:ee:aa|0|6|0|0|0|0
d6:68:81:85:17:18|0|10|0|0|0|0
d2:97:e0:73:d9:c9|0|2|0|0|0|0
88:3d:24:10:7e:ce|0|2|0|0|0|0
f0:ef:86:06:76:35|0|10|0|0|0|0
a4:77:33:63:f5:7e|0|3|0|0|0|0
f4:f5:d8:8d:f2:58|0|13|0|0|0|0
