57
b4:e6:2d:f6:b6:a5
68:02:b8:1e:7f:1f|1263|0|90|4|15305|312
ff:ff:ff:ff:ff:ff|0|3512|0|10|0|1197
6a:02:98:1e:7f:1f|1262|0|0|0|0|0
d8:b6:b7:7a:3a:61|1472|0|14|46|1381|1112
e6:35:23:4e:ab:99|0|0|12|2|296|52
70:ee:50:73:4e:36|0|0|132|0|3424|0
b0:95:75:4b:b9:26|0|0|0|132|0|3424
b4:e6:2d:f6:b6:a5|0|1|0|3|0|390
01:00:5e:7f:ff:fa|0|0|0|36|0|7236
e4:2b:34:6d:dd:0e|2|0|0|0|0|0
b6:25:1c:40:5b:fe|0|9|0|0|0|0
f0:72:ea:da:42:c6|0|28|0|0|0|0
2e:5a:76:b5:03:3e|1|7|0|0|0|0
a4:3e:a0:a4:2a:46|0|114|0|0|0|0
96:c8:30:5a:fb:f2|0|7|0|0|0|0
80:58:f8:93:88:29|0|0|4|31|312|4227
26:17:dc:59:74:f7|0|0|18|2|432|52
c8:66:5d:1f:4f:54|0|19|0|0|0|0
ca:5e:61:54:ea:3d|0|13|0|0|0|0
0e:26:0a:2f:38:6b|0|0|16|2|384|52
22:1c:1d:40:de:70|0|7|0|0|0|0
02:00:00:00:00:00|0|45|0|0|0|0
5a:c3:95:9a:d6:f1|0|5|0|0|0|0
86:f8:39:14:ad:6d|0|13|0|0|0|0
bc:54:51:02:a4:f0|0|0|0|4|0|472
01:00:5e:00:00:fb|0|0|0|4|0|1024
33:33:00:00:00:fb|0|0|0|4|0|1104
33:33:00:00:00:01|0|0|0|3|0|584
33:33:00:00:00:02|0|0|0|1|0|96
33:33:ff:1e:b6:60|0|0|0|1|0|112
da:a1:19:65:bb:81|0|3|0|0|0|0
1a:09:db:62:f3:d4|0|14|0|0|0|0
01:00:5e:00:00:01|0|0|0|1|0|88
a4:97:33:5c:97:51|0|13|0|0|0|0
62:dc:c5:f6:76:83|1|7|0|0|0|0
fa:38:83:01:e0:ff|0|2|0|0|0|0
6e:6a:50:17:7d:1b|0|6|0|0|0|0
32:c0:ba:8f:da:aa|0|13|0|0|0|0
7a:32:1b:78:70:8b|2|7|0|0|0|0
5a:1e:19:99:bc:e9|0|12|0|0|0|0
ea:aa:8c:ac:57:f0|0|6|0|0|0|0
1e:8b:5e:0a:27:56|0|6|0|0|0|0
c6:8f:e8:46:df:a3|0|8|0|0|0|0
62:3f:bf:4b:33:a1|0|13|0|0|0|0
7e:0c:75:d2:55:71|0|7|0|0|0|0
82:7c:f3:87:c5:1c|0|14|0|0|0|0
fa:2d:d8:59:f8:4a|0|13|0|0|0|0
