28
b4:e6:2d:f6:c8:79
90:9a:4a:80:85:9e|1206|28|175|185|80117|5108
ff:ff:ff:ff:ff:ff|0|2504|0|10|0|1526
90:9a:4a:80:71:9a|1220|5|23|34|2566|2335
20:aa:4b:5b:e6:4b|114|0|5|0|821|0
b4:e6:2d:f6:c8:79|0|1|0|5|0|549
04:6c:59:1b:72:04|24|50|79|41|2972|43524
68:ff:7b:c5:ca:c9|70|0|0|0|0|0
9e:ab:89:2d:82:91|4|22|107|43|2568|9119
a4:50:46:4c:af:3b|0|0|16|8|864|914
c0:06:c3:8f:c7:99|0|0|6|2|399|237
28:6d:cd:09:2a:ea|1|3|3|0|78|0
01:00:5e:00:00:fb|0|0|0|16|0|2917
01:00:5e:7f:ff:fa|0|0|0|64|0|23607
01:00:5e:00:00:01|0|0|0|2|0|168
c0:06:c3:8f:c0:7b|4|8|9|8|994|866
01:00:5e:00:00:16|0|0|0|4|0|368
33:33:00:00:00:fb|0|0|0|1|0|141
44:07:0b:2f:49:8b|5|0|0|0|0|0
00:08:07:76:35:b7|0|2|0|0|0|0
10:fe:ed:dd:08:06|2|0|0|0|0|0
9e:7f:9f:a5:1a:e4|1|3|0|0|0|0
50:e0:85:84:55:94|5|17|0|0|0|0
