36
b4:e6:2d:f6:b6:a5
d8:b6:b7:7a:3a:61|1356|0|18|21|3426|514
ff:ff:ff:ff:ff:ff|0|3517|0|260|0|53840
a4:3e:a0:a4:2a:46|0|111|0|0|0|0
68:02:b8:1e:7f:1f|1287|0|288|0|58791|0
6a:02:98:1e:7f:1f|1284|0|0|0|0|0
01:00:5e:7f:ff:fa|0|0|0|8|0|1868
b4:e6:2d:f6:b6:a5|0|2|0|5|0|577
0e:26:0a:2f:38:6b|0|12|0|1|0|26
ea:63:39:11:66:90|0|1|0|0|0|0
26:17:dc:59:74:f7|0|0|10|0|240|0
bc:54:51:02:a4:f0|0|0|3|2|74|52
e6:35:23:4e:ab:99|0|0|8|2|200|52
f8:77:b8:53:10:e8|7|165|0|0|0|0
9c:5d:12:d7:43:d4|0|6|0|0|0|0
a2:7c:10:79:32:63|1|0|0|0|0|0
2a:9d:93:81:1a:ef|1|0|0|0|0|0
f0:72:ea:da:42:c6|0|20|0|0|0|0
64:b3:10:aa:e3:3c|0|12|0|0|0|0
78:9f:70:2b:86:c6|3|0|0|0|0|0
01:00:5e:00:00:fb|0|0|0|10|0|2266
33:33:00:00:00:fb|0|0|0|10|0|2466
76:89:64:05:a2:5a|0|20|0|0|0|0
00:1c:bf:52:98:29|0|7|0|0|0|0
01:80:c2:00:00:0e|0|0|0|1|0|94
c8:66:5d:1f:4f:54|0|12|0|0|0|0
88:9f:6f:ab:69:ae|3|22|0|0|0|0
38:8b:59:2f:be:b9|0|7|0|0|0|0
33:33:00:00:00:16|0|0|0|1|0|124
01:00:5e:00:00:16|0|0|0|2|0|180
da:a1:19:71:82:e5|0|4|0|0|0|0
33:33:00:00:00:01|0|0|0|3|0|584
d8:8c:79:90:f4:9b|0|14|0|0|0|0
01:00:5e:00:00:01|0|0|0|1|0|88
3a:0c:d1:cd:6c:8e|0|10|0|0|0|0
22:a1:c0:9b:84:b0|0|0|2|0|48|0
68:02:b8:1e:9c:e3|0|0|0|2|0|48
