49
b4:e6:2d:f6:b6:a5
68:02:b8:1e:7f:1f|1239|0|485|15|107268|390
ff:ff:ff:ff:ff:ff|0|3612|0|365|0|65005
6a:02:98:1e:7f:1f|1238|0|0|0|0|0
d8:b6:b7:7a:3a:61|1288|0|21|59|2989|1646
a4:3e:a0:a4:2a:46|0|123|0|0|0|0
b4:e6:2d:f6:b6:a5|0|2|0|3|0|390
ea:b0:51:b1:5b:00|1|0|0|0|0|0
70:2c:1f:8a:7c:d7|103|0|0|0|0|0
01:00:5e:7f:ff:fa|0|0|0|93|0|37609
bc:54:51:02:a4:f0|0|0|27|1|872|26
01:00:5e:00:00:fb|0|0|0|10|0|2344
04:4e:af:fb:fd:77|4|0|0|0|0|0
0e:26:0a:2f:38:6b|0|0|3|2|72|52
e6:35:23:4e:ab:99|0|0|5|2|126|52
80:1f:02:b4:07:ae|1|13|15|8|390|958
26:17:dc:59:74:f7|0|0|24|2|576|52
be:9c:a0:16:2f:af|2|0|0|0|0|0
01:00:5e:00:00:16|0|0|0|3|0|274
70:ee:50:73:4e:36|0|0|16|0|416|0
b0:95:75:4b:b9:26|0|0|0|16|0|416
c8:66:5d:1f:4f:54|0|18|0|0|0|0
fe:f4:66:88:5b:93|0|1|0|0|0|0
06:e2:46:83:36:63|2|0|0|0|0|0
be:1a:4a:42:2e:70|1|0|0|0|0|0
33:33:00:00:00:fb|0|0|0|9|0|2367
be:c6:6d:c4:fc:3d|1|0|0|0|0|0
1e:78:2d:7d:c2:cb|1|0|0|0|0|0
01:00:5e:00:00:01|0|0|0|1|0|88
0a:a9:4f:31:0a:aa|0|1|0|0|0|0
0a:d9:86:46:7b:0f|2|0|0|0|0|0
34:7e:5c:38:ae:a0|0|5|0|0|0|0
be:22:02:d9:50:27|0|2|0|0|0|0
06:96:b9:3e:87:ce|0|7|0|0|0|0
ee:55:7f:a4:fb:6f|0|2|0|0|0|0
f0:72:ea:da:42:c6|0|14|0|0|0|0
92:9b:6c:d0:87:66|0|6|0|0|0|0
ba:9f:31:f7:09:ae|0|14|0|0|0|0
8a:78:6d:fb:39:0d|0|3|0|0|0|0
80:be:05:5f:13:d9|0|6|0|0|0|0
1a:87:40:39:78:17|0|14|0|0|0|0
da:a1:19:76:61:02|0|1|0|0|0|0
33:33:00:00:00:16|0|0|0|2|0|248
33:33:00:00:00:01|0|0|0|3|0|584
33:33:00:00:00:02|0|0|0|1|0|96
33:33:ff:1e:b6:60|0|0|0|1|0|112
64:b3:10:aa:e3:3c|0|14|0|0|0|0
e2:6c:87:1c:f8:0c|2|13|0|0|0|0
ca:5c:c9:73:6f:f4|0|7|0|0|0|0
d8:8c:79:90:f4:9b|0|7|0|0|0|0
