36
b4:e6:2d:f6:b6:a5
d8:b6:b7:7a:3a:61|496|0|3|74|78|2982
ff:ff:ff:ff:ff:ff|0|2803|0|129|0|12000
68:02:b8:1e:7f:1f|1285|0|184|13|22419|442
6a:02:98:1e:7f:1f|1282|0|0|0|0|0
bc:54:51:02:a4:f0|0|0|67|0|2808|0
e6:35:23:4e:ab:99|0|0|7|0|174|0
cc:88:26:36:b9:a7|60|25|0|0|0|0
b4:e6:2d:f6:b6:a5|0|2|0|3|0|390
54:2a:a2:48:a3:f0|0|120|0|0|0|0
8c:c5:b4:3b:6e:56|0|10|0|0|0|0
c8:66:5d:1f:4f:54|0|12|0|0|0|0
70:ee:50:73:4e:36|0|0|113|0|2920|0
b0:95:75:4b:b9:26|0|0|0|113|0|2920
a4:3e:a0:a4:2a:46|0|52|0|0|0|0
ce:5f:7d:9e:18:26|0|4|0|0|0|0
16:2b:77:2f:a8:f3|2|0|5|0|120|0
24:4b:fe:42:18:d8|0|0|0|5|0|120
80:58:f8:93:88:29|0|0|13|29|442|6437
33:33:00:00:00:01|0|0|0|3|0|584
33:33:00:00:00:02|0|0|0|1|0|96
33:33:ff:1e:b6:60|0|0|0|1|0|112
01:00:5e:00:00:fb|0|0|0|8|0|1206
33:33:00:00:00:fb|0|0|0|7|0|1256
26:17:dc:59:74:f7|0|0|0|2|0|52
d2:b1:a8:21:24:b4|0|7|0|0|0|0
ba:9f:31:f7:09:ae|0|16|0|0|0|0
33:33:00:00:00:16|0|0|0|2|0|248
01:00:5e:00:00:02|0|0|0|1|0|90
c2:a0:e4:fe:5c:58|2|12|0|0|0|0
f0:72:ea:da:42:c6|0|5|0|0|0|0
1a:87:40:c6:f5:c6|0|18|0|0|0|0
64:b3:10:aa:e3:3c|0|13|0|0|0|0
a2:91:72:f5:99:74|0|14|0|0|0|0
0e:26:0a:2f:38:6b|0|0|0|1|0|26
ce:7e:0a:f6:84:04|0|7|0|0|0|0
d6:73:9b:90:5c:c6|0|7|0|0|0|0
