43
b4:e6:2d:f6:c8:79
20:aa:4b:5b:e6:4b|689|0|53|0|8886|0
ff:ff:ff:ff:ff:ff|0|3089|0|49|0|8435
90:9a:4a:80:71:9a|1268|12|92|121|44028|18319
90:9a:4a:80:85:9e|1168|0|0|0|0|0
48:5a:b6:22:0c:7e|0|33|0|0|0|0
b4:e6:2d:f6:c8:79|0|3|0|2|0|250
28:6d:cd:09:2a:ea|0|0|24|4|5577|474
a4:50:46:4c:af:3b|5|20|55|45|6368|34775
bc:7f:a4:3f:59:cf|0|2|0|0|0|0
68:ff:7b:c5:ca:c9|88|0|0|0|0|0
b8:27:eb:81:9a:d6|1|5|0|0|0|0
f4:f5:d8:8d:f2:58|6|12|0|0|0|0
30:07:4d:83:4d:ce|0|13|0|0|0|0
94:9f:3e:84:df:5a|28|8|0|0|0|0
3c:8d:20:4f:d8:e9|5|0|0|0|0|0
c0:06:c3:8f:c0:7b|6|12|36|37|5921|8055
e4:5f:01:5c:9d:89|0|5|0|0|0|0
c0:06:c3:8f:c7:99|4|8|6|4|453|474
38:8b:59:29:24:78|6|0|0|0|0|0
01:00:5e:00:00:01|0|0|0|1|0|76
44:07:0b:60:bf:75|4|0|0|0|0|0
00:08:07:76:35:b7|0|2|0|0|0|0
74:df:bf:45:ac:65|0|1|0|0|0|0
50:e0:85:84:55:94|4|16|0|0|0|0
02:00:00:00:00:00|3|18|0|0|0|0
ca:db:3d:6c:23:f8|0|7|0|0|0|0
50:eb:71:d0:6d:35|0|3|0|0|0|0
da:a1:19:8e:ac:38|0|1|0|0|0|0
44:07:0b:70:9e:93|2|0|0|0|0|0
a6:10:92:6c:86:bf|0|2|0|0|0|0
1a:98:35:53:fb:21|0|1|0|0|0|0
7c:2e:bd:f4:94:ee|6|0|0|0|0|0
01:00:5e:00:00:fa|0|0|0|1|0|114
33:33:00:00:00:01|0|0|0|1|0|120
94:65:2d:d6:9c:46|0|1|0|0|0|0
9a:ac:3a:43:4e:93|0|1|0|0|0|0
56:68:61:2c:82:5b|1|6|0|0|0|0
54:60:09:e2:ee:aa|0|1|0|0|0|0
08:9e:08:bc:6c:2b|0|3|0|0|0|0
7a:0c:14:dd:de:00|2|11|0|0|0|0
da:a1:19:05:05:05|0|1|0|0|0|0
f2:b2:80:0a:ea:79|1|0|0|0|0|0
33:33:00:00:00:fb|0|0|0|1|0|141
