36
b4:e6:2d:f6:c8:79
20:aa:4b:5b:e6:4b|222|0|31|0|4918|0
ff:ff:ff:ff:ff:ff|0|3087|0|30|0|4804
90:9a:4a:80:85:9e|1110|1|5|14|950|336
68:ff:7b:c5:ca:c9|708|0|0|0|0|0
90:9a:4a:80:71:9a|1228|6|13|40|1282|3115
b8:27:eb:3b:22:38|0|6|0|0|0|0
f0:ef:86:06:76:35|0|40|0|0|0|0
8a:87:e8:7b:b1:20|0|3|0|0|0|0
b4:e6:2d:f6:c8:79|0|3|0|5|0|549
54:60:09:e2:ee:aa|0|12|0|0|0|0
c0:06:c3:8f:c7:99|0|0|9|2|792|156
f0:ef:86:05:a3:fa|0|28|0|0|0|0
f0:f6:c1:d5:cb:42|0|9|0|0|0|0
9e:ab:89:2d:82:91|1|16|14|3|336|782
28:6d:cd:09:2a:ea|1|3|3|0|78|0
e4:5f:01:5c:9d:89|0|15|0|0|0|0
01:00:5e:00:00:01|0|0|0|2|0|168
c0:06:c3:8f:c0:7b|4|8|11|4|1162|421
34:c0:59:00:a0:8f|1|0|0|0|0|0
f4:f5:d8:8d:f2:58|4|9|0|0|0|0
08:9e:08:bc:6c:2b|0|4|0|0|0|0
a4:50:46:4c:af:3b|1|3|17|2|1083|156
ba:92:3e:fe:ff:fd|0|6|0|0|0|0
44:07:0b:70:9e:93|2|0|0|0|0|0
26:08:57:9c:ca:2e|0|2|0|0|0|0
44:07:0b:2f:49:8b|12|0|0|0|0|0
b8:27:eb:81:9a:d6|0|2|0|0|0|0
e2:42:1d:b7:29:fe|3|17|0|0|0|0
38:87:d5:8a:96:cf|0|6|0|0|0|0
cc:f4:11:a1:a0:2c|3|0|0|0|0|0
7c:2e:bd:f4:94:ee|6|0|0|0|0|0
00:08:07:76:35:b7|0|1|0|0|0|0
52:e5:39:2f:e3:1f|1|5|0|0|0|0
01:00:5e:00:00:fa|0|0|0|1|0|114
a2:d1:84:cc:d5:49|0|9|0|0|0|0
4a:a2:72:ea:4c:99|1|7|0|0|0|0
