26
b4:e6:2d:f6:b6:a5
d8:b6:b7:7a:3a:61|1376|0|9|72|296|2128
ff:ff:ff:ff:ff:ff|0|3516|0|275|0|56040
68:02:b8:1e:7f:1f|1215|0|284|0|57293|0
6a:02:98:1e:7f:1f|1212|0|0|0|0|0
70:ee:50:73:4e:36|0|0|30|0|780|0
b0:95:75:4b:b9:26|0|0|0|30|0|780
84:16:f9:07:68:71|0|12|0|0|0|0
26:17:dc:59:74:f7|0|0|16|2|384|52
b4:e6:2d:f6:b6:a5|0|2|0|6|0|669
a4:3e:a0:a4:2a:46|0|123|0|0|0|0
f0:72:ea:da:42:c6|0|23|0|0|0|0
0e:26:0a:2f:38:6b|0|0|8|2|192|52
bc:54:51:02:a4:f0|0|0|40|2|1352|52
e6:35:23:4e:ab:99|0|0|8|2|200|52
82:3a:7c:91:89:b3|2|9|0|0|0|0
02:00:00:00:00:00|0|7|0|0|0|0
33:33:00:00:00:01|0|0|0|3|0|584
8e:8f:72:5a:53:a7|2|41|0|0|0|0
1a:70:d4:21:e3:59|2|2|0|0|0|0
f0:5c:77:1a:f1:64|0|7|0|0|0|0
ea:f4:5c:40:74:28|2|15|0|0|0|0
4e:9b:05:55:9f:ce|0|25|0|0|0|0
c8:66:5d:1f:4f:54|0|6|0|0|0|0
01:00:5e:00:00:01|0|0|0|1|0|88
0e:78:b3:42:f1:5c|0|6|0|0|0|0
64:b3:10:aa:e3:3c|0|17|0|0|0|0
