34
b4:e6:2d:f6:c8:79
90:9a:4a:80:71:9a|1229|6|10|72|1003|9491
ff:ff:ff:ff:ff:ff|0|2528|0|18|0|3881
20:aa:4b:5b:e6:4b|399|0|21|43|4191|1326
90:9a:4a:80:85:9e|693|0|5|4|396|96
01:00:5e:00:00:01|0|0|0|2|0|160
68:ff:7b:c5:ca:c9|340|0|0|0|0|0
b4:e6:2d:f6:c8:79|0|2|0|4|0|454
c0:06:c3:8f:c0:7b|4|8|12|2|1186|156
28:6d:cd:09:2a:ea|0|0|30|2|6654|237
80:91:33:25:67:05|0|93|0|0|0|0
33:33:00:00:00:01|0|0|0|1|0|120
e6:1d:78:73:e4:e3|0|0|43|0|1326|0
a4:50:46:4c:af:3b|0|0|24|1|1252|78
c0:06:c3:8f:c7:99|2|4|6|1|399|78
44:07:0b:2f:49:8b|6|0|0|0|0|0
a0:2c:36:28:1e:19|0|3|0|0|0|0
44:07:0b:70:9e:93|18|38|0|0|0|0
7c:2e:bd:f4:94:ee|9|0|0|0|0|0
9e:ab:89:2d:82:91|0|0|4|4|96|312
44:07:0b:6c:b6:e3|3|0|0|0|0|0
f0:ef:86:06:76:35|0|11|0|0|0|0
3c:8d:20:4f:d8:e9|3|0|0|0|0|0
00:08:07:76:35:b7|0|5|0|0|0|0
