47
b4:e6:2d:f6:c8:79
90:9a:4a:80:85:9e|1272|33|44|99|13038|2422
ff:ff:ff:ff:ff:ff|0|2499|0|4|0|536
90:9a:4a:80:71:9a|1275|8|32|47|3441|3823
b4:e6:2d:f6:c8:79|0|4|0|3|0|376
20:aa:4b:5b:e6:4b|91|0|3|0|416|0
04:6c:59:1b:72:04|31|90|23|5|598|1862
68:ff:7b:c5:ca:c9|78|0|0|0|0|0
44:07:0b:2f:49:8b|8|0|0|0|0|0
c0:06:c3:8f:c0:7b|5|10|14|11|1715|1221
c2:cc:dd:ad:48:4d|2|0|0|0|0|0
44:07:0b:70:9e:93|5|0|0|0|0|0
9e:ab:89:2d:82:91|3|34|76|11|1824|1267
e2:f3:5c:3e:9a:5e|0|6|0|0|0|0
a4:50:46:4c:af:3b|2|4|24|17|1631|1766
01:00:5e:7f:ff:fa|0|0|0|25|0|9477
01:00:5e:00:00:fb|0|0|0|2|0|312
86:f5:98:e3:b3:34|0|3|0|0|0|0
3a:51:bf:cb:e1:42|0|1|0|0|0|0
28:6d:cd:09:2a:ea|1|3|3|0|78|0
c0:06:c3:8f:c7:99|0|0|6|1|399|78
a6:23:9c:e5:b4:cb|1|0|0|0|0|0
4e:b8:65:83:59:81|1|0|0|0|0|0
