45
b4:e6:2d:f6:c8:79
90:9a:4a:80:71:9a|1231|9|51|66|6246|9384
ff:ff:ff:ff:ff:ff|0|2830|0|29|0|4878
90:9a:4a:80:85:9e|819|0|5|7|396|168
c0:06:c3:8f:c0:7b|5|11|10|16|1084|1730
28:6d:cd:09:2a:ea|0|0|30|11|6895|1389
68:ff:7b:c5:ca:c9|667|0|1|0|78|0
20:aa:4b:5b:e6:4b|223|0|31|0|5074|0
da:a1:19:be:08:af|0|3|0|0|0|0
b4:e6:2d:f6:c8:79|0|2|0|9|0|1130
44:07:0b:89:e4:ab|11|0|0|0|0|0
a4:50:46:4c:af:3b|2|4|18|6|688|756
c0:06:c3:8f:c7:99|2|4|8|9|717|1241
c0:87:eb:8e:48:ef|1|16|0|0|0|0
20:1f:3b:3a:bb:3d|5|0|0|0|0|0
54:60:09:e2:ee:aa|0|9|0|0|0|0
e4:5f:01:5c:9d:89|0|6|0|0|0|0
33:33:00:00:00:01|0|0|0|1|0|120
44:07:0b:2f:49:8b|5|0|0|0|0|0
da:dc:87:3d:92:25|0|4|0|0|0|0
9e:ab:89:2d:82:91|0|0|7|4|168|312
f0:f6:c1:d5:cb:42|0|6|0|0|0|0
1e:ba:9a:6c:13:9a|0|1|0|0|0|0
14:f6:d8:d5:30:90|0|10|0|0|0|0
