25
b4:e6:2d:f6:b6:a5
d8:b6:b7:7a:3a:61|1298|0|14|58|1522|1622
ff:ff:ff:ff:ff:ff|0|3504|0|147|0|43218
68:02:b8:1e:7f:1f|1280|0|153|0|44192|0
6a:02:98:1e:7f:1f|1279|0|0|0|0|0
26:17:dc:59:74:f7|0|0|16|2|384|52
bc:54:51:02:a4:f0|0|0|23|3|774|262
a4:3e:a0:a4:2a:46|0|102|0|0|0|0
b4:e6:2d:f6:b6:a5|0|1|0|3|0|390
70:ee:50:73:4e:36|0|0|18|0|468|0
b0:95:75:4b:b9:26|0|0|0|18|0|468
f8:77:b8:53:10:e8|8|118|0|0|0|0
e6:35:23:4e:ab:99|0|0|8|2|200|52
0e:26:0a:2f:38:6b|0|0|11|2|264|52
8e:ce:84:5f:9c:42|8|57|0|0|0|0
c8:66:5d:1f:4f:54|0|12|0|0|0|0
33:33:00:00:00:01|0|0|0|3|0|584
36:24:bb:68:d2:39|0|7|0|0|0|0
64:b3:10:aa:e3:3c|0|16|0|0|0|0
ba:9f:31:f7:09:ae|0|21|0|0|0|0
d8:8c:79:90:f4:9b|0|7|0|0|0|0
01:00:5e:7f:ff:fa|0|0|0|4|0|1016
1e:e1:f4:f0:c1:78|0|7|0|0|0|0
c2:e3:f9:35:6c:36|0|14|0|0|0|0
3a:c4:fe:ef:ff:51|0|7|0|0|0|0
01:00:5e:00:00:01|0|0|0|1|0|88
