53
b4:e6:2d:f6:b6:a5
68:02:b8:1e:7f:1f|1252|0|170|0|47083|0
ff:ff:ff:ff:ff:ff|0|3522|0|164|0|46065
6a:02:98:1e:7f:1f|1250|0|0|0|0|0
d8:b6:b7:7a:3a:61|1449|0|136|243|37632|6734
0e:26:0a:2f:38:6b|0|0|172|1|4128|26
b4:e6:2d:f6:b6:a5|0|2|0|3|0|390
26:17:dc:59:74:f7|0|0|25|1|600|26
bc:54:51:02:a4:f0|0|0|25|2|1084|52
e6:35:23:4e:ab:99|0|0|21|2|922|52
70:ee:50:73:4e:36|0|0|22|0|570|0
b0:95:75:4b:b9:26|0|0|0|22|0|570
33:33:00:00:00:16|0|0|0|15|0|1920
01:00:5e:00:00:16|0|0|0|6|0|562
01:00:5e:7f:ff:fa|0|0|0|40|0|15793
01:00:5e:00:00:fb|0|0|0|18|0|2830
33:33:00:00:00:fb|0|0|0|18|0|3190
33:33:00:01:00:03|0|0|0|3|0|395
01:00:5e:00:00:fc|0|0|0|3|0|335
0a:1a:09:7d:08:b1|1|7|0|0|0|0
a4:3e:a0:a4:2a:46|0|157|0|0|0|0
64:b3:10:aa:e3:3c|1|19|0|0|0|0
9d:8c:c9:26:49:65|2|0|0|0|0|0
00:1c:bf:52:98:29|0|12|0|0|0|0
96:0c:b9:0a:e9:c5|0|7|0|0|0|0
ca:a1:cd:f4:97:4e|0|14|0|0|0|0
f9:37:b7:9a:7d:a8|2|7|0|0|0|0
c8:66:5d:1f:4f:54|0|24|0|0|0|0
12:df:c9:f9:95:36|0|7|0|0|0|0
01:80:c2:00:00:0e|0|0|0|1|0|94
42:01:b8:9e:b0:05|1|7|0|0|0|0
33:33:00:00:00:01|0|0|0|4|0|708
d6:3c:ca:d7:6f:cb|0|14|0|0|0|0
33:33:00:01:00:02|0|0|0|6|0|1170
33:33:00:00:00:0c|0|0|0|16|0|10803
33:33:00:00:00:02|0|0|0|2|0|216
f0:5c:77:1a:f1:64|0|6|0|0|0|0
26:a2:78:97:ac:46|0|6|0|0|0|0
6a:32:a6:69:99:a7|0|6|0|0|0|0
d6:37:4e:1b:61:82|0|7|0|0|0|0
22:2e:e0:7b:7d:56|0|8|0|0|0|0
72:7e:11:05:d7:01|1|12|0|0|0|0
de:25:28:86:8b:85|0|7|0|0|0|0
ec:2e:98:f0:f5:27|0|13|0|0|0|0
96:f9:00:6e:e1:d2|1|0|0|0|0|0
da:a1:19:b0:6b:b4|0|21|0|0|0|0
be:36:10:5f:54:4c|0|12|0|0|0|0
70:37:33:81:8c:7f|2|7|0|0|0|0
d8:8c:79:90:f4:9b|0|7|0|0|0|0
01:00:5e:00:00:01|0|0|0|1|0|88
da:a1:19:65:bb:81|0|23|0|0|0|0
de:59:cb:59:eb:5c|0|7|0|0|0|0
0a:fd:72:e8:06:b6|0|7|0|0|0|0
3a:6b:f3:2c:6d:5f|0|14|0|0|0|0
