14
b4:e6:2d:f6:b6:a5
68:02:b8:1e:7f:1f|1243|0|10|0|2550|0
ff:ff:ff:ff:ff:ff|0|2346|0|0|0|0
6a:02:98:1e:7f:1f|1241|0|0|0|0|0
b4:e6:2d:f6:b6:a5|0|2|0|6|0|1734
70:ee:50:73:4e:36|0|0|91|0|2354|0
b0:95:75:4b:b9:26|0|0|0|91|0|2354
10:1c:0c:1a:10:10|1|24|0|0|0|0
a4:3e:a0:a4:2a:46|0|72|0|0|0|0
33:33:00:00:00:01|0|0|0|4|0|816
a0:cb:fd:f1:d7:be|0|6|0|0|0|0
58:b1:0f:56:36:08|0|12|0|0|0|0
64:b3:10:aa:e3:3c|1|12|0|0|0|0
c8:66:5d:1f:4f:54|0|6|0|0|0|0
9c:5d:12:d7:43:d4|0|6|0|0|0|0
