42
b4:e6:2d:f6:c8:79
90:9a:4a:80:71:9a|1224|6|42|85|8519|13242
ff:ff:ff:ff:ff:ff|0|3086|0|48|0|9331
90:9a:4a:80:85:9e|1068|27|44|817|13591|20256
01:00:5e:7f:ff:fa|0|0|0|25|0|11880
20:aa:4b:5b:e6:4b|667|0|49|0|9395|0
04:6c:59:1b:72:04|27|47|246|5|6396|390
68:ff:7b:c5:ca:c9|244|0|0|0|0|0
9e:ab:89:2d:82:91|1|4|571|6|13860|492
ec:5c:68:84:b1:4b|4|17|0|0|0|0
c0:06:c3:8f:c7:99|0|0|12|6|1053|711
b4:e6:2d:f6:c8:79|0|2|0|5|0|544
28:6d:cd:09:2a:ea|0|0|37|5|8404|633
c0:06:c3:8f:c0:7b|5|12|11|13|1162|1304
b6:e8:05:71:5b:5a|0|2|0|0|0|0
f0:ef:86:05:a3:fa|0|5|0|0|0|0
a4:50:46:4c:af:3b|1|5|25|13|2623|5327
44:07:0b:2f:49:8b|9|0|0|0|0|0
ba:06:76:4c:cf:f4|0|2|0|0|0|0
e4:5f:01:5c:9d:89|0|1|0|0|0|0
01:00:5e:00:00:01|0|0|0|2|0|160
01:00:5e:00:00:16|0|0|0|3|0|264
3c:8d:20:4f:d8:e9|1|0|0|0|0|0
56:f7:b0:2c:66:fc|1|8|0|0|0|0
ea:40:c2:93:27:ad|0|4|0|0|0|0
01:00:5e:00:00:fb|0|0|0|1|0|121
b8:27:eb:3b:22:38|0|1|0|0|0|0
01:00:5e:00:00:fa|0|0|0|2|0|228
da:a1:19:91:91:91|1|9|0|0|0|0
20:1f:3b:3a:bb:3d|2|0|0|0|0|0
46:17:6f:b5:a5:8c|1|11|0|0|0|0
84:4b:f5:19:a0:99|0|3|0|0|0|0
44:af:28:c1:8e:00|0|3|0|0|0|0
00:08:07:76:35:b7|0|3|0|0|0|0
24:77:03:d4:12:38|4|4|0|0|0|0
74:eb:80:1d:42:94|13|0|0|0|0|0
54:60:09:e2:ee:aa|0|7|0|0|0|0
33:33:00:00:00:01|0|0|0|1|0|120
44:07:0b:70:9e:93|1|0|0|0|0|0
a6:23:9c:e5:b4:cb|2|0|0|0|0|0
2a:5f:ad:99:8b:51|0|4|0|0|0|0
f4:f5:d8:8d:f2:58|0|2|0|0|0|0
22:48:f8:26:26:64|0|1|0|0|0|0
