56
b4:e6:2d:f6:b6:a5
68:02:b8:1e:7f:1f|1366|0|216|0|41659|0
ff:ff:ff:ff:ff:ff|0|2427|0|214|0|41363
6a:02:98:1e:7f:1f|1316|0|0|0|0|0
02:aa:3f:a7:c9:b2|45|0|6|0|1972|0
66:c2:cd:74:41:79|0|1|0|0|0|0
02:aa:3f:a7:c9:b1|41|0|0|0|0|0
b4:e6:2d:f6:b6:a5|0|2|0|3|0|390
5c:f8:21:84:a4:31|0|4|0|0|0|0
a4:3e:a0:a4:2a:46|0|94|0|0|0|0
e4:04:39:80:49:b7|31|31|0|0|0|0
33:33:ff:02:17:66|0|0|0|2|0|240
22:a0:c1:99:6f:ac|0|2|0|0|0|0
01:00:5e:7f:ff:fa|0|0|0|2|0|1094
33:33:00:00:00:0c|0|0|0|1|0|544
d8:8c:79:90:f4:9b|0|6|0|0|0|0
5e:b2:02:68:17:f5|0|6|0|0|0|0
10:1c:0c:1a:10:10|1|12|0|0|0|0
12:01:51:67:6e:2c|2|5|0|0|0|0
ba:9f:31:f7:09:ae|0|6|0|0|0|0
da:a1:19:3b:c0:92|0|3|0|0|0|0
da:a1:19:34:b5:a5|0|1|0|0|0|0
26:3e:8e:81:c7:80|0|6|0|0|0|0
2a:c0:a5:8c:1d:5c|0|6|0|0|0|0
da:a1:19:27:8b:3f|1|0|0|0|0|0
6c:c4:d5:55:38:ee|0|0|58|0|3930|0
ac:22:05:2b:9e:58|0|0|0|58|0|3930
da:a1:19:3e:cf:ba|2|0|0|0|0|0
da:a1:19:f5:02:b6|2|0|0|0|0|0
c8:66:5d:1f:4f:54|0|6|0|0|0|0
6e:6b:c8:3f:f3:27|0|1|0|0|0|0
ea:31:0e:c0:fb:67|0|6|0|0|0|0
0e:5c:ce:d1:a0:38|0|12|0|0|0|0
02:00:00:00:00:00|7|7|0|0|0|0
fa:b4:57:6e:5d:29|0|12|0|0|0|0
72:26:ee:e6:55:f4|1|6|0|0|0|0
4a:16:ca:dc:94:7f|0|12|0|0|0|0
da:a1:19:9a:e1:cc|1|0|0|0|0|0
5a:1e:a3:8e:15:f5|3|0|0|0|0|0
c2:fa:f0:15:17:ea|0|12|0|0|0|0
64:b3:10:aa:e3:3c|0|12|0|0|0|0
3e:42:11:84:70:54|0|12|0|0|0|0
4a:dd:cf:ed:8e:00|0|12|0|0|0|0
82:3c:b8:58:0b:a4|0|6|0|0|0|0
aa:7a:c5:79:84:65|2|0|0|0|0|0
96:55:6c:5a:ca:43|0|6|0|0|0|0
76:fe:eb:7f:0b:86|2|12|0|0|0|0
2c:33:7a:7f:1d:55|0|36|0|0|0|0
70:2e:22:8d:72:74|2|0|0|0|0|0
