87
b4:e6:2d:f6:b6:a5
68:02:b8:1e:7f:1f|1431|0|425|0|97728|0
ff:ff:ff:ff:ff:ff|0|2611|0|330|0|61556
6a:02:98:1e:7f:1f|1423|0|0|0|0|0
ae:5e:90:f9:d0:e6|0|6|0|0|0|0
cc:88:26:36:b9:a7|60|31|0|0|0|0
d8:b6:b7:7a:3a:61|673|0|3|47|78|1358
ba:9f:31:f7:09:ae|0|47|0|0|0|0
01:00:5e:00:00:fb|0|0|0|12|0|1820
33:33:00:00:00:fb|0|0|0|10|0|1840
74:7a:61:f8:32:b3|0|1|0|0|0|0
1e:a2:d4:3d:37:69|0|8|0|0|0|0
01:00:5e:00:00:02|0|0|0|2|0|180
b4:e6:2d:f6:b6:a5|0|2|0|3|0|390
a6:d9:ab:2d:b3:bf|0|8|0|0|0|0
26:17:dc:59:74:f7|0|0|2|2|48|52
60:f2:62:fd:71:5b|0|7|0|0|0|0
a4:3e:a0:a4:2a:46|0|86|0|0|0|0
2e:93:01:6a:a1:16|0|11|0|0|0|0
bc:54:51:02:a4:f0|0|0|36|0|1086|0
01:00:5e:7f:ff:fa|0|0|0|60|0|30806
33:33:00:00:00:16|0|0|0|3|0|372
01:00:5e:00:00:16|0|0|0|2|0|180
0e:26:0a:2f:38:6b|0|0|1|1|24|26
e6:35:23:4e:ab:99|0|0|8|0|200|0
ea:49:c7:0f:21:e8|0|3|0|0|0|0
60:f2:62:23:7c:da|0|7|0|0|0|0
70:ee:50:73:4e:36|0|0|15|0|390|0
b0:95:75:4b:b9:26|0|0|0|15|0|390
de:6a:84:c3:d1:3f|0|7|0|0|0|0
ec:2e:98:f0:f5:27|0|58|0|0|0|0
80:30:49:55:d3:2f|0|68|0|0|0|0
da:a1:19:cd:93:9e|0|15|0|0|0|0
8c:8d:28:f7:44:4b|0|56|0|0|0|0
54:2a:a2:48:a3:f0|0|87|0|0|0|0
33:33:00:00:00:01|0|0|0|3|0|584
38:37:f3:e1:b0:b1|0|6|0|0|0|0
20:79:18:e7:01:8a|0|9|0|0|0|0
de:eb:a6:e4:44:bc|0|9|0|0|0|0
7e:ed:86:c3:4c:e5|0|13|0|0|0|0
0a:d6:3c:8f:12:f1|0|4|0|0|0|0
40:5b:d8:0a:2b:bb|0|2|0|0|0|0
56:f5:ef:5c:ce:a7|2|19|0|0|0|0
72:b1:bc:94:98:d3|0|5|0|0|0|0
8e:47:69:a4:7c:74|0|8|0|0|0|0
00:0c:e7:d5:8d:f7|0|13|0|0|0|0
7e:61:5b:59:eb:67|0|3|0|0|0|0
1e:cc:d6:64:55:34|0|7|0|0|0|0
e6:c1:8f:09:3a:8d|0|9|0|0|0|0
af:ff:fb:08:eb:a4|0|7|0|0|0|0
60:f2:62:ef:df:97|0|6|0|0|0|0
3a:8b:ed:86:42:dd|2|7|0|0|0|0
a0:cb:fd:f1:d7:be|0|23|0|0|0|0
1a:e3:51:47:0f:18|0|7|0|0|0|0
e8:df:70:a6:5d:05|0|24|0|0|0|0
a6:e6:f8:3b:7c:e8|0|13|0|0|0|0
76:57:38:64:37:a2|0|12|0|0|0|0
88:9f:6f:ab:69:ae|0|18|0|0|0|0
a2:2e:2c:b9:ee:42|2|7|0|0|0|0
0a:f9:e6:ab:cd:3a|3|6|0|0|0|0
e2:6d:65:d3:dd:02|2|8|0|0|0|0
6e:94:9b:c8:00:cd|2|16|0|0|0|0
46:3e:6e:66:65:a7|1|16|0|0|0|0
06:33:87:65:ab:f3|1|7|0|0|0|0
5e:1a:8a:a3:af:3d|0|7|0|0|0|0
fe:8c:f0:ab:b8:dd|2|4|0|0|0|0
16:df:ed:95:2b:40|0|11|0|0|0|0
70:bc:10:16:23:53|0|12|0|0|0|0
1e:79:09:94:61:e2|1|16|0|0|0|0
c6:bd:29:4c:24:19|0|5|0|0|0|0
16:66:c6:24:98:6b|0|3|0|0|0|0
2e:44:5f:66:55:8c|0|7|0|0|0|0
e2:81:95:b2:a2:7a|2|14|0|0|0|0
e2:c3:56:af:ce:e0|3|8|0|0|0|0
ee:96:a2:74:ce:df|0|6|0|0|0|0
56:4e:0b:ea:d3:07|2|11|0|0|0|0
fe:58:2f:47:04:a3|3|11|0|0|0|0
7a:76:f1:86:48:45|0|9|0|0|0|0
6e:6f:d9:58:00:b2|2|7|0|0|0|0
72:19:0a:10:ce:13|1|6|0|0|0|0
26:6f:1d:c2:e2:46|0|6|0|0|0|0
22:9c:a5:d8:bd:9d|0|10|0|0|0|0
d6:77:93:95:4f:c6|0|8|0|0|0|0
64:b3:10:aa:e3:3c|0|22|0|0|0|0
02:ca:4d:28:f0:1e|2|2|0|0|0|0
8a:46:63:bb:ed:1f|2|19|0|0|0|0
86:62:7a:eb:a8:67|2|12|0|0|0|0
f6:9a:26:5c:56:84|2|7|0|0|0|0
