41
b4:e6:2d:f6:c8:79
90:9a:4a:80:85:9e|622|0|0|0|0|0
ff:ff:ff:ff:ff:ff|0|2223|0|7|0|1284
90:9a:4a:80:71:9a|1353|7|8|34|778|2899
20:aa:4b:5b:e6:4b|205|0|10|0|1914|0
ec:5c:68:84:b1:4b|0|20|0|0|0|0
2a:73:44:2a:31:19|2|1|0|0|0|0
68:ff:7b:c5:ca:c9|221|0|0|0|0|0
b4:e6:2d:f6:c8:79|0|3|0|3|0|376
46:3b:78:62:ec:7e|1|8|0|0|0|0
c0:06:c3:8f:c7:99|0|0|7|1|423|78
1c:bf:ce:e3:fb:45|0|2|0|0|0|0
8c:70:5a:60:0e:bc|1|5|0|0|0|0
34:f6:4b:e3:9c:e8|0|1|0|0|0|0
54:2a:a2:73:c6:e9|8|110|0|0|0|0
08:9e:08:bc:6c:2b|0|2|0|0|0|0
04:d6:aa:40:9f:f4|0|2|0|0|0|0
48:5a:b6:22:0c:7e|0|23|0|0|0|0
44:07:0b:2f:49:8b|12|0|0|0|0|0
56:93:46:4f:f6:6a|0|6|0|0|0|0
a4:50:46:4c:af:3b|1|1|14|1|1314|78
28:6d:cd:09:2a:ea|1|3|3|0|78|0
44:07:0b:70:9e:93|3|0|0|0|0|0
33:33:00:00:00:0c|0|0|0|3|0|630
c0:06:c3:8f:c0:7b|5|9|10|3|1084|246
c0:87:eb:8e:48:ef|0|4|0|0|0|0
a6:23:9c:e5:b4:cb|4|9|0|0|0|0
20:1f:3b:3a:bb:3d|1|0|0|0|0|0
74:df:bf:45:ac:65|0|1|0|0|0|0
e4:5f:01:5c:9d:89|0|1|0|0|0|0
20:f4:78:24:ce:e8|1|4|0|0|0|0
b4:75:0e:da:6c:73|9|0|0|0|0|0
b4:75:0e:da:6c:72|3|0|0|0|0|0
18:e8:29:e4:16:89|1|0|0|0|0|0
00:08:07:76:35:b7|0|2|0|0|0|0
54:60:09:e2:ee:aa|0|1|0|0|0|0
10:fe:ed:dd:08:06|1|0|0|0|0|0
82:43:ab:84:de:a5|0|3|0|0|0|0
e0:b6:55:51:29:ba|0|1|0|0|0|0
f0:ef:86:06:76:35|0|1|0|0|0|0
f4:f5:d8:8d:f2:58|0|1|0|0|0|0
a6:28:c6:7e:d4:31|0|1|0|0|0|0
