28
b4:e6:2d:f6:b6:a5
68:02:b8:1e:7f:1f|1258|0|135|0|14268|0
ff:ff:ff:ff:ff:ff|0|2577|0|121|0|11374
6a:02:98:1e:7f:1f|1259|0|0|0|0|0
d8:b6:b7:7a:3a:61|334|0|12|38|1025|975
1e:66:ff:98:b8:c2|0|6|0|0|0|0
bc:54:51:02:a4:f0|0|0|10|6|295|676
0e:26:0a:2f:38:6b|0|0|20|1|480|26
e6:35:23:4e:ab:99|0|0|8|1|200|26
c8:66:5d:1f:4f:54|0|18|0|0|0|0
26:17:dc:59:74:f7|0|0|0|2|0|52
a4:3e:a0:a4:2a:46|0|123|0|0|0|0
01:00:5e:00:00:fb|0|0|0|4|0|925
33:33:00:00:00:fb|0|0|0|3|0|828
b4:e6:2d:f6:b6:a5|0|1|0|4|0|482
0c:54:15:5d:f1:f6|0|7|0|0|0|0
33:33:00:00:00:01|0|0|0|4|0|816
84:16:f9:07:68:71|0|8|0|0|0|0
94:e2:3c:3e:11:65|3|56|0|0|0|0
00:1c:bf:52:98:29|0|5|0|0|0|0
26:6f:1d:c2:e2:46|0|22|0|0|0|0
f0:5c:77:1a:f1:64|0|6|0|0|0|0
d2:79:c5:b3:7b:94|0|4|0|0|0|0
0a:09:af:50:26:74|5|0|0|0|0|0
1a:2c:55:ea:16:0b|1|0|0|0|0|0
64:b3:10:aa:e3:3c|0|14|0|0|0|0
b6:a6:32:80:50:c7|0|7|0|0|0|0
52:62:bb:70:1b:59|0|6|0|0|0|0
01:00:5e:00:00:01|0|0|0|1|0|88
