55
b4:e6:2d:f6:c8:79
90:9a:4a:80:71:9a|1380|14|89|62|10882|8304
20:1f:3b:3a:bb:3d|23|136|0|0|0|0
ff:ff:ff:ff:ff:ff|0|3774|0|15|0|1779
20:aa:4b:5b:e6:4b|958|0|17|0|1744|0
68:ff:7b:c5:ca:c9|822|0|0|0|0|0
90:9a:4a:80:85:9e|931|0|4|0|1268|0
b4:e6:2d:f6:c8:79|0|2|0|15|0|1809
b0:a7:b9:89:64:1f|21|0|2|0|1068|0
9e:ab:89:2d:82:91|0|3|0|3|0|1184
28:6d:cd:09:2a:ea|0|0|22|13|5237|1608
d2:73:a5:23:47:15|0|1|0|0|0|0
80:91:33:25:67:05|18|61|0|0|0|0
a4:50:46:4c:af:3b|2|2|23|24|1607|2988
44:07:0b:70:9e:93|3|0|0|0|0|0
f4:f5:d8:84:58:92|0|2|0|0|0|0
01:00:5e:00:00:fa|0|0|0|2|0|228
f0:ef:86:06:76:35|0|13|0|0|0|0
c0:06:c3:8f:c0:7b|6|13|9|15|893|1735
38:8b:59:29:24:78|6|0|0|0|0|0
c0:06:c3:8f:c7:99|6|12|8|22|567|2742
a8:6d:aa:73:88:1d|0|35|0|0|0|0
3c:8d:20:4f:d8:e9|3|0|0|0|0|0
94:9f:3e:84:df:5a|0|32|0|0|0|0
ce:72:72:9a:63:50|0|3|0|0|0|0
36:f9:2e:4a:a2:6b|0|3|0|0|0|0
01:00:5e:00:00:01|0|0|0|2|0|160
18:e8:29:e4:16:89|0|0|1|0|339|0
42:62:e8:f7:1a:ee|2|6|0|0|0|0
76:78:27:bc:20:c6|1|6|0|0|0|0
f2:85:58:2d:2d:2d|0|6|0|0|0|0
08:9e:08:bc:6c:2b|0|4|0|0|0|0
50:e0:85:84:55:94|3|13|0|0|0|0
44:07:0b:2f:49:8b|8|0|0|0|0|0
1c:bf:ce:e3:fb:45|0|4|0|0|0|0
44:07:0b:60:bf:75|5|0|0|0|0|0
54:60:09:e2:ee:aa|0|7|0|0|0|0
b8:27:eb:81:9a:d6|0|6|0|0|0|0
7a:24:a8:b3:76:9e|0|1|0|0|0|0
01:00:5e:7f:ff:fa|0|0|0|1|0|534
00:08:07:76:35:b7|0|4|0|0|0|0
f2:a2:9b:51:74:52|0|0|1|0|24|0
0c:80:63:47:1f:23|0|0|0|1|0|24
00:08:03:bf:74:c3|0|1|0|0|0|0
84:d8:1b:29:48:82|0|0|2|0|240|0
01:00:5e:00:00:fb|0|0|0|2|0|240
f4:f5:d8:8d:f2:58|0|3|0|0|0|0
fe:bb:c0:4d:06:07|1|3|0|0|0|0
de:29:e4:5b:26:ca|0|1|0|0|0|0
7e:ee:a0:d3:87:22|0|2|0|0|0|0
c0:87:eb:8e:48:ef|0|11|0|0|0|0
46:3b:78:62:ec:7e|1|6|15|0|360|0
c4:12:f5:d1:17:6c|0|0|0|15|0|360
33:33:00:00:00:0c|0|0|0|1|0|534
7c:b2:7d:d3:ca:b1|0|3|0|0|0|0
da:a1:19:ad:ad:ad|1|8|0|0|0|0
