39
b4:e6:2d:f6:c8:79
20:aa:4b:5b:e6:4b|879|0|10|0|897|0
ff:ff:ff:ff:ff:ff|0|3691|0|15|0|1201
90:9a:4a:80:85:9e|1126|0|6|11|468|264
68:ff:7b:c5:ca:c9|616|0|0|0|0|0
90:9a:4a:80:71:9a|1240|4|18|21|1670|1697
f0:ef:86:06:76:35|0|26|0|0|0|0
b4:e6:2d:f6:c8:79|0|5|0|4|0|471
92:f8:d7:ad:a0:05|0|3|0|0|0|0
01:00:5e:00:00:fa|0|0|0|2|0|228
c0:06:c3:8f:c0:7b|3|8|10|5|917|511
28:6d:cd:09:2a:ea|1|3|3|0|78|0
c0:06:c3:8f:c7:99|0|0|8|2|702|156
9e:ab:89:2d:82:91|0|0|11|6|264|468
f0:ef:86:21:66:5f|0|3|0|0|0|0
52:1d:5d:73:c1:94|0|1|0|0|0|0
cc:f4:11:a1:a0:2c|5|0|0|0|0|0
e4:5f:01:78:c0:dc|0|2|0|0|0|0
34:c0:59:00:a0:8f|1|0|0|0|0|0
44:07:0b:2f:49:8b|7|0|0|0|0|0
54:60:09:e2:ee:aa|0|6|0|0|0|0
3c:8d:20:4f:d8:e9|2|0|0|0|0|0
e4:5f:01:5c:9d:89|0|10|0|0|0|0
f4:f5:d8:8d:f2:58|0|12|0|0|0|0
f0:ef:86:05:a3:fa|0|23|0|0|0|0
08:9e:08:bc:6c:2b|0|3|0|0|0|0
ba:92:3e:fe:ff:fd|0|14|0|0|0|0
42:6e:15:e1:d2:2f|0|1|0|0|0|0
44:07:0b:70:9e:93|5|0|0|0|0|0
b8:27:eb:81:9a:d6|0|12|0|0|0|0
06:7a:68:84:09:40|1|9|0|0|0|0
b8:27:eb:3b:22:38|0|7|0|0|0|0
be:49:cf:f7:55:72|3|17|0|0|0|0
72:67:29:34:42:fc|1|0|0|0|0|0
3c:22:fb:60:87:53|1|12|0|0|0|0
86:8c:45:16:7e:a5|0|6|0|0|0|0
f2:9c:2e:fd:43:97|2|9|0|0|0|0
82:2a:6b:79:07:e9|1|0|0|0|0|0
22:15:c8:1d:b2:79|0|3|0|0|0|0
00:08:07:76:35:b7|0|4|0|0|0|0
