46
b4:e6:2d:f6:c8:79
90:9a:4a:80:71:9a|1226|10|29|59|3278|8940
ff:ff:ff:ff:ff:ff|0|2471|0|13|0|1478
90:9a:4a:80:85:9e|998|9|7|2|1266|290
b4:e6:2d:f6:c8:79|0|2|0|5|0|549
b0:35:9f:5d:a6:65|9|4|1|2|26|156
68:ff:7b:c5:ca:c9|231|9|14|5|1971|122
20:aa:4b:5b:e6:4b|80|0|14|0|1626|0
01:00:5e:00:00:fc|0|0|0|3|0|294
00:9d:6b:1b:82:15|3|0|0|0|0|0
33:33:00:01:00:03|0|0|0|1|0|118
01:00:5e:00:00:fb|0|0|0|3|0|486
28:6d:cd:09:2a:ea|0|0|27|7|6076|951
c0:06:c3:8f:c0:7b|6|10|14|10|1622|1022
3e:9e:c1:ec:69:65|0|1|0|0|0|0
c0:06:c3:8f:c7:99|4|8|10|5|750|552
01:00:5e:00:00:16|0|0|0|1|0|88
a0:78:17:a1:19:64|0|0|4|2|96|156
50:e0:85:84:55:94|4|14|0|0|0|0
01:00:5e:00:00:01|0|0|0|2|0|168
a4:50:46:4c:af:3b|0|0|8|2|492|204
44:07:0b:2f:49:8b|7|0|0|0|0|0
b8:27:eb:81:9a:d6|0|3|0|0|0|0
01:00:5e:7f:ff:fa|0|0|0|2|0|737
da:cd:50:6a:34:66|0|2|0|0|0|0
2a:c9:e3:9b:dc:10|0|1|0|0|0|0
44:07:0b:70:9e:93|4|0|0|0|0|0
ec:5c:68:84:b1:4b|2|9|0|0|0|0
f4:f5:d8:8d:f2:58|2|4|0|0|0|0
00:08:07:76:35:b7|0|1|0|0|0|0
54:60:09:e2:ee:aa|0|5|0|0|0|0
64:a2:f9:b6:88:f9|2|10|0|0|0|0
44:07:0b:89:e4:ab|11|0|0|0|0|0
da:d0:0a:89:1a:f6|0|3|0|0|0|0
34:c0:59:00:a0:8f|1|0|0|0|0|0
aa:fd:49:b5:a9:c3|0|4|0|0|0|0
08:9e:08:bc:6c:2b|0|3|0|0|0|0
1c:bf:ce:e3:fb:45|0|3|0|0|0|0
20:df:b9:8e:c2:c7|1|0|0|0|0|0
7c:2e:bd:f4:94:ee|8|0|0|0|0|0
0e:1b:4e:b3:2d:01|0|3|0|0|0|0
44:46:87:a9:e4:4b|0|1|0|0|0|0
3c:f0:11:11:b7:41|1|0|0|0|0|0
04:6c:59:1b:72:04|11|12|2|6|290|1182
24:77:03:d4:12:38|4|8|0|0|0|0
fc:3d:93:6f:fa:dc|0|4|0|0|0|0
e2:c1:22:10:af:88|0|1|0|0|0|0
