22
b4:e6:2d:f6:b6:a5
68:02:b8:1e:7f:1f|1029|0|172|0|21147|0
ff:ff:ff:ff:ff:ff|0|1920|0|127|0|11858
6a:02:98:1e:7f:1f|1051|0|0|0|0|0
26:94:9b:c4:cd:39|12|67|0|0|0|0
b4:e6:2d:f6:b6:a5|0|2|0|6|0|1734
01:00:5e:7f:ff:fa|0|0|0|31|0|6329
c8:66:5d:1f:4f:54|0|8|0|0|0|0
01:00:5e:00:00:fb|0|0|0|4|0|548
a4:3e:a0:a4:2a:46|0|75|0|0|0|0
01:80:c2:00:00:0e|0|0|0|1|0|94
70:ee:50:73:4e:36|0|0|39|0|1014|0
b0:95:75:4b:b9:26|0|0|0|39|0|1014
10:1c:0c:1a:10:10|2|1|0|0|0|0
d6:42:2f:a0:93:e1|0|6|0|0|0|0
e6:47:08:ac:1c:04|1|0|0|0|0|0
44:fe:3b:06:5c:71|2|0|0|0|0|0
0c:cb:85:ac:77:55|0|1|0|0|0|0
f6:2c:84:f5:65:1c|1|0|0|0|0|0
33:33:00:00:00:01|0|0|0|3|0|584
40:5b:d8:0a:2b:bb|0|6|0|0|0|0
9e:97:db:69:8f:a6|0|6|0|0|0|0
de:66:ef:1b:e4:e9|0|6|0|0|0|0
