29
b4:e6:2d:f6:c8:79
90:9a:4a:80:85:9e|1204|0|4|3|312|72
ff:ff:ff:ff:ff:ff|0|2952|0|40|0|6930
20:aa:4b:5b:e6:4b|701|0|43|0|7234|0
90:9a:4a:80:71:9a|1224|8|11|26|1017|3294
b4:e6:2d:f6:c8:79|0|2|0|4|0|471
9e:ab:89:2d:82:91|0|0|3|4|72|312
80:91:33:25:67:05|14|95|0|0|0|0
54:60:09:e2:ee:aa|0|3|0|0|0|0
3c:8d:20:4f:d8:e9|2|0|0|0|0|0
f4:f5:d8:8d:f2:58|3|10|0|0|0|0
c0:06:c3:8f:c0:7b|4|8|10|2|1084|156
0a:af:df:a7:53:3d|0|12|0|0|0|0
38:00:25:e8:2f:88|0|28|0|0|0|0
8e:70:87:dc:cd:e6|0|16|0|0|0|0
44:07:0b:60:bf:75|3|0|0|0|0|0
01:00:5e:00:00:fa|0|0|0|2|0|228
28:6d:cd:09:2a:ea|0|0|8|2|1508|156
c0:06:c3:8f:c7:99|4|7|8|3|702|234
68:ff:7b:c5:ca:c9|2|0|0|0|0|0
f0:ef:86:06:76:35|0|7|0|0|0|0
a0:c9:a0:c1:eb:b8|0|4|0|0|0|0
44:07:0b:2f:49:8b|5|0|0|0|0|0
e4:5f:01:5c:9d:89|0|1|0|0|0|0
b8:27:eb:81:9a:d6|0|2|0|0|0|0
01:00:5e:00:00:01|0|0|0|1|0|76
2a:f0:38:38:d7:9e|2|9|0|0|0|0
00:08:07:76:35:b7|0|3|0|0|0|0
08:9e:08:bc:6c:2b|0|1|0|0|0|0
22:48:f8:26:26:64|1|1|0|0|0|0
