33
b4:e6:2d:f6:c8:79
90:9a:4a:80:71:9a|1202|7|13|23|1370|2020
ff:ff:ff:ff:ff:ff|0|2707|0|32|0|5006
90:9a:4a:80:85:9e|997|0|5|4|862|96
20:aa:4b:5b:e6:4b|568|0|34|0|5196|0
b4:e6:2d:f6:c8:79|0|1|0|4|0|454
9e:ab:89:2d:82:91|0|0|4|5|96|862
28:6d:cd:09:2a:ea|1|3|3|0|78|0
44:07:0b:2f:49:8b|4|0|0|0|0|0
00:08:07:76:35:b7|0|3|0|0|0|0
08:9e:08:bc:6c:2b|0|2|0|0|0|0
c0:06:c3:8f:c7:99|0|0|8|3|702|315
f0:ef:86:06:76:35|0|2|0|0|0|0
01:00:5e:00:00:fa|0|0|0|1|0|114
44:07:0b:70:9e:93|4|0|0|0|0|0
c0:06:c3:8f:c0:7b|6|10|12|6|1240|601
e4:e0:c5:07:b4:e3|2|0|0|0|0|0
f4:f5:d8:8d:f2:58|1|1|0|0|0|0
10:fe:ed:dd:08:06|2|0|0|0|0|0
b6:aa:28:ac:b0:40|0|3|0|0|0|0
92:08:cf:4e:5c:43|1|0|0|0|0|0
20:f4:78:24:ce:e8|0|3|0|0|0|0
f0:f6:c1:d5:cb:42|0|9|0|0|0|0
f0:ef:86:05:a3:fa|0|5|0|0|0|0
da:a1:19:2d:89:28|2|11|0|0|0|0
da:a1:19:a0:a0:a0|0|4|0|0|0|0
01:00:5e:00:00:01|0|0|0|1|0|76
00:08:03:bf:74:c3|0|2|0|0|0|0
f0:ef:86:21:66:5f|0|3|0|0|0|0
e4:5f:01:5c:9d:89|0|2|0|0|0|0
54:60:09:e2:ee:aa|0|3|0|0|0|0
ba:92:3e:fe:ff:fd|0|3|0|0|0|0
38:87:d5:8a:96:cf|0|5|0|0|0|0
b8:27:eb:81:9a:d6|0|1|0|0|0|0
