41
b4:e6:2d:f6:c8:79
90:9a:4a:80:71:9a|1233|7|25|93|2809|8290
ff:ff:ff:ff:ff:ff|0|3885|0|71|0|12562
20:aa:4b:5b:e6:4b|926|0|64|0|11516|0
90:9a:4a:80:85:9e|1137|1|4|15|318|360
68:ff:7b:c5:ca:c9|755|0|0|0|0|0
b6:b0:ed:42:19:f4|0|3|0|0|0|0
00:08:07:76:35:b7|0|1|0|0|0|0
f0:ef:86:06:76:35|0|31|0|0|0|0
c0:06:c3:8f:c0:7b|4|8|11|2|1108|156
b4:e6:2d:f6:c8:79|0|3|0|4|0|454
54:60:09:e2:ee:aa|0|5|0|0|0|0
44:07:0b:70:9e:93|2|0|0|0|0|0
f0:ef:86:05:a3:fa|0|26|0|0|0|0
a4:50:46:4c:af:3b|2|5|73|5|6651|414
00:08:10:80:dc:7a|0|2|0|0|0|0
f4:f5:d8:8d:f2:58|0|2|0|0|0|0
08:9e:08:bc:6c:2b|0|1|0|0|0|0
c0:06:c3:8f:c7:99|0|0|6|3|453|315
28:6d:cd:09:2a:ea|1|3|3|0|78|0
20:df:b9:8e:c2:c7|1|0|0|0|0|0
ba:92:3e:fe:ff:fd|0|20|0|0|0|0
9e:ab:89:2d:82:91|1|5|15|3|360|234
e4:5f:01:5c:9d:89|0|4|0|0|0|0
