41
b4:e6:2d:f6:c8:79
90:9a:4a:80:71:9a|1268|4|12|32|1402|5350
ff:ff:ff:ff:ff:ff|0|3092|0|0|0|0
90:9a:4a:80:85:9e|1238|0|4|3|312|72
20:aa:4b:5b:e6:4b|751|0|0|0|0|0
28:6d:cd:09:2a:ea|0|0|21|4|4576|474
da:a1:19:6b:6b:6b|0|6|0|0|0|0
9e:ab:89:2d:82:91|0|0|3|4|72|312
f2:b2:80:0a:ea:79|1|0|0|0|0|0
ec:5c:68:84:b1:4b|0|18|0|0|0|0
aa:fd:49:b5:a9:c3|0|3|0|0|0|0
9e:5d:8f:fd:da:99|1|2|0|0|0|0
fe:17:f1:a0:c4:ce|0|0|4|0|96|0
00:31:92:b2:52:69|0|0|0|4|0|96
44:07:0b:2f:49:8b|19|0|0|0|0|0
c0:06:c3:8f:c7:99|4|8|8|4|702|474
68:ff:7b:c5:ca:c9|4|0|0|0|0|0
08:9e:08:bc:6c:2b|0|1|0|0|0|0
c0:06:c3:8f:c0:7b|0|0|3|0|72|0
b4:e6:2d:f6:c8:79|0|2|0|4|0|454
b8:27:eb:81:9a:d6|0|3|0|0|0|0
da:0c:4a:29:cf:c9|0|4|0|0|0|0
f4:f5:d8:8d:f2:58|0|11|0|0|0|0
44:07:0b:6c:b6:e3|2|0|0|0|0|0
92:bc:10:2a:09:f2|0|10|0|0|0|0
94:e2:3c:2c:75:7c|0|2|0|0|0|0
a2:e0:6c:67:3c:21|0|19|0|0|0|0
be:bf:e3:84:28:c9|0|7|0|0|0|0
54:60:09:e2:ee:aa|0|4|0|0|0|0
ee:86:32:dd:03:9b|0|7|0|0|0|0
8a:e4:e8:b6:56:e1|0|7|0|0|0|0
ce:96:ee:21:94:a9|0|4|0|0|0|0
a6:23:9c:e5:b4:cb|8|26|0|0|0|0
9a:d5:f2:19:65:87|2|4|0|0|0|0
22:48:f8:26:26:64|3|13|0|0|0|0
9c:5a:81:3c:9b:3b|0|1|0|0|0|0
e6:09:33:6a:b6:d7|0|4|0|0|0|0
2e:47:5d:92:81:2c|2|9|0|0|0|0
46:bd:f4:0f:46:bd|2|13|0|0|0|0
1a:30:b9:47:94:46|2|6|0|0|0|0
fe:1e:8d:81:1b:b3|1|14|0|0|0|0
7a:af:10:19:b8:39|1|5|0|0|0|0
