45
b4:e6:2d:f6:c8:79
90:9a:4a:80:85:9e|1231|0|9|13|702|312
ff:ff:ff:ff:ff:ff|0|3867|0|56|0|10015
68:ff:7b:c5:ca:c9|828|0|3|0|234|0
20:aa:4b:5b:e6:4b|785|0|56|0|10097|0
90:9a:4a:80:71:9a|1244|4|35|68|8858|13472
80:91:33:25:67:05|9|117|0|0|0|0
28:6d:cd:09:2a:ea|0|0|31|4|6904|474
9e:ab:89:2d:82:91|0|1|13|5|312|390
08:9e:08:bc:6c:2b|0|6|0|0|0|0
b8:27:eb:3b:22:38|0|1|0|0|0|0
ce:80:3e:00:0f:fc|0|1|0|0|0|0
1a:a5:c3:61:4f:b6|0|0|0|3|0|234
44:07:0b:2f:49:8b|8|0|0|0|0|0
36:2c:c6:10:74:ee|2|3|0|0|0|0
f0:ef:86:06:76:35|0|24|0|0|0|0
44:07:0b:6c:b6:e3|1|0|0|0|0|0
e4:5f:01:5c:9d:89|0|1|0|0|0|0
a4:50:46:4c:af:3b|0|0|4|0|312|0
c0:06:c3:8f:c7:99|0|0|22|18|5082|6974
c0:06:c3:8f:c0:7b|4|8|11|9|1174|956
b4:e6:2d:f6:c8:79|0|2|0|4|0|454
14:f6:d8:d5:30:90|0|6|0|0|0|0
26:1f:bf:ac:28:bb|0|3|0|0|0|0
