36
b4:e6:2d:f6:c8:79
90:9a:4a:80:71:9a|1268|5|11|34|1593|2911
ff:ff:ff:ff:ff:ff|0|2599|0|14|0|2756
90:9a:4a:80:85:9e|1117|0|0|0|0|0
20:aa:4b:5b:e6:4b|174|0|15|0|2876|0
b4:e6:2d:f6:c8:79|0|1|0|6|0|655
68:ff:7b:c5:ca:c9|139|0|0|0|0|0
50:e0:85:84:55:94|2|10|0|0|0|0
c0:06:c3:8f:c7:99|0|0|9|2|726|156
c0:06:c3:8f:c0:7b|5|10|9|2|1048|156
a4:50:46:4c:af:3b|0|0|13|1|1059|626
28:6d:cd:09:2a:ea|0|0|3|0|78|0
54:2a:a2:73:c6:e9|6|32|0|0|0|0
00:1d:c9:07:2b:f1|7|0|0|0|0|0
be:0f:8a:7e:ca:88|0|3|0|0|0|0
44:46:87:a9:e4:4b|0|2|0|0|0|0
b8:27:eb:81:9a:d6|0|1|0|0|0|0
ec:5c:68:84:b1:4b|0|9|0|0|0|0
9a:d5:f2:19:65:87|0|2|0|0|0|0
54:60:09:e2:ee:aa|0|1|0|0|0|0
48:5a:b6:22:0c:7e|0|3|0|0|0|0
44:07:0b:2f:49:8b|3|0|0|0|0|0
a6:23:9c:e5:b4:cb|1|7|0|0|0|0
24:77:03:d4:12:38|2|20|0|0|0|0
33:33:00:00:00:01|0|0|0|1|0|120
da:a1:19:f8:5b:f9|0|3|0|0|0|0
3a:37:31:36:67:5d|0|6|0|0|0|0
f0:ef:86:06:76:35|0|1|0|0|0|0
04:d3:b0:7c:41:a1|0|3|0|0|0|0
7a:27:99:51:d0:0f|0|3|0|0|0|0
4a:16:a6:51:f4:96|1|3|0|0|0|0
44:07:0b:70:9e:93|1|0|0|0|0|0
44:07:0b:89:e4:ab|10|0|0|0|0|0
ca:f6:11:16:a6:b6|0|5|0|0|0|0
e6:ff:61:79:2d:f9|0|0|4|0|96|0
f4:cf:e2:ea:1e:e2|0|0|0|4|0|96
56:f7:b0:2c:66:fc|1|8|0|0|0|0
