51
b4:e6:2d:f6:c8:79
90:9a:4a:80:71:9a|1264|8|44|40|5430|6856
ff:ff:ff:ff:ff:ff|0|3136|0|43|0|8186
20:aa:4b:5b:e6:4b|680|0|43|69|8157|1656
90:9a:4a:80:85:9e|1250|14|3723|21|5570276|582
9e:ab:89:2d:82:91|0|13|21|3652|582|5545926
c0:06:c3:8f:c7:99|5|12|7|15|612|1827
cc:50:e3:f0:6b:20|0|0|69|0|1656|0
28:6d:cd:09:2a:ea|0|0|26|9|5654|1170
68:ff:7b:c5:ca:c9|134|0|0|0|0|0
b4:e6:2d:f6:c8:79|0|3|0|11|0|1334
84:e3:42:4b:9d:4f|21|0|0|0|0|0
01:00:5e:00:00:01|0|0|0|2|0|160
01:00:5e:00:00:16|0|0|0|1|0|96
04:6c:59:1b:72:04|14|24|0|5|0|390
d8:47:32:54:de:63|1|3|0|8|0|208
01:00:5e:00:00:fb|0|0|0|8|0|1032
3c:8d:20:4f:d8:e9|3|0|0|0|0|0
32:05:f3:d1:c0:55|0|0|8|0|208|0
f0:ef:86:05:a3:fa|0|16|0|0|0|0
01:00:5e:7f:ff:fa|0|0|0|52|0|22268
ac:67:84:5b:07:e3|14|66|0|0|0|0
f4:f5:d8:8d:f2:58|3|4|0|0|0|0
f2:b2:80:0a:ea:79|1|0|0|0|0|0
1c:bf:ce:e3:fb:45|0|2|0|0|0|0
ea:79:33:b8:94:5f|0|12|0|0|0|0
b8:27:eb:81:9a:d6|1|1|0|0|0|0
c0:06:c3:8f:c0:7b|3|6|7|9|590|1099
74:df:bf:45:ac:65|0|1|0|0|0|0
46:3b:78:62:ec:7e|1|15|11|0|264|0
c4:12:f5:d1:17:6c|0|0|0|11|0|264
bc:54:2f:5e:b7:f3|2|11|0|0|0|0
54:60:09:e2:ee:aa|0|4|0|0|0|0
01:00:5e:00:00:fa|0|0|0|1|0|114
33:33:00:00:00:fb|0|0|0|1|0|141
20:1f:3b:3a:bb:3d|5|0|0|0|0|0
00:08:07:76:35:b7|0|3|0|0|0|0
50:8a:06:7d:2f:61|0|25|0|0|0|0
ba:3d:3f:9a:84:40|2|11|0|0|0|0
4a:40:c4:8e:46:42|0|2|0|0|0|0
94:9f:3e:84:df:5a|0|4|0|0|0|0
33:33:00:00:00:01|0|0|0|1|0|120
20:df:b9:ac:28:3b|1|0|0|0|0|0
24:77:03:d4:12:38|0|9|0|0|0|0
7e:72:9b:e7:2c:ff|0|1|0|0|0|0
64:1c:ae:5c:48:4a|2|0|0|0|0|0
44:07:0b:70:9e:93|2|0|0|0|0|0
