64
b4:e6:2d:f6:c8:79
68:ff:7b:c5:ca:c9|63|0|16|4|1784|96
ff:ff:ff:ff:ff:ff|0|2370|0|21|0|3121
90:9a:4a:80:85:9e|1111|14|119|113|44171|2938
90:9a:4a:80:71:9a|1245|7|264|264|151022|48006
b4:e6:2d:f6:c8:79|0|4|0|4|0|471
1a:a5:c3:61:4f:b6|0|0|4|5|96|417
28:6d:cd:09:2a:ea|0|0|48|52|10426|8379
44:07:0b:2f:49:8b|9|0|0|0|0|0
20:aa:4b:5b:e6:4b|121|0|16|0|2741|0
04:6c:59:1b:72:04|14|26|114|7|3370|1293
c0:06:c3:8f:c0:7b|4|8|10|12|1084|1226
94:ee:9f:9f:fe:89|0|1|0|0|0|0
5e:aa:c2:b8:5b:30|0|2|0|0|0|0
1c:bf:ce:e3:fb:45|0|9|0|0|0|0
c0:06:c3:8f:c7:99|0|0|8|4|702|474
a4:50:46:4c:af:3b|3|8|198|192|35794|140472
22:06:ab:80:fa:3a|0|1|0|0|0|0
2e:c0:9f:21:1c:fb|0|7|0|0|0|0
01:00:5e:7f:ff:fa|0|0|0|112|0|43226
84:4b:f5:19:a0:99|0|2|0|0|0|0
18:e8:29:91:3d:5e|1|0|0|0|0|0
01:00:5e:00:00:fb|0|0|0|5|0|899
01:00:5e:00:00:16|0|0|0|1|0|88
20:1f:3b:3a:bb:3d|5|0|0|0|0|0
18:e8:29:e4:16:89|1|0|0|0|0|0
76:89:30:71:02:51|0|3|0|0|0|0
62:27:47:4f:ae:d9|1|11|0|0|0|0
4e:4e:c0:c5:8f:c6|1|0|0|0|0|0
2a:11:d9:4f:d8:8c|0|3|0|0|0|0
5a:da:23:e7:c8:f9|1|10|0|0|0|0
9a:d5:f2:19:65:87|0|3|0|0|0|0
f4:f5:d8:8d:f2:58|0|4|0|0|0|0
72:35:7b:45:10:51|0|2|0|0|0|0
36:7c:13:24:a1:13|0|4|0|0|0|0
d6:93:fa:6a:68:d9|0|2|0|0|0|0
92:20:5c:7a:07:b7|1|9|0|0|0|0
d2:66:19:d6:03:34|0|3|0|0|0|0
b8:27:eb:81:9a:d6|0|3|0|0|0|0
fa:ff:dd:d9:40:43|1|6|0|0|0|0
08:9e:08:bc:6c:2b|0|4|0|0|0|0
00:08:07:76:35:b7|0|8|0|0|0|0
00:24:d6:f5:65:ef|0|2|0|0|0|0
be:76:4d:84:e3:d3|2|7|0|0|0|0
36:d8:e6:3d:79:e2|0|2|0|0|0|0
ce:cd:4d:a8:01:35|1|3|0|0|0|0
3e:a3:d5:da:6b:63|0|1|0|0|0|0
ea:d2:11:45:91:04|2|11|0|0|0|0
