45
b4:e6:2d:f6:c8:79
90:9a:4a:80:85:9e|787|17|70|73|24152|1880
ff:ff:ff:ff:ff:ff|0|2701|0|37|0|6113
90:9a:4a:80:71:9a|1256|8|23|58|2619|7345
68:ff:7b:c5:ca:c9|309|0|0|0|0|0
20:aa:4b:5b:e6:4b|485|0|33|0|5498|0
b4:e6:2d:f6:c8:79|0|2|0|5|0|549
c0:06:c3:8f:c0:7b|5|10|12|9|1365|1041
c0:06:c3:8f:c7:99|2|4|6|2|399|237
01:00:5e:00:00:01|0|0|0|1|0|76
04:ea:56:43:69:3f|1|0|0|0|0|0
a4:50:46:4c:af:3b|1|3|18|3|1168|318
b0:a7:b9:89:64:1f|6|0|2|0|433|0
28:6d:cd:09:2a:ea|0|0|22|4|4413|474
01:00:5e:00:00:fb|0|0|0|4|0|685
3c:8d:20:4f:d8:e9|3|0|0|0|0|0
4e:eb:42:d0:25:09|0|1|0|0|0|0
46:24:cb:80:98:e4|0|4|0|0|0|0
01:00:5e:7f:ff:fa|0|0|0|56|0|22531
50:e0:85:84:55:94|3|16|0|0|0|0
01:00:5e:00:00:fa|0|0|0|2|0|228
04:6c:59:1b:72:04|17|38|65|3|2096|588
48:5a:b6:22:0c:7e|0|26|0|0|0|0
a6:23:9c:e5:b4:cb|2|5|0|0|0|0
33:33:00:00:00:01|0|0|0|1|0|120
9e:ab:89:2d:82:91|1|1|9|2|216|156
74:df:bf:45:ac:65|0|3|0|0|0|0
f4:f5:d8:8d:f2:58|2|2|0|0|0|0
56:68:61:2c:82:5b|1|9|0|0|0|0
20:ad:56:50:72:ef|0|1|0|0|0|0
da:a1:19:4d:ca:d3|1|4|0|0|0|0
6a:a7:b9:89:64:11|3|0|3|0|246|0
06:af:f9:a2:7c:29|0|3|0|0|0|0
54:60:09:e2:ee:aa|0|4|0|0|0|0
f0:f6:c1:d5:cb:42|0|3|0|0|0|0
1e:da:57:c1:b2:f9|1|3|0|0|0|0
6a:c2:dc:a1:ca:0a|0|3|0|0|0|0
f2:b2:80:0a:ea:79|1|0|0|0|0|0
da:a1:19:ee:ee:ee|1|9|0|0|0|0
44:07:0b:70:9e:93|1|0|0|0|0|0
38:87:d5:8a:96:cf|1|0|0|0|0|0
ee:3b:2c:0b:41:02|0|4|0|0|0|0
01:00:5e:00:00:16|0|0|0|3|0|264
1c:bf:ce:e3:fb:45|0|3|0|0|0|0
34:f6:4b:e3:9c:e8|0|2|0|0|0|0
00:08:07:76:35:b7|0|1|0|0|0|0
