38
b4:e6:2d:f6:b6:a5
68:02:b8:1e:7f:1f|1257|0|459|12|100143|312
ff:ff:ff:ff:ff:ff|0|3524|0|357|0|63714
6a:02:98:1e:7f:1f|1255|0|0|0|0|0
d8:b6:b7:7a:3a:61|1305|0|31|47|5077|1136
b4:e6:2d:f6:b6:a5|0|1|0|2|0|264
01:00:5e:7f:ff:fa|0|0|0|84|0|34122
80:1f:02:b4:07:ae|0|0|12|12|312|1484
70:ee:50:73:4e:36|0|0|32|0|830|0
b0:95:75:4b:b9:26|0|0|0|32|0|830
a4:3e:a0:a4:2a:46|0|110|0|0|0|0
26:17:dc:59:74:f7|0|0|35|1|840|26
e0:9d:31:02:83:40|0|24|0|0|0|0
70:2c:1f:8a:7c:d7|5|0|0|0|0|0
3a:05:ab:ef:f9:87|0|1|0|0|0|0
7a:11:f8:97:67:f7|0|7|0|0|0|0
bc:54:51:02:a4:f0|0|0|4|2|96|52
01:00:5e:00:00:fb|0|0|0|9|0|1977
33:33:00:00:00:fb|0|0|0|9|0|2157
e6:35:23:4e:ab:99|0|0|8|2|200|52
0e:26:0a:2f:38:6b|0|4|0|2|0|52
00:0c:e7:cd:91:cc|0|12|0|0|0|0
04:4e:af:fb:fd:77|4|0|0|0|0|0
34:7e:5c:38:ae:a0|0|1|0|0|0|0
c8:66:5d:1f:4f:54|0|12|0|0|0|0
ba:9f:31:f7:09:ae|0|39|0|0|0|0
33:33:00:00:00:01|0|0|0|3|0|584
33:33:00:00:00:02|0|0|0|1|0|96
33:33:ff:1e:b6:60|0|0|0|1|0|112
f8:77:b8:53:10:e8|6|40|0|0|0|0
64:b3:10:aa:e3:3c|0|11|0|0|0|0
f0:5c:77:1a:f1:64|0|6|0|0|0|0
01:00:5e:00:00:01|0|0|0|1|0|88
1a:87:40:a9:eb:89|0|19|0|0|0|0
33:33:00:00:00:16|0|0|0|2|0|256
01:00:5e:00:00:16|0|0|0|2|0|184
f0:72:ea:da:42:c6|0|7|0|0|0|0
84:16:f9:07:68:71|0|7|0|0|0|0
d8:8c:79:90:f4:9b|0|7|0|0|0|0
