97
b4:e6:2d:f6:b6:a5
54:be:f7:19:78:e1|158|0|3|0|933|0
ff:ff:ff:ff:ff:ff|0|3486|0|240|0|51277
68:02:b8:1e:7f:1f|962|0|228|0|45988|0
70:2e:22:8d:72:74|483|0|14|0|6668|0
ea:83:50:76:81:2c|0|5|0|0|0|0
6a:02:98:1e:7f:1f|987|0|0|0|0|0
0c:54:a5:02:31:6d|435|0|13|0|4383|0
b0:c2:87:78:a6:a2|229|0|30|0|8546|0
b2:c2:87:78:a6:a3|203|0|0|0|0|0
e6:27:67:5d:14:79|3|18|0|0|0|0
0e:54:a5:02:31:6e|398|0|0|0|0|0
6a:02:98:76:3c:e4|4|0|0|0|0|0
10:1c:0c:1a:10:10|2|21|0|0|0|0
5c:f8:21:84:a4:31|0|62|0|0|0|0
92:5c:14:cf:f6:c9|34|0|0|0|0|0
0a:6d:b5:32:f9:ce|0|1|0|0|0|0
2e:d0:c7:03:a8:a8|0|6|0|0|0|0
b4:fb:e3:fc:1e:95|0|34|0|0|0|0
5a:5d:41:ba:8a:b5|2|9|0|0|0|0
a4:3e:a0:a4:2a:46|4|31|0|0|0|0
00:0c:43:18:8e:7b|0|23|0|0|0|0
2c:33:7a:7f:1d:55|0|7|1|0|90|0
8e:f8:d8:15:62:5e|1|8|0|0|0|0
02:00:00:00:00:00|2|14|0|0|0|0
01:00:5e:7f:ff:fa|0|0|0|30|0|12923
90:5c:44:cf:f6:c9|8|0|0|0|0|0
33:33:00:00:00:01|0|0|0|4|0|816
5a:df:a9:f6:36:8d|1|8|0|0|0|0
2e:3b:43:a7:05:36|0|1|0|0|0|0
b6:73:d1:98:e3:6d|0|3|0|0|0|0
82:4f:22:50:da:be|0|2|0|0|0|0
46:22:c0:75:dc:f3|0|4|0|0|0|0
3e:3b:b1:b6:b4:38|2|8|0|0|0|0
92:00:28:c1:e4:03|0|1|0|0|0|0
f0:72:ea:da:42:c6|0|2|0|0|0|0
3a:09:e4:97:f9:60|0|1|0|0|0|0
ee:87:d3:0b:bd:d3|0|3|0|0|0|0
22:e3:7a:6e:00:51|2|2|0|0|0|0
f6:62:b2:08:a1:80|0|1|0|0|0|0
22:68:9d:a5:0c:4d|0|5|0|0|0|0
33:33:00:00:00:fb|0|0|0|2|0|286
01:80:c2:00:00:0e|0|0|0|1|0|94
da:9d:1f:24:f2:0f|0|2|0|0|0|0
7a:32:d3:5b:c1:66|1|6|0|0|0|0
01:00:5e:00:00:01|0|0|0|1|0|84
00:0c:e7:3a:2f:53|0|1|0|0|0|0
b4:e6:2d:f6:b6:a5|0|2|0|4|0|482
fa:c1:71:40:f0:dd|0|3|0|0|0|0
b2:c6:ee:3f:ef:6e|1|1|0|0|0|0
be:6e:41:1f:bc:96|1|4|0|0|0|0
9e:7e:ba:4d:9d:5e|1|4|0|0|0|0
c0:38:96:37:de:45|0|0|0|1|0|90
40:ec:99:aa:85:ac|1|9|0|0|0|0
76:45:06:36:f0:20|1|0|0|0|0|0
01:00:5e:00:00:16|0|0|0|3|0|274
12:d3:27:cb:0c:4b|3|7|0|0|0|0
4e:e3:de:87:98:6b|2|0|0|0|0|0
06:b7:d0:d5:51:b7|1|4|0|0|0|0
c6:51:43:5c:69:3e|0|1|0|0|0|0
16:cc:f1:6d:fc:39|0|3|0|0|0|0
a6:76:18:71:0e:9f|0|6|0|0|0|0
54:14:f3:ac:9d:c9|0|2|0|0|0|0
9a:b9:1f:07:c0:8b|1|10|0|0|0|0
64:b3:10:aa:e3:3c|1|8|0|0|0|0
fe:2f:e6:e2:30:e8|2|6|0|0|0|0
7e:d8:c5:e4:8e:c7|1|3|0|0|0|0
22:f4:8f:4a:8c:8e|0|4|0|0|0|0
06:50:09:90:4f:f8|1|9|0|0|0|0
fa:22:2c:fa:6c:97|0|4|0|0|0|0
4a:4a:dd:4c:33:83|1|0|0|0|0|0
1a:88:50:0c:cc:de|0|10|0|0|0|0
68:02:b8:76:3c:e4|4|0|0|0|0|0
56:d2:f9:5d:c9:f7|0|1|0|0|0|0
ca:42:3a:e0:8a:39|2|0|0|0|0|0
7e:21:0a:ad:59:8c|0|7|0|0|0|0
12:d3:27:31:61:71|0|3|0|0|0|0
d2:ef:56:7a:dc:a0|0|1|0|0|0|0
d6:83:db:8e:92:b1|0|5|0|0|0|0
de:19:c4:95:0c:c3|0|1|0|0|0|0
32:4e:7d:2d:8e:ef|0|5|0|0|0|0
01:00:5e:00:00:fc|0|0|0|1|0|94
46:47:e8:62:c9:e6|0|4|0|0|0|0
e0:76:d0:78:7a:16|0|1|0|0|0|0
01:00:5e:00:00:fb|0|0|0|2|0|188
5a:2f:53:42:e2:23|0|2|0|0|0|0
c6:90:a1:99:78:e4|0|5|0|0|0|0
ba:49:c1:a8:ab:fc|0|1|0|0|0|0
16:c7:a9:d5:42:18|0|6|0|0|0|0
de:24:17:f7:c6:ef|0|3|0|0|0|0
e8:3a:12:67:82:21|0|3|0|0|0|0
c8:66:5d:1f:4f:54|0|3|0|0|0|0
6e:ff:7d:c6:2c:71|0|10|0|0|0|0
20:68:9d:a5:0c:4d|0|1|0|0|0|0
0e:4a:af:36:27:7a|0|2|0|0|0|0
2e:29:80:d1:45:e9|0|3|0|0|0|0
5e:ba:13:91:f0:b7|0|2|0|0|0|0
ea:23:d8:81:7b:81|0|1|0|0|0|0
