52
b4:e6:2d:f6:b6:a5
d8:b6:b7:7a:3a:61|1401|0|12|56|1428|3443
ff:ff:ff:ff:ff:ff|0|3636|0|208|0|24246
68:02:b8:1e:7f:1f|1311|10|396|72|78478|2375
6a:02:98:1e:7f:1f|1249|0|0|0|0|0
2c:0e:3d:ac:4c:05|0|46|23|0|667|0
b4:e6:2d:f6:b6:a5|0|1|0|3|0|390
70:2e:22:8d:72:74|131|0|0|0|0|0
4c:fc:aa:04:03:83|0|23|0|0|0|0
01:00:5e:7f:ff:fa|0|0|0|74|0|36232
e6:35:23:4e:ab:99|0|0|8|2|200|52
00:0c:43:18:8e:7b|0|4|0|0|0|0
bc:54:51:02:a4:f0|0|0|44|2|3147|236
72:e5:8e:0d:78:ab|0|13|0|0|0|0
01:00:5e:00:00:16|0|0|0|12|0|1128
01:00:5e:00:00:fb|0|0|0|8|0|1312
33:33:00:00:00:fb|0|0|0|8|0|1472
26:17:dc:59:74:f7|0|0|4|0|96|0
a4:3e:a0:a4:2a:46|0|114|0|0|0|0
54:2a:a2:48:a3:f0|0|122|0|0|0|0
30:35:ad:7a:2f:04|0|7|0|0|0|0
33:33:ff:7f:f2:5d|0|0|0|33|0|3960
0e:26:0a:2f:38:6b|0|0|0|2|0|52
c8:66:5d:1f:4f:54|0|12|0|0|0|0
33:33:00:00:00:0c|0|0|0|12|0|5192
33:33:00:00:00:16|0|0|0|17|0|2208
33:33:00:01:00:03|0|0|0|3|0|387
01:00:5e:00:00:fc|0|0|0|3|0|327
01:80:c2:00:00:0e|0|0|0|1|0|94
4e:9b:05:55:9f:ce|13|34|49|4|1708|506
da:a1:19:a6:d7:cb|0|7|0|0|0|0
5c:f8:21:84:a4:31|0|8|0|0|0|0
33:33:ff:a7:bd:64|0|0|0|12|0|1440
80:be:05:5f:13:d9|0|1|0|0|0|0
4c:7c:d9:c7:f7:75|0|0|2|0|48|0
18:35:d1:10:b0:79|0|0|0|2|0|48
0c:54:15:5d:f1:f6|0|7|0|0|0|0
c2:07:a9:33:27:50|0|1|0|0|0|0
3e:97:4e:8e:d6:ca|0|2|0|0|0|0
64:b3:10:aa:e3:3c|0|2|0|0|0|0
01:00:5e:00:00:01|0|0|0|1|0|88
f0:5c:77:1a:f1:64|0|3|0|0|0|0
f8:f1:e6:31:4b:9f|0|8|0|0|0|0
4a:3f:6c:33:0f:ae|2|0|0|0|0|0
9a:da:37:46:b8:bd|1|0|0|0|0|0
aa:8d:f6:8f:bf:4c|2|0|0|0|0|0
4a:9b:2d:ae:b3:8b|2|0|0|0|0|0
de:62:77:05:1b:c7|2|19|0|0|0|0
f0:72:ea:da:42:c6|0|6|0|0|0|0
d8:8c:79:90:f4:9b|0|14|0|0|0|0
7e:a4:5d:0c:ec:9e|2|7|0|0|0|0
33:33:00:00:00:01|0|0|0|3|0|584
c2:45:b0:ec:8f:e4|0|9|0|0|0|0
