21
b4:e6:2d:f6:b6:a5
6a:02:98:1e:7f:1f|1171|0|0|0|0|0
ff:ff:ff:ff:ff:ff|0|2310|0|2|0|188
68:02:b8:1e:7f:1f|1215|0|3|0|390|0
b4:e6:2d:f6:b6:a5|0|2|0|3|0|390
02:aa:3f:a7:c9:b2|36|0|4|0|915|0
b8:27:eb:e1:37:8b|0|1|0|0|0|0
10:1c:0c:1a:10:10|2|0|0|0|0|0
02:aa:3f:a7:c9:b1|27|0|0|0|0|0
a4:3e:a0:a4:2a:46|0|99|0|0|0|0
58:b1:0f:56:36:08|0|11|0|0|0|0
00:f6:20:d0:d0:1d|0|1|0|0|0|0
5c:f8:21:84:a4:31|0|4|0|0|0|0
4a:b2:7f:3e:8e:ea|0|1|0|0|0|0
82:3b:a9:84:1d:9d|0|1|0|0|0|0
e4:5f:01:7e:fb:99|0|1|0|0|0|0
64:b3:10:aa:e3:3c|0|6|0|0|0|0
22:c7:a0:2b:14:58|0|6|0|0|0|0
33:33:00:00:00:0c|0|0|0|1|0|607
33:33:ff:02:17:66|0|0|0|1|0|120
3e:a0:bd:61:51:b2|0|2|0|0|0|0
c8:66:5d:1f:4f:54|0|6|0|0|0|0
