30
b4:e6:2d:f6:b6:a5
d8:b6:b7:7a:3a:61|1234|0|43|27|9417|880
ff:ff:ff:ff:ff:ff|0|3491|0|131|0|12585
68:02:b8:1e:7f:1f|1228|0|144|26|13990|824
6a:02:98:1e:7f:1f|1224|0|0|0|0|0
8e:ce:84:5f:9c:42|1|13|0|0|0|0
b4:e6:2d:f6:b6:a5|0|2|0|3|0|390
d2:a8:b0:d9:6f:53|2|0|0|0|0|0
bc:54:51:02:a4:f0|0|0|18|2|656|52
58:91:cf:92:95:be|0|6|0|0|0|0
a4:3e:a0:a4:2a:46|0|126|0|0|0|0
f0:5c:77:1a:f1:64|0|7|0|0|0|0
e6:35:23:4e:ab:99|0|0|8|2|200|52
64:b3:10:aa:e3:3c|0|8|0|0|0|0
f0:72:ea:da:42:c6|0|6|0|0|0|0
26:94:9b:c4:cd:39|0|0|26|7|824|808
01:00:5e:00:00:01|0|0|0|1|0|88
01:00:5e:00:00:fb|0|0|0|13|0|3734
33:33:00:00:00:fb|0|0|0|13|0|3974
cc:4b:73:b0:02:dc|0|6|0|0|0|0
33:33:00:00:00:16|0|0|0|4|0|512
01:00:5e:00:00:16|0|0|0|4|0|368
c8:66:5d:1f:4f:54|0|6|0|0|0|0
00:1c:bf:52:98:29|0|7|0|0|0|0
33:33:00:00:00:01|0|0|0|3|0|584
33:33:00:00:00:02|0|0|0|1|0|96
33:33:ff:1e:b6:60|0|0|0|1|0|112
0e:26:0a:2f:38:6b|0|3|0|1|0|26
2e:0d:b9:c6:34:ef|0|1|0|0|0|0
d8:8c:79:90:f4:9b|0|7|0|0|0|0
26:17:dc:59:74:f7|0|0|1|1|24|26
