30
b4:e6:2d:f6:b6:a5
68:02:b8:1e:7f:1f|1271|0|195|17|32069|598
ff:ff:ff:ff:ff:ff|0|2725|0|130|0|12076
6a:02:98:1e:7f:1f|1270|0|0|0|0|0
70:ee:50:73:4e:36|0|0|70|0|1804|0
b0:95:75:4b:b9:26|0|0|0|70|0|1804
0e:26:0a:2f:38:6b|0|0|19|1|456|26
d8:b6:b7:7a:3a:61|459|0|2|63|52|1575
b4:e6:2d:f6:b6:a5|0|1|0|4|0|485
80:58:f8:93:88:29|0|0|17|46|598|16154
64:b3:10:aa:e3:3c|0|12|0|0|0|0
bc:54:51:02:a4:f0|0|0|36|0|919|0
e8:df:70:a6:5d:05|0|20|0|0|0|0
e6:35:23:4e:ab:99|0|0|8|0|200|0
a4:3e:a0:a4:2a:46|0|55|0|0|0|0
c8:66:5d:1f:4f:54|0|23|0|0|0|0
ec:2e:98:f0:f5:27|0|1|0|0|0|0
54:2a:a2:48:a3:f0|0|100|0|0|0|0
be:15:2c:80:86:0c|0|6|0|0|0|0
7a:87:56:86:5a:6b|0|10|0|0|0|0
01:00:5e:00:00:fb|0|0|0|5|0|1231
33:33:00:00:00:fb|0|0|0|5|0|1331
ba:9f:31:f7:09:ae|0|33|0|0|0|0
04:4e:af:fb:74:d1|2|6|0|0|0|0
33:33:00:00:00:01|0|0|0|3|0|584
33:33:00:00:00:02|0|0|0|1|0|96
33:33:ff:1e:b6:60|0|0|0|1|0|112
fe:18:0a:49:91:6e|0|7|0|0|0|0
26:17:dc:59:74:f7|0|0|0|1|0|26
f2:35:08:83:35:13|0|2|0|0|0|0
20:79:18:e7:01:8a|0|1|0|0|0|0
