34
b4:e6:2d:f6:c8:79
90:9a:4a:80:85:9e|1214|0|4|1|318|24
ff:ff:ff:ff:ff:ff|0|3031|0|4|0|1056
68:ff:7b:c5:ca:c9|576|0|0|0|0|0
90:9a:4a:80:71:9a|1260|6|12|51|1216|7339
b4:e6:2d:f6:c8:79|0|2|0|4|0|471
28:6d:cd:09:2a:ea|0|0|26|2|5654|156
44:07:0b:2f:49:8b|4|0|0|0|0|0
20:aa:4b:5b:e6:4b|41|0|4|0|1056|0
20:df:b9:8e:c2:c7|2|0|0|0|0|0
22:48:f8:26:26:64|1|7|0|0|0|0
a4:50:46:4c:af:3b|0|0|12|0|696|0
c0:06:c3:8f:c7:99|2|4|6|1|399|78
44:07:0b:89:e4:ab|89|62|0|0|0|0
c0:06:c3:8f:c0:7b|4|8|7|5|590|511
bc:7f:a4:3f:59:cf|0|3|0|0|0|0
f0:ef:86:06:76:35|0|24|0|0|0|0
44:07:0b:6c:b6:e3|3|0|0|0|0|0
9e:ab:89:2d:82:91|0|11|1|3|24|234
0e:d9:76:ca:db:28|0|1|0|0|0|0
04:ea:56:43:69:3f|2|0|0|0|0|0
a4:77:33:63:f5:7e|0|3|0|0|0|0
da:a1:19:73:73:73|2|8|0|0|0|0
f4:f5:d8:8d:f2:58|2|6|0|0|0|0
ac:67:84:52:fe:0b|3|0|0|0|0|0
54:60:09:e2:ee:aa|0|5|0|0|0|0
f0:ef:86:21:66:5f|0|9|0|0|0|0
ce:24:9b:72:8a:ae|0|3|0|0|0|0
c0:87:eb:8e:48:ef|0|2|0|0|0|0
da:a1:19:20:20:20|1|4|0|0|0|0
b8:27:eb:81:9a:d6|1|0|0|0|0|0
44:07:0b:70:9e:93|1|0|0|0|0|0
4a:a2:72:ea:4c:99|2|8|0|0|0|0
01:00:5e:00:00:01|0|0|0|1|0|84
8e:bb:5c:bb:ea:2f|0|3|0|0|0|0
