22
b4:e6:2d:f6:b6:a5
68:02:b8:1e:7f:1f|1294|2|181|1|48191|155
ff:ff:ff:ff:ff:ff|0|2348|0|10|0|1360
6a:02:98:1e:7f:1f|1241|0|0|0|0|0
c8:66:5d:1f:4f:54|0|12|0|0|0|0
b4:e6:2d:f6:b6:a5|0|2|0|3|0|390
10:1c:0c:1a:10:10|5|81|1|70|155|23933
01:00:5e:00:00:02|0|0|0|4|0|320
01:00:5e:00:00:fb|0|0|0|42|0|9852
33:33:00:00:00:16|0|0|0|6|0|864
33:33:00:00:00:fb|0|0|0|38|0|10292
70:ee:50:73:4e:36|1|0|55|0|1430|0
b0:95:75:4b:b9:26|0|1|0|55|0|1430
a4:3e:a0:a4:2a:46|0|60|0|0|0|0
33:33:00:00:00:02|0|0|0|1|0|104
33:33:ff:47:43:51|0|0|0|1|0|120
33:33:ff:d2:e5:63|0|0|0|2|0|240
33:33:00:01:00:02|0|0|0|1|0|132
58:b1:0f:56:36:08|0|6|0|0|0|0
64:b3:10:aa:e3:3c|1|12|0|0|0|0
33:33:00:00:00:01|0|0|0|3|0|584
1a:6b:64:60:cf:ef|0|6|0|0|0|0
00:0c:e7:9f:79:53|0|12|0|0|0|0
