35
b4:e6:2d:f6:b6:a5
68:02:b8:1e:7f:1f|1342|0|227|0|47118|0
ff:ff:ff:ff:ff:ff|0|2399|0|159|0|15228
6a:02:98:1e:7f:1f|1335|0|0|0|0|0
b4:e6:2d:f6:b6:a5|0|2|0|3|0|390
a4:3e:a0:a4:2a:46|0|120|0|0|0|0
f8:77:b8:53:10:e8|8|88|0|0|0|0
01:00:5e:7f:ff:fa|0|0|0|60|0|30806
1a:48:ca:ed:41:a5|1|0|0|0|0|0
fe:d7:c2:ec:6d:b9|1|0|0|0|0|0
1a:48:ca:8d:41:a5|57|6|13|0|4120|0
01:00:5e:00:00:fb|0|0|0|4|0|1502
64:b3:10:aa:e3:3c|0|54|0|0|0|0
46:3d:51:46:e2:26|1|1|0|0|0|0
2a:13:b8:c8:bd:6b|0|2|0|0|0|0
f6:57:40:c4:7c:81|2|0|0|0|0|0
33:33:00:00:00:01|0|0|0|5|0|960
ea:4f:3a:fe:c7:7f|0|1|0|0|0|0
56:6e:23:57:a3:b7|0|1|0|0|0|0
33:33:00:00:00:fb|0|0|0|7|0|2088
10:1c:0c:1a:10:10|3|42|0|0|0|0
72:4e:a2:2c:6d:ae|0|2|0|0|0|0
02:10:be:29:08:d4|0|3|0|0|0|0
7e:8c:7b:9c:d6:5f|0|2|0|0|0|0
