40
b4:e6:2d:f6:c8:79
90:9a:4a:80:85:9e|630|0|0|0|0|0
ff:ff:ff:ff:ff:ff|0|2581|0|27|0|4605
a4:50:46:4c:af:3b|8|16|669|360|102103|379593
90:9a:4a:80:71:9a|1275|14|374|717|381110|110418
20:aa:4b:5b:e6:4b|520|0|27|0|4605|0
68:ff:7b:c5:ca:c9|269|0|0|0|0|0
da:a1:19:e1:3a:81|7|23|0|0|0|0
b4:e6:2d:f6:c8:79|0|2|0|3|0|376
c0:06:c3:8f:c0:7b|6|12|14|6|1602|589
28:6d:cd:09:2a:ea|0|0|29|4|6404|474
b8:27:eb:81:9a:d6|0|3|0|0|0|0
44:07:0b:70:9e:93|6|0|0|0|0|0
36:fa:88:e9:c7:3b|0|1|0|0|0|0
04:ea:56:43:69:3f|1|0|0|0|0|0
3c:8d:20:4f:d8:e9|1|0|0|0|0|0
44:07:0b:2f:49:8b|4|0|0|0|0|0
92:a0:9a:d3:9f:47|0|2|0|0|0|0
20:1f:3b:3a:bb:3d|4|0|0|0|0|0
c0:06:c3:8f:c7:99|0|0|5|1|309|78
08:9e:08:49:f2:bd|0|3|0|0|0|0
ec:5c:68:84:b1:4b|0|15|0|0|0|0
da:a1:19:a1:ec:c6|0|3|0|0|0|0
a2:e0:6c:67:3c:21|0|7|0|0|0|0
4c:fc:aa:30:f4:e9|0|1|0|0|0|0
ac:d1:b8:8d:4b:a1|0|1|0|0|0|0
f2:b2:80:0a:ea:79|1|7|0|0|0|0
86:6f:68:58:d1:65|1|6|0|0|0|0
6e:e4:48:b5:0f:66|0|3|0|0|0|0
f4:f5:d8:8d:f2:58|0|3|0|0|0|0
54:60:09:e2:ee:aa|0|1|0|0|0|0
26:4b:f5:19:a0:99|0|1|0|0|0|0
7c:b2:7d:d3:ca:b1|0|3|0|0|0|0
c0:3c:59:93:37:44|1|0|0|0|0|0
46:3b:78:62:ec:7e|0|17|10|0|240|0
c4:12:f5:d1:17:6c|0|0|0|10|0|240
1c:bf:ce:e3:fb:45|0|3|0|0|0|0
e4:5f:01:5c:9d:89|0|1|0|0|0|0
f0:ef:86:06:76:35|0|1|0|0|0|0
4e:69:e5:ca:e1:d4|0|1|0|0|0|0
f4:f5:d8:84:58:92|0|3|0|0|0|0
