33
b4:e6:2d:f6:b6:a5
68:02:b8:1e:7f:1f|1269|0|335|1|34718|26
ff:ff:ff:ff:ff:ff|0|3522|0|256|0|24663
6a:02:98:1e:7f:1f|1266|0|0|0|0|0
d8:b6:b7:7a:3a:61|1319|0|69|45|12590|1310
01:00:5e:00:00:fb|0|0|0|36|0|6865
b4:e6:2d:f6:b6:a5|0|2|0|4|0|482
01:00:5e:7f:ff:fa|0|0|0|20|0|2280
a4:3e:a0:a4:2a:46|0|121|0|0|0|0
62:45:bd:0f:13:87|1|7|0|0|0|0
4c:fc:aa:04:03:83|0|22|0|0|0|0
80:58:f8:93:88:29|0|0|1|14|26|2002
70:2e:22:8d:72:74|17|0|0|0|0|0
5c:f8:21:84:a4:31|0|1|0|0|0|0
bc:54:51:02:a4:f0|0|0|19|2|678|52
e6:35:23:4e:ab:99|0|0|8|2|200|52
01:00:5e:00:00:16|0|0|0|17|0|1566
33:33:00:00:00:01|0|0|0|3|0|584
33:33:00:00:00:02|0|0|0|1|0|96
33:33:ff:1e:b6:60|0|0|0|1|0|112
26:17:dc:59:74:f7|0|0|4|0|96|0
33:33:00:00:00:fb|0|0|0|26|0|5942
33:33:00:00:00:16|0|0|0|15|0|1900
26:94:9b:c4:cd:39|12|39|0|0|0|0
