59
b4:e6:2d:f6:c8:79
90:9a:4a:80:71:9a|1302|11|19|50|2179|8358
ff:ff:ff:ff:ff:ff|0|2240|0|6|0|776
04:6c:59:1b:72:04|31|41|261|6|6786|468
90:9a:4a:80:85:9e|1116|31|96|393|43002|9954
c0:06:c3:8f:c7:99|5|10|10|4|939|474
9e:ab:89:2d:82:91|0|44|132|38|3168|24182
b4:e6:2d:f6:c8:79|0|2|0|4|0|471
00:31:92:b2:52:69|1|0|0|0|0|0
28:6d:cd:09:2a:ea|0|0|30|5|6654|633
01:00:5e:7f:ff:fa|0|0|0|40|0|16598
4e:77:fc:e7:92:41|0|2|0|0|0|0
82:1b:dd:8a:a9:e2|0|3|0|0|0|0
26:f4:3c:97:80:39|1|3|0|0|0|0
20:aa:4b:5b:e6:4b|72|0|4|0|864|0
36:23:5f:90:fa:b3|2|3|0|0|0|0
7a:b4:ba:67:60:01|0|3|0|0|0|0
92:7c:ba:ec:69:9e|0|3|0|0|0|0
c0:06:c3:8f:c0:7b|6|11|6|6|453|601
4e:1d:20:9d:48:32|1|0|0|0|0|0
01:00:5e:00:00:fb|0|0|0|7|0|1582
24:77:03:d4:12:38|3|14|0|0|0|0
a4:50:46:4c:af:3b|0|0|4|0|312|0
4a:32:c3:fe:e2:94|2|0|0|0|0|0
5e:99:90:04:75:49|1|3|0|0|0|0
46:fe:f1:a9:0c:8c|0|5|0|0|0|0
14:5a:fc:11:63:33|12|30|0|0|0|0
4e:d5:06:11:63:8a|1|0|0|0|0|0
a4:77:33:63:f5:7e|0|3|0|0|0|0
44:07:0b:70:9e:93|6|0|0|0|0|0
ce:8a:82:6e:e6:07|0|3|0|0|0|0
c0:b5:d7:9c:6a:4b|0|25|0|0|0|0
06:08:07:dd:bd:c9|0|3|0|0|0|0
68:ff:7b:c5:ca:c9|3|0|0|0|0|0
80:e6:50:13:c7:9c|0|1|0|0|0|0
f0:72:ea:ef:27:ca|2|0|0|0|0|0
52:f8:82:4c:af:d7|0|6|0|0|0|0
c0:3c:59:93:37:44|1|0|0|0|0|0
e6:1d:78:73:e4:e3|0|1|0|0|0|0
ec:5c:68:84:b1:4b|2|12|0|0|0|0
96:44:99:92:18:1d|1|0|0|0|0|0
56:ee:21:5a:af:bf|2|6|0|0|0|0
76:be:72:c0:e7:19|1|1|0|0|0|0
5a:0f:f0:4e:48:5a|0|3|0|0|0|0
32:3a:ab:41:db:5c|0|4|0|0|0|0
f2:b2:80:0a:ea:79|1|0|0|0|0|0
f0:f6:c1:d5:cb:42|0|3|0|0|0|0
36:19:55:3a:8e:85|2|8|0|0|0|0
72:fa:6e:ce:6f:0d|0|6|0|0|0|0
82:c3:8a:4b:47:d4|1|6|0|0|0|0
76:f3:48:b7:76:51|0|6|0|0|0|0
f4:f5:d8:8d:f2:58|0|4|0|0|0|0
01:00:5e:00:00:01|0|0|0|1|0|84
e2:e1:4b:49:3d:eb|0|1|0|0|0|0
01:00:5e:00:00:16|0|0|0|2|0|176
1a:89:c2:df:af:65|0|3|0|0|0|0
da:94:fc:47:0f:ef|0|1|0|0|0|0
46:3b:78:62:ec:7e|1|13|5|0|120|0
c4:12:f5:d1:17:6c|0|0|0|5|0|120
d6:68:81:85:17:18|0|1|0|0|0|0
