32
b4:e6:2d:f6:b6:a5
d8:b6:b7:7a:3a:61|1379|0|12|124|1232|6362
ff:ff:ff:ff:ff:ff|0|3514|0|267|0|54051
68:02:b8:1e:7f:1f|1215|0|352|42|72123|1144
6a:02:98:1e:7f:1f|1214|0|0|0|0|0
01:00:5e:00:00:fb|0|0|0|9|0|2020
33:33:00:00:00:fb|0|0|0|9|0|2200
e6:35:23:4e:ab:99|0|0|42|2|4172|52
f0:72:ea:da:42:c6|0|28|0|0|0|0
70:ee:50:73:4e:36|0|0|50|0|1290|0
b0:95:75:4b:b9:26|0|0|0|50|0|1290
bc:54:51:02:a4:f0|0|0|30|2|942|52
80:58:f8:93:88:29|0|0|42|25|1144|6154
01:00:5e:00:00:16|0|0|0|2|0|176
0e:26:0a:2f:38:6b|0|0|3|0|72|0
01:00:5e:7f:ff:fa|0|0|0|36|0|7236
a4:3e:a0:a4:2a:46|0|130|0|0|0|0
26:17:dc:59:74:f7|0|0|49|2|1176|52
f0:5c:77:1a:f1:64|0|7|0|0|0|0
00:1c:bf:52:98:29|0|21|0|0|0|0
b4:e6:2d:f6:b6:a5|0|2|0|4|0|482
da:a1:19:b3:a5:9b|0|38|0|0|0|0
84:16:f9:07:68:71|0|7|0|0|0|0
