53
b4:e6:2d:f6:b6:a5
d8:b6:b7:7a:3a:61|1314|0|27|69|3152|1884
ff:ff:ff:ff:ff:ff|0|3515|0|299|0|57172
e6:35:23:4e:ab:99|0|0|10|2|248|52
68:02:b8:1e:7f:1f|1262|0|347|13|66004|442
6a:02:98:1e:7f:1f|1254|0|0|0|0|0
b4:e6:2d:f6:b6:a5|0|2|0|3|0|390
80:58:f8:93:88:29|0|0|13|7|442|812
a4:3e:a0:a4:2a:46|0|66|0|0|0|0
70:ee:50:73:4e:36|0|0|27|0|694|0
b0:95:75:4b:b9:26|0|0|0|27|0|694
26:17:dc:59:74:f7|0|0|17|2|408|52
72:3a:f6:12:03:4f|0|14|0|0|0|0
4a:28:07:23:0f:d0|0|6|0|0|0|0
36:33:e6:7b:4a:42|0|8|0|0|0|0
0e:26:0a:2f:38:6b|0|0|18|2|432|52
bc:54:51:02:a4:f0|0|0|24|2|796|52
4e:e6:e0:b0:08:57|0|13|0|0|0|0
96:44:c4:69:4e:9f|0|24|0|0|0|0
c8:66:5d:1f:4f:54|0|6|0|0|0|0
a2:40:7e:61:74:29|0|14|0|0|0|0
ca:fe:3f:b6:ef:91|0|18|0|0|0|0
01:00:5e:00:00:fb|0|0|0|13|0|2754
33:33:00:00:00:fb|0|0|0|13|0|3014
ca:1d:80:1f:06:64|0|4|0|0|0|0
33:33:00:00:00:16|0|0|0|6|0|744
01:00:5e:00:00:16|0|0|0|7|0|650
f0:72:ea:da:42:c6|0|7|0|0|0|0
86:4c:8c:2a:16:7b|0|19|0|0|0|0
0a:d4:6f:72:56:54|0|7|0|0|0|0
64:b3:10:aa:e3:3c|0|7|0|0|0|0
52:98:58:e4:c9:37|0|1|0|0|0|0
fa:0a:19:60:79:f6|0|7|0|0|0|0
1e:cc:b1:df:5b:bc|0|7|0|0|0|0
00:1c:bf:52:98:29|0|7|0|0|0|0
58:91:cf:92:d9:66|0|7|0|0|0|0
92:13:7d:c8:90:3e|0|4|0|0|0|0
33:33:00:00:00:01|0|0|0|3|0|584
33:33:00:00:00:02|0|0|0|1|0|96
33:33:ff:1e:b6:60|0|0|0|1|0|112
66:ee:3c:26:d3:66|1|0|0|0|0|0
92:ac:22:dd:15:6d|0|3|0|0|0|0
01:00:5e:00:00:01|0|0|0|1|0|88
4e:5c:57:e1:26:d1|0|4|0|0|0|0
01:00:5e:7f:ff:fa|0|0|0|10|0|2294
33:33:00:01:00:03|0|0|0|1|0|129
01:00:5e:00:00:fc|0|0|0|1|0|109
ee:4d:d9:2d:cd:55|0|7|0|0|0|0
