43
b4:e6:2d:f6:b6:a5
68:02:b8:1e:7f:1f|1257|0|847|0|147126|0
ff:ff:ff:ff:ff:ff|0|3517|0|363|0|71291
6a:02:98:1e:7f:1f|1256|0|0|0|0|0
d8:b6:b7:7a:3a:61|1337|0|8|98|270|2745
b4:e6:2d:f6:b6:a5|0|1|0|3|0|390
33:33:00:01:00:02|0|0|0|3|0|536
33:33:00:00:00:16|0|0|0|43|0|5532
33:33:00:00:00:fb|0|0|0|118|0|15566
33:33:ff:f7:09:9c|0|0|0|2|0|224
a4:3e:a0:a4:2a:46|0|110|0|0|0|0
33:33:00:00:00:02|0|0|0|1|0|96
e6:35:23:4e:ab:99|0|0|24|2|688|52
33:33:ff:1e:b6:60|0|0|0|1|0|120
33:33:ff:72:1f:58|0|0|0|2|0|232
33:33:00:00:00:01|0|0|0|6|0|944
33:33:00:01:00:03|0|0|0|75|0|8883
01:80:c2:00:00:0e|0|0|0|4|0|376
0e:26:0a:2f:38:6b|0|0|22|2|528|52
4e:9b:05:55:9f:ce|8|105|0|0|0|0
01:00:5e:00:00:16|0|0|0|17|0|1602
d8:8c:79:90:f4:9b|0|7|0|0|0|0
01:00:5e:00:00:fb|0|0|0|89|0|9746
01:00:5e:00:00:fc|0|0|0|56|0|5510
da:a1:19:93:21:0a|0|7|0|0|0|0
bc:54:51:02:a4:f0|0|0|39|1|1217|26
26:17:dc:59:74:f7|0|0|13|2|312|52
a4:97:33:5c:97:51|0|7|0|0|0|0
01:00:5e:00:00:02|0|0|0|2|0|180
01:00:5e:00:00:01|0|0|0|1|0|88
f0:72:ea:da:42:c6|0|11|0|0|0|0
01:00:5e:7f:ff:fa|0|0|0|34|0|13185
33:33:00:00:00:0c|0|0|0|28|0|12713
c8:66:5d:1f:4f:54|0|6|0|0|0|0
12:b8:45:e3:05:2f|0|7|0|0|0|0
84:16:f9:07:68:71|0|14|0|0|0|0
0c:54:15:5d:f1:f6|0|7|0|0|0|0
70:ee:50:73:4e:36|0|0|27|0|702|0
b0:95:75:4b:b9:26|0|0|0|27|0|702
64:b3:10:aa:e3:3c|0|25|0|0|0|0
00:1c:bf:52:98:29|0|13|0|0|0|0
f0:5c:77:1a:f1:64|0|7|0|0|0|0
d2:26:c5:4f:58:31|0|7|0|0|0|0
0c:cb:85:ac:77:55|0|7|0|0|0|0
