31
b4:e6:2d:f6:b6:a5
d8:b6:b7:7a:3a:61|847|0|7|24|244|584
ff:ff:ff:ff:ff:ff|0|3180|0|7|0|532
68:02:b8:1e:7f:1f|1243|0|41|0|5520|0
6a:02:98:1e:7f:1f|1239|0|0|0|0|0
70:2e:22:8d:72:74|78|0|2|0|693|0
80:58:f8:93:88:29|0|0|0|11|0|1426
0e:f1:b1:8c:c8:61|4|16|0|0|0|0
be:0f:ce:48:94:64|3|18|0|0|0|0
b4:e6:2d:f6:b6:a5|0|2|0|4|0|482
f0:72:ea:da:42:c6|0|2|0|0|0|0
a4:3e:a0:a4:2a:46|0|133|0|0|0|0
4c:fc:aa:04:03:83|0|11|0|0|0|0
e6:35:23:4e:ab:99|0|0|10|2|248|52
5c:f8:21:84:a4:31|0|9|0|0|0|0
0e:26:0a:2f:38:6b|0|0|13|0|312|0
26:17:dc:59:74:f7|0|0|0|2|0|52
01:00:5e:00:00:fb|0|0|0|7|0|1304
bc:54:51:02:a4:f0|0|0|1|2|24|52
da:0a:3d:e8:d9:87|0|1|0|0|0|0
2c:0e:3d:ac:4c:05|0|0|0|3|0|276
26:d4:5c:4c:b8:0c|2|17|0|0|0|0
c8:66:5d:1f:4f:54|0|6|0|0|0|0
5c:f5:da:b6:d8:02|0|1|0|0|0|0
01:00:5e:00:00:01|0|0|0|1|0|88
33:33:00:00:00:fb|0|0|0|6|0|1248
33:33:00:00:00:16|0|0|0|2|0|248
01:00:5e:00:00:16|0|0|0|2|0|180
f0:5c:77:1a:f1:64|0|1|0|0|0|0
01:00:5e:7f:ff:fa|0|0|0|1|0|517
64:b3:10:aa:e3:3c|0|16|0|0|0|0
c6:26:e5:38:b5:9f|0|3|0|0|0|0
