22
b4:e6:2d:f6:b6:a5
68:02:b8:1e:7f:1f|1279|0|87|0|16372|0
ff:ff:ff:ff:ff:ff|0|2350|0|7|0|832
6a:02:98:1e:7f:1f|1252|0|0|0|0|0
b4:e6:2d:f6:b6:a5|0|1|0|4|0|482
a4:3e:a0:a4:2a:46|0|59|0|0|0|0
10:1c:0c:1a:10:10|4|61|0|28|0|4404
33:33:00:00:00:01|0|0|0|3|0|584
70:ee:50:73:4e:36|0|0|2|0|52|0
44:fe:3b:a8:69:27|0|0|0|2|0|52
c8:66:5d:1f:4f:54|0|12|0|0|0|0
1a:87:40:98:68:16|0|18|0|0|0|0
fe:4d:15:9d:79:9f|2|12|0|0|0|0
9c:5d:12:d7:43:d4|0|6|0|0|0|0
64:b3:10:aa:e3:3c|0|18|0|0|0|0
01:00:5e:00:00:fb|0|0|0|19|0|4391
33:33:00:00:00:fb|0|0|0|17|0|4571
33:33:00:00:00:16|0|0|0|3|0|472
01:00:5e:00:00:02|0|0|0|2|0|160
33:33:00:00:00:02|0|0|0|1|0|104
33:33:ff:47:43:51|0|0|0|1|0|120
33:33:ff:e9:3f:9e|0|0|0|1|0|120
33:33:00:01:00:02|0|0|0|1|0|132
