58
b4:e6:2d:f6:c8:79
20:aa:4b:5b:e6:4b|553|0|35|0|6151|0
ff:ff:ff:ff:ff:ff|0|2876|0|34|0|6037
90:9a:4a:80:85:9e|1149|0|0|0|0|0
90:9a:4a:80:71:9a|1276|4|27|64|3071|9592
b4:e6:2d:f6:c8:79|0|2|0|4|0|454
f6:38:d9:45:84:f3|0|3|0|0|0|0
68:ff:7b:c5:ca:c9|104|0|8|32|1534|768
28:6d:cd:09:2a:ea|0|0|33|7|7313|951
f4:f5:d8:8d:f2:58|0|3|0|0|0|0
d6:5a:6f:eb:1a:82|1|8|0|0|0|0
b8:27:eb:81:9a:d6|0|1|0|0|0|0
5e:1c:f3:e3:96:b6|2|12|0|0|0|0
f0:ef:86:05:a3:fa|0|10|0|0|0|0
30:07:4d:7d:5d:46|0|3|0|0|0|0
44:07:0b:2f:49:8b|6|0|0|0|0|0
c0:06:c3:8f:c0:7b|4|8|9|7|893|691
54:3a:d6:77:88:6e|0|5|0|0|0|0
a4:50:46:4c:af:3b|0|3|15|3|774|345
01:00:5e:00:00:fa|0|0|0|1|0|114
5e:bd:0d:64:75:2a|0|3|0|0|0|0
ea:c3:fb:26:bc:2a|2|5|0|0|0|0
fa:1c:13:a3:53:37|0|3|0|0|0|0
20:1f:3b:3a:bb:3d|2|0|0|0|0|0
44:07:0b:70:9e:93|4|0|0|0|0|0
48:5a:b6:22:0c:7e|0|19|0|0|0|0
c6:dc:b5:72:b8:2f|0|4|0|0|0|0
c0:06:c3:8f:c7:99|0|0|7|6|612|630
a6:b7:3d:d5:3f:5d|0|18|0|0|0|0
da:da:5b:45:e0:29|0|4|0|0|0|0
9a:cb:20:cb:9f:df|0|12|0|0|0|0
6e:68:de:2e:13:2c|0|2|0|0|0|0
74:e5:f9:00:9d:f3|0|3|0|0|0|0
2a:21:3b:28:6d:7c|1|6|0|0|0|0
50:e0:85:84:55:94|2|16|0|0|0|0
01:00:5e:00:00:fb|0|0|0|4|0|1202
b6:50:e2:40:c3:dc|2|5|0|0|0|0
d2:77:f1:9d:1f:e4|0|1|0|0|0|0
1e:aa:69:e7:a9:00|0|12|0|0|0|0
96:45:69:0e:3c:3b|0|3|0|0|0|0
fe:9d:eb:97:37:6c|1|0|0|0|0|0
1a:a5:c3:61:4f:b6|0|0|32|2|768|156
24:77:03:d4:12:38|2|7|0|0|0|0
72:54:3a:bc:9a:a1|0|2|0|0|0|0
c2:e6:96:8b:33:c4|0|4|0|0|0|0
5c:5f:67:4a:d7:b0|1|5|0|0|0|0
9c:5a:81:3c:9b:3b|0|5|0|0|0|0
01:00:5e:00:00:16|0|0|0|2|0|176
