30
b4:e6:2d:f6:b6:a5
d8:b6:b7:7a:3a:61|703|0|33|79|6609|2128
ff:ff:ff:ff:ff:ff|0|2978|0|328|0|61670
68:02:b8:1e:7f:1f|1247|0|433|0|90065|0
26:17:dc:59:74:f7|0|0|37|2|888|52
6a:02:98:1e:7f:1f|1250|0|0|0|0|0
33:33:00:00:00:16|0|0|0|3|0|384
01:00:5e:00:00:16|0|0|0|8|0|744
b4:e6:2d:f6:b6:a5|0|1|0|3|0|390
01:00:5e:00:00:fb|0|0|0|11|0|2965
33:33:00:00:00:fb|0|0|0|12|0|3506
bc:54:51:02:a4:f0|0|0|24|2|800|52
01:00:5e:7f:ff:fa|0|0|0|90|0|26223
c8:66:5d:1f:4f:54|0|11|0|0|0|0
a4:3e:a0:a4:2a:46|0|116|0|0|0|0
e6:35:23:4e:ab:99|0|0|8|2|200|52
0e:26:0a:2f:38:6b|0|0|10|2|240|52
00:1c:bf:52:98:29|0|6|0|0|0|0
8e:ce:84:5f:9c:42|2|19|0|0|0|0
f0:5c:77:1a:f1:64|0|6|0|0|0|0
33:33:00:00:00:01|0|0|0|3|0|584
92:d3:51:92:bb:1a|1|6|0|0|0|0
d8:8c:79:90:f4:9b|0|4|0|0|0|0
90:f1:aa:b8:e7:07|2|27|0|0|0|0
80:1f:02:b4:07:ae|3|0|0|0|0|0
b6:cf:77:cd:86:57|0|2|0|0|0|0
f0:72:ea:da:42:c6|0|3|0|0|0|0
64:b3:10:aa:e3:3c|0|8|0|0|0|0
84:16:f9:07:68:71|0|11|0|0|0|0
8c:c5:b4:3b:6e:56|0|8|0|0|0|0
0c:54:15:5d:f1:f6|0|2|0|0|0|0
