73
b4:e6:2d:f6:c8:79
90:9a:4a:80:85:9e|1097|0|32|7|14859|168
ff:ff:ff:ff:ff:ff|0|3798|0|3|0|416
68:ff:7b:c5:ca:c9|840|0|43|0|6451|0
90:9a:4a:80:71:9a|1329|29|40772|3059|53368139|352034
20:aa:4b:5b:e6:4b|803|0|3|0|416|0
28:6d:cd:09:2a:ea|0|0|36|22|7616|2972
9e:ab:89:2d:82:91|0|3|7|5|168|390
00:24:d6:f5:65:ef|0|3|0|0|0|0
da:a1:19:7f:48:03|0|5|0|0|0|0
a4:50:46:4c:af:3b|23|62|3005|40735|342270|53362996
c2:70:bd:98:d5:c8|1|6|0|0|0|0
b4:e6:2d:f6:c8:79|0|1|0|4|0|454
da:a1:19:3a:9b:ff|0|4|0|0|0|0
da:a1:19:56:32:03|0|6|0|0|0|0
f0:ef:86:06:76:35|0|9|0|0|0|0
c0:06:c3:8f:c7:99|5|9|8|4|1064|941
da:a1:19:f5:88:c5|0|4|0|0|0|0
da:a1:19:c3:e4:98|0|1|0|0|0|0
a0:78:17:a1:19:64|0|0|0|26|0|2517
c0:06:c3:8f:c0:7b|4|8|10|7|1084|776
01:00:5e:00:00:fb|0|0|0|16|0|3850
f4:f5:d8:84:58:92|0|1|0|0|0|0
e4:5f:01:5c:9d:89|0|4|0|0|0|0
da:a1:19:09:df:5c|0|2|0|0|0|0
f4:f5:d8:8d:f2:58|1|8|0|0|0|0
da:a1:19:48:36:00|0|4|0|0|0|0
da:a1:19:55:40:0d|0|1|0|0|0|0
da:a1:19:07:38:a2|0|1|0|0|0|0
44:07:0b:2f:49:8b|13|0|0|0|0|0
da:a1:19:67:60:1b|0|4|0|0|0|0
54:60:09:e2:ee:aa|0|4|0|0|0|0
da:a1:19:c8:51:53|0|2|0|0|0|0
da:a1:19:45:e2:73|0|9|0|0|0|0
da:a1:19:f0:00:94|1|2|0|0|0|0
da:a1:19:e0:bc:f0|2|7|0|0|0|0
da:a1:19:a7:08:bd|1|3|0|0|0|0
da:a1:19:d4:3b:8f|0|10|0|0|0|0
26:b7:60:32:44:eb|4|8|0|0|0|0
da:a1:19:19:78:12|2|4|0|0|0|0
08:9e:08:bc:6c:2b|0|3|0|0|0|0
da:a1:19:27:bc:30|1|9|0|0|0|0
01:00:5e:00:00:01|0|0|0|1|0|84
da:a1:19:66:75:49|1|7|0|0|0|0
20:f4:78:24:ce:e8|0|4|0|0|0|0
da:a1:19:a4:4b:cc|1|1|0|0|0|0
da:a1:19:ff:81:11|1|3|0|0|0|0
94:e2:3c:2c:75:7c|0|2|0|0|0|0
da:a1:19:e4:8d:e8|2|6|0|0|0|0
da:a1:19:19:61:f0|1|3|0|0|0|0
01:00:5e:7f:ff:fa|0|0|0|27|0|14469
a2:e0:6c:67:3c:21|0|6|1|0|24|0
da:a1:19:d5:f2:fc|1|3|0|0|0|0
da:a1:19:37:3c:65|1|4|0|0|0|0
da:0b:d6:9c:98:e9|1|4|0|0|0|0
da:a1:19:28:b5:52|1|5|0|0|0|0
da:a1:19:0e:00:77|0|4|0|0|0|0
a2:f6:f0:4e:c1:38|0|1|0|0|0|0
da:a1:19:f9:1b:fa|0|6|0|0|0|0
da:a1:19:db:85:17|1|4|0|0|0|0
be:dd:f0:64:88:73|0|3|0|0|0|0
da:a1:19:ac:a7:20|1|2|0|0|0|0
44:07:0b:70:9e:93|2|0|0|0|0|0
c8:b3:73:1d:6a:02|0|0|0|1|0|24
da:a1:19:be:d8:de|2|2|0|0|0|0
42:ee:2d:1a:86:62|0|2|0|0|0|0
da:a1:19:19:56:eb|2|9|0|0|0|0
44:07:0b:89:e4:ab|12|0|0|0|0|0
da:a1:19:5f:cd:7a|1|5|0|0|0|0
c6:cb:d2:26:81:ec|0|2|0|0|0|0
00:08:07:76:35:b7|0|6|0|0|0|0
06:6e:cc:0b:3e:42|0|27|0|0|0|0
00:08:03:bf:74:c3|0|2|0|0|0|0
da:a1:19:a8:85:ac|0|1|0|0|0|0
