47
b4:e6:2d:f6:c8:79
90:9a:4a:80:85:9e|1180|0|0|0|0|0
ff:ff:ff:ff:ff:ff|0|3592|0|60|0|11919
68:ff:7b:c5:ca:c9|491|0|0|0|0|0
90:9a:4a:80:71:9a|1277|10|57|97|6719|11671
20:aa:4b:5b:e6:4b|754|0|62|97|12160|2328
b4:e6:2d:f6:c8:79|0|5|0|4|0|471
94:9f:3e:84:df:5a|34|6|0|0|0|0
f2:d3:ca:0e:6c:7a|0|0|1|0|24|0
f4:cf:e2:ea:1e:e2|0|0|0|1|0|24
54:60:09:e2:ee:aa|0|9|0|0|0|0
c0:06:c3:8f:c7:99|5|10|10|15|1112|1880
cc:50:e3:f0:6b:20|0|0|97|0|2328|0
28:6d:cd:09:2a:ea|0|0|40|25|8463|3052
48:5a:b6:22:0c:7e|0|14|0|0|0|0
f0:ef:86:05:a3:fa|0|14|0|0|0|0
f4:f5:d8:8d:f2:58|5|6|0|0|0|0
c0:06:c3:8f:c0:7b|4|8|11|11|1108|1136
a4:50:46:4c:af:3b|10|29|36|2|988|180
02:00:00:00:00:00|0|3|0|0|0|0
08:9e:08:bc:6c:2b|0|8|0|0|0|0
3c:8d:20:4f:d8:e9|6|0|0|0|0|0
7a:c1:69:50:3e:29|0|3|0|0|0|0
92:ca:42:c5:51:cd|0|3|0|0|0|0
33:33:00:00:00:01|0|0|0|1|0|120
54:60:09:01:a1:78|2|0|0|0|0|0
1a:c7:f7:25:a0:ec|9|5|0|0|0|0
01:00:5e:00:00:fb|0|0|0|1|0|121
44:07:0b:70:9e:93|6|0|0|0|0|0
00:08:07:76:35:b7|0|3|0|0|0|0
32:c3:ce:6e:c0:34|0|2|0|0|0|0
b8:27:eb:81:9a:d6|1|8|0|0|0|0
bc:98:df:26:20:89|0|2|0|0|0|0
ba:df:59:fb:38:07|0|2|0|0|0|0
44:07:0b:6c:b6:e3|2|0|0|0|0|0
ca:f6:11:16:a6:b6|2|4|1|0|24|0
50:e0:85:84:55:94|3|17|0|0|0|0
44:07:0b:89:e4:ab|7|0|0|0|0|0
44:07:0b:60:bf:75|1|0|0|0|0|0
38:8b:59:29:24:78|4|0|0|0|0|0
e0:dc:ff:db:25:97|0|1|0|0|0|0
74:df:bf:45:ac:65|0|8|0|0|0|0
9a:d5:f2:19:65:87|0|14|0|0|0|0
46:3b:78:62:ec:7e|1|8|17|0|408|0
c4:12:f5:d1:17:6c|0|0|0|17|0|408
c8:58:c0:c4:71:ce|0|9|0|0|0|0
64:d1:a3:3c:1d:a0|0|0|0|1|0|24
