35
b4:e6:2d:f6:b6:a5
d8:b6:b7:7a:3a:61|1276|0|20|39|3483|1220
ff:ff:ff:ff:ff:ff|0|3476|0|332|0|63966
68:02:b8:1e:7f:1f|1239|0|673|0|127774|0
6a:02:98:1e:7f:1f|1231|0|0|0|0|0
b4:e6:2d:f6:b6:a5|0|2|0|5|0|577
e6:35:23:4e:ab:99|0|0|15|1|368|26
a4:3e:a0:a4:2a:46|0|148|0|0|0|0
01:00:5e:7f:ff:fa|0|0|0|24|0|12844
33:33:00:00:00:0c|0|0|0|8|0|10248
bc:54:51:02:a4:f0|0|0|24|3|852|262
01:00:5e:00:00:fb|0|0|0|107|0|17752
33:33:00:00:00:fb|0|0|0|80|0|10894
33:33:00:01:00:03|0|0|0|38|0|4510
01:00:5e:00:00:fc|0|0|0|38|0|3750
26:84:b5:a5:01:fc|0|7|0|0|0|0
f0:5c:77:1a:f1:64|0|7|0|0|0|0
33:33:00:00:00:01|0|0|0|6|0|944
26:17:dc:59:74:f7|0|0|0|2|0|52
0c:54:15:5d:f1:f6|0|14|0|0|0|0
dc:41:a9:b1:30:a0|0|12|0|0|0|0
01:00:5e:00:00:16|0|0|0|20|0|1840
33:33:ff:ef:74:e1|0|0|0|4|0|448
33:33:ff:7f:f2:5d|0|0|0|3|0|344
33:33:00:00:00:02|0|0|0|1|0|96
33:33:00:00:00:16|0|0|0|19|0|2496
33:33:ff:1e:b6:60|0|0|0|1|0|120
01:00:5e:00:00:01|0|0|0|1|0|88
5c:f5:da:b6:d8:02|0|2|0|0|0|0
00:1c:bf:52:98:29|0|5|0|0|0|0
64:b3:10:aa:e3:3c|0|12|0|0|0|0
c8:66:5d:1f:4f:54|0|12|0|0|0|0
84:16:f9:07:68:71|0|7|0|0|0|0
26:94:9b:c4:cd:39|4|14|0|0|0|0
80:be:05:5f:13:d9|0|7|0|0|0|0
8e:ce:84:5f:9c:42|2|27|0|0|0|0
