40
b4:e6:2d:f6:b6:a5
d8:b6:b7:7a:3a:61|1315|0|21|120|3003|3114
ff:ff:ff:ff:ff:ff|0|3519|0|139|0|42653
68:02:b8:1e:7f:1f|1270|0|148|0|44036|0
6a:02:98:1e:7f:1f|1270|0|0|0|0|0
7a:31:c9:c8:97:bb|0|13|0|0|0|0
00:1c:bf:52:98:29|0|27|0|0|0|0
01:00:5e:7f:ff:fa|0|0|0|6|0|1442
b4:e6:2d:f6:b6:a5|0|1|0|5|0|654
a4:3e:a0:a4:2a:46|0|148|0|0|0|0
64:b3:10:aa:e3:3c|1|20|0|0|0|0
0e:26:0a:2f:38:6b|0|0|79|2|1896|52
e6:35:23:4e:ab:99|0|0|8|2|200|52
26:f1:49:2b:1f:d5|1|13|0|0|0|0
bc:54:51:02:a4:f0|0|0|21|3|730|262
56:24:ea:98:7c:9d|2|13|0|0|0|0
70:ee:50:73:4e:36|0|0|27|0|702|0
b0:95:75:4b:b9:26|0|0|0|27|0|702
82:87:c8:63:89:71|0|9|0|0|0|0
ca:0d:e9:f8:26:6e|0|7|0|0|0|0
26:17:dc:59:74:f7|0|0|12|2|288|52
de:1e:6f:67:47:7f|1|1|0|0|0|0
ca:a1:cd:f4:97:4e|0|11|0|0|0|0
ae:df:9f:dd:66:17|0|7|0|0|0|0
c8:66:5d:1f:4f:54|0|24|0|0|0|0
01:00:5e:00:00:01|0|0|0|1|0|88
5e:0c:43:56:d3:c3|2|3|0|0|0|0
de:df:83:ce:bf:73|0|1|0|0|0|0
0e:32:2f:1f:83:82|0|1|0|0|0|0
06:79:9a:53:5b:22|1|9|0|0|0|0
d6:97:ad:27:cc:8a|0|6|0|0|0|0
01:00:5e:00:00:fb|0|0|0|3|0|570
33:33:00:00:00:fb|0|0|0|3|0|630
b6:18:b2:63:5c:9f|0|7|0|0|0|0
33:33:00:00:00:01|0|0|0|3|0|584
fa:8c:e9:be:ea:da|1|0|0|0|0|0
9a:cb:fc:b9:73:82|0|7|0|0|0|0
22:a8:26:70:5e:d9|0|1|0|0|0|0
22:26:21:ed:f4:fe|0|3|0|0|0|0
d8:8c:79:90:f4:9b|0|7|0|0|0|0
e6:a8:67:ee:27:04|0|6|0|0|0|0
