38
b4:e6:2d:f6:b6:a5
68:02:b8:1e:7f:1f|1254|0|157|0|16349|0
ff:ff:ff:ff:ff:ff|0|2972|0|122|0|11468
6a:02:98:1e:7f:1f|1253|0|0|0|0|0
d8:b6:b7:7a:3a:61|731|0|7|47|244|1296
b4:e6:2d:f6:b6:a5|0|1|0|3|0|390
bc:54:51:02:a4:f0|0|0|3|2|74|52
01:00:5e:00:00:fb|0|0|0|18|0|2459
9c:5d:12:d7:43:d4|0|6|0|0|0|0
a4:3e:a0:a4:2a:46|0|121|0|0|0|0
4e:9b:05:55:9f:ce|1|12|0|0|0|0
62:be:c9:ea:3d:3a|1|0|0|0|0|0
da:a1:19:4b:83:37|1|0|0|0|0|0
32:d5:d8:ed:11:0b|0|6|0|0|0|0
62:89:66:12:71:43|2|0|0|0|0|0
06:75:d5:fa:bc:68|0|2|0|0|0|0
5a:f4:4c:c6:43:d8|0|2|0|0|0|0
0e:26:0a:2f:38:6b|0|0|10|2|240|52
e6:35:23:4e:ab:99|0|0|21|0|670|0
0c:54:15:5d:f1:f6|0|3|0|0|0|0
3e:2c:02:84:3d:87|0|6|0|0|0|0
f0:72:ea:da:42:c6|0|2|0|0|0|0
c8:66:5d:1f:4f:54|0|7|0|0|0|0
26:17:dc:59:74:f7|0|0|13|2|312|52
