72
b4:e6:2d:f6:c8:79
90:9a:4a:80:71:9a|1275|6|12|45|1188|8303
ff:ff:ff:ff:ff:ff|0|3014|0|46|0|7846
90:9a:4a:80:85:9e|1246|42|286|513|344941|12704
20:aa:4b:5b:e6:4b|687|0|45|48|7676|1152
04:6c:59:1b:72:04|37|56|196|4|5096|312
9e:ab:89:2d:82:91|5|19|317|233|7608|326280
cc:50:e3:f0:6b:20|0|0|48|0|1152|0
ac:67:84:5b:07:e3|15|62|0|0|0|0
b4:e6:2d:f6:c8:79|0|1|0|5|0|549
28:6d:cd:09:2a:ea|0|0|31|2|7167|156
01:00:5e:00:00:fa|0|0|0|1|0|114
84:e3:42:4b:9d:4f|23|0|0|0|0|0
c0:06:c3:8f:c0:7b|2|5|8|1|614|78
01:00:5e:00:00:01|0|0|0|2|0|160
01:00:5e:7f:ff:fa|0|0|0|40|0|17301
44:07:0b:60:bf:75|3|0|0|0|0|0
f0:ef:86:05:a3:fa|0|16|0|0|0|0
da:86:7c:81:b0:c9|2|0|0|0|0|0
f0:ef:86:06:76:35|0|1|0|0|0|0
68:ff:7b:c5:ca:c9|22|0|0|0|0|0
02:00:00:00:00:00|1|14|0|0|0|0
c0:3c:59:74:68:2d|0|2|0|0|0|0
01:00:5e:00:00:16|0|0|0|1|0|88
1a:44:9a:12:51:91|0|2|0|0|0|0
f4:f5:d8:8d:f2:58|6|2|0|0|0|0
c0:06:c3:8f:c7:99|4|8|6|4|522|405
22:1c:14:3b:3f:4c|0|4|0|0|0|0
3c:8d:20:4f:d8:e9|3|0|0|0|0|0
bc:54:2f:5e:b7:f3|2|3|0|0|0|0
84:d8:1b:29:48:82|5|0|0|0|0|0
76:aa:b4:29:cc:ba|0|1|0|0|0|0
7e:d7:9c:90:de:b6|4|20|0|0|0|0
92:da:e6:71:62:26|0|3|0|0|0|0
7c:2e:bd:f4:94:ee|10|0|0|0|0|0
de:45:4c:ce:1a:1d|0|1|0|0|0|0
44:07:0b:70:9e:93|1|0|0|0|0|0
54:60:09:01:a1:78|4|0|0|0|0|0
01:00:5e:00:00:fb|0|0|0|4|0|516
ea:88:cc:7f:2f:25|0|2|0|0|0|0
1a:9d:c2:6a:09:69|0|4|0|0|0|0
fe:e0:ca:18:06:f2|0|3|0|0|0|0
00:08:07:76:35:b7|0|3|0|0|0|0
3e:00:71:1b:1e:2b|0|2|0|0|0|0
06:d0:eb:d7:c7:04|0|2|0|0|0|0
b8:27:eb:81:9a:d6|2|2|0|0|0|0
7e:81:57:ee:5c:78|0|1|0|0|0|0
54:60:09:e2:ee:aa|0|2|0|0|0|0
