31
b4:e6:2d:f6:b6:a5
68:02:b8:1e:7f:1f|1323|0|194|9|41616|390
a4:3e:a0:a4:2a:46|0|144|0|0|0|0
6a:02:98:1e:7f:1f|1322|0|0|0|0|0
ff:ff:ff:ff:ff:ff|0|2463|0|128|0|11906
b4:e6:2d:f6:b6:a5|0|1|0|3|0|390
01:00:5e:7f:ff:fa|0|0|0|56|0|28872
04:4e:af:fb:fd:77|19|0|0|0|0|0
02:aa:3f:a7:c9:b1|66|0|0|0|0|0
02:aa:3f:a7:c9:b2|38|0|11|0|3585|0
01:00:5e:00:00:fb|0|0|0|5|0|1117
54:2a:a2:48:a3:f0|0|84|0|0|0|0
33:33:00:00:00:fb|0|0|0|3|0|705
33:33:00:00:00:16|0|0|0|2|0|248
c8:66:5d:1f:4f:54|0|12|0|0|0|0
9c:32:ce:15:f6:3e|0|0|9|0|234|0
68:02:b8:2e:8d:67|0|0|0|9|0|234
62:11:69:e3:6b:fa|0|2|0|0|0|0
33:33:00:00:00:0c|0|0|0|2|0|1079
4e:9b:05:55:9f:ce|0|0|9|1|390|92
33:33:00:00:00:01|0|0|0|3|0|584
33:33:00:00:00:02|0|0|0|1|0|96
33:33:ff:1e:b6:60|0|0|0|1|0|112
d6:6d:d4:2c:29:73|2|6|0|0|0|0
