31
b4:e6:2d:f6:b6:a5
68:02:b8:1e:7f:1f|1287|5|133|22|45794|1282
ff:ff:ff:ff:ff:ff|0|2357|0|12|0|1352
6a:02:98:1e:7f:1f|1273|0|0|0|0|0
f6:a3:dc:07:3c:9f|3|30|0|0|0|0
10:1c:0c:1a:10:10|3|33|0|0|0|0
64:b3:10:aa:e3:3c|0|6|0|0|0|0
b4:e6:2d:f6:b6:a5|0|1|0|5|0|574
a4:3e:a0:a4:2a:46|0|84|0|0|0|0
70:ee:50:73:4e:36|0|0|114|0|2944|0
b0:95:75:4b:b9:26|0|0|0|114|0|2944
01:00:5e:7f:ff:fa|0|0|0|60|0|30806
c8:66:5d:1f:4f:54|0|6|0|0|0|0
cc:88:26:04:86:b1|8|0|0|0|0|0
33:33:ff:a5:4e:19|0|0|0|1|0|120
33:33:00:00:00:02|0|0|0|1|0|96
33:33:ff:47:43:51|0|0|0|1|0|120
33:33:ff:03:0e:f2|0|0|0|3|0|360
01:00:5e:00:00:fb|0|0|0|17|0|4810
33:33:00:00:00:fb|0|0|0|16|0|5040
33:33:00:00:00:16|0|0|0|4|0|616
33:33:00:01:00:02|0|0|0|1|0|132
01:00:5e:00:00:02|0|0|0|1|0|90
ce:a6:af:ae:53:39|0|6|0|0|0|0
54:2a:a2:48:a3:f0|0|24|0|0|0|0
de:30:42:56:ed:56|0|6|0|0|0|0
fa:6e:0b:fd:4e:6b|1|6|0|0|0|0
46:56:af:f6:0d:64|0|0|8|0|192|0
6c:99:61:eb:f3:66|0|0|0|8|0|192
33:33:00:00:00:01|0|0|0|3|0|584
4e:9b:05:55:9f:ce|5|10|22|8|1282|1094
b2:f7:06:83:f3:f0|0|6|0|0|0|0
