28
b4:e6:2d:f6:c8:79
90:9a:4a:80:71:9a|1243|21|10948|6093|13457198|897838
ff:ff:ff:ff:ff:ff|0|2116|0|13|0|2116
90:9a:4a:80:85:9e|808|0|0|0|0|0
68:ff:7b:c5:ca:c9|110|0|0|0|0|0
28:6d:cd:09:2a:ea|0|0|35|9|7722|1269
20:aa:4b:5b:e6:4b|50|0|23|12|3242|312
b4:e6:2d:f6:c8:79|0|5|0|4|0|471
e6:1d:78:73:e4:e3|3|27|12|8|312|892
01:00:5e:00:00:fa|0|0|0|1|0|114
a4:50:46:4c:af:3b|32|74|6041|10924|888577|13454265
12:e8:29:e4:16:89|1|0|0|0|0|0
6a:ff:99:b5:4b:14|0|3|0|0|0|0
c0:06:c3:8f:c0:7b|4|8|11|9|1140|956
44:07:0b:2f:49:8b|5|0|0|0|0|0
08:9e:08:49:f2:bd|0|1|0|0|0|0
c0:06:c3:8f:c7:99|0|0|6|2|399|237
33:33:00:00:00:01|0|0|0|1|0|120
08:9e:08:bc:6c:2b|0|2|0|0|0|0
ec:5c:68:84:b1:4b|0|15|0|0|0|0
20:1f:3b:3a:bb:3d|3|0|0|0|0|0
e4:5f:01:5c:9d:89|0|1|0|0|0|0
ca:f6:11:16:a6:b6|1|0|0|0|0|0
