37
b4:e6:2d:f6:c8:79
90:9a:4a:80:85:9e|1172|34|51|162|15848|15006
ff:ff:ff:ff:ff:ff|0|2482|0|4|0|413
90:9a:4a:80:71:9a|1230|8|39|42|7834|4434
20:aa:4b:5b:e6:4b|145|0|2|0|173|0
04:6c:59:1b:72:04|32|48|116|5|14718|1098
b4:e6:2d:f6:c8:79|0|2|0|3|0|376
68:ff:7b:c5:ca:c9|53|0|0|0|0|0
c0:06:c3:8f:c0:7b|7|12|11|19|1162|2184
9e:ab:89:2d:82:91|2|14|48|3|1152|234
f4:f5:d8:8d:f2:58|0|1|0|0|0|0
28:6d:cd:09:2a:ea|1|3|3|0|78|0
bc:54:2f:5e:b7:f3|1|3|0|0|0|0
c0:06:c3:8f:c7:99|0|0|5|2|240|237
a4:50:46:4c:af:3b|0|0|23|15|2954|5037
f2:b2:80:0a:ea:79|0|1|0|0|0|0
08:d2:3e:72:91:a6|0|1|0|0|0|0
44:07:0b:2f:49:8b|1|0|0|0|0|0
9e:61:43:85:11:85|1|3|0|0|0|0
b8:27:eb:81:9a:d6|0|2|0|0|0|0
66:d5:37:d9:da:96|0|3|0|0|0|0
50:e0:85:84:55:94|4|10|0|0|0|0
da:a1:19:d2:d2:d2|1|3|0|0|0|0
01:00:5e:00:00:16|0|0|0|2|0|176
01:00:5e:7f:ff:fa|0|0|0|39|0|14610
54:60:09:e2:ee:aa|0|1|0|0|0|0
4e:64:49:ce:71:18|1|4|0|0|0|0
84:4b:f5:19:a0:99|0|1|0|0|0|0
02:00:00:00:00:00|0|3|0|0|0|0
01:00:5e:00:00:fb|0|0|0|2|0|354
d2:0d:1a:ea:7b:ef|1|0|0|0|0|0
72:83:60:21:94:91|1|3|0|0|0|0
da:bf:62:9b:92:88|1|10|0|0|0|0
08:9e:08:bc:6c:2b|0|1|0|0|0|0
7c:2e:bd:f4:94:ee|4|0|0|0|0|0
88:46:04:50:5c:49|0|3|0|0|0|0
20:1f:3b:3a:bb:3d|1|0|0|0|0|0
32:e9:9c:07:d6:54|0|3|0|0|0|0
