33
b4:e6:2d:f6:b6:a5
68:02:b8:1e:7f:1f|1231|0|103|8|14838|208
ff:ff:ff:ff:ff:ff|0|3519|0|9|0|1117
6a:02:98:1e:7f:1f|1232|0|0|0|0|0
d8:b6:b7:7a:3a:61|1317|0|11|52|881|1480
78:9f:70:2b:86:c6|3|0|0|0|0|0
e6:35:23:4e:ab:99|0|0|8|2|200|52
62:e7:f2:81:7b:1d|0|1|0|0|0|0
80:58:f8:93:88:29|0|0|8|83|208|12581
b4:e6:2d:f6:b6:a5|0|1|0|8|0|933
a4:3e:a0:a4:2a:46|0|114|0|0|0|0
bc:54:51:02:a4:f0|0|0|20|2|704|52
1a:87:40:22:84:e2|0|31|0|0|0|0
26:17:dc:59:74:f7|0|0|16|2|384|52
f0:72:ea:da:42:c6|0|21|0|0|0|0
70:ee:50:73:4e:36|0|0|31|0|794|0
b0:95:75:4b:b9:26|0|0|0|31|0|794
01:00:5e:00:00:01|0|0|0|1|0|88
a2:67:1f:bd:7a:93|0|7|0|0|0|0
1e:6c:70:22:ca:ab|0|6|0|0|0|0
0e:26:0a:2f:38:6b|0|0|8|2|192|52
c8:66:5d:1f:4f:54|0|17|0|0|0|0
33:33:00:00:00:01|0|0|0|3|0|584
33:33:00:00:00:02|0|0|0|1|0|96
33:33:ff:1e:b6:60|0|0|0|1|0|112
d8:8c:79:90:f4:9b|0|7|0|0|0|0
64:b3:10:aa:e3:3c|0|13|0|0|0|0
f0:5c:77:1a:f1:64|0|7|0|0|0|0
1a:87:40:b4:83:f3|0|25|0|0|0|0
8e:c4:87:7a:59:73|0|1|0|0|0|0
7a:59:4b:7c:2e:b4|1|7|0|0|0|0
82:f2:a0:88:2b:ae|0|2|0|0|0|0
62:2b:4d:3a:df:f3|2|6|0|0|0|0
e2:d0:38:b9:39:40|0|1|0|0|0|0
