32
b4:e6:2d:f6:b6:a5
26:94:9b:c4:cd:39|2|31|91|29|2366|4378
68:02:b8:1e:7f:1f|1346|2|388|91|74971|2366
ff:ff:ff:ff:ff:ff|0|2349|0|308|0|57968
6a:02:98:1e:7f:1f|1325|0|0|0|0|0
dc:41:a9:b1:30:a0|0|18|0|23|0|8680
54:2a:a2:48:a3:f0|0|118|0|0|0|0
44:fe:3b:06:5c:71|33|0|0|0|0|0
a4:3e:a0:a4:2a:46|0|99|0|0|0|0
b4:e6:2d:f6:b6:a5|0|1|0|4|0|482
2c:db:07:46:b4:19|0|3|0|0|0|0
10:1c:0c:1a:10:10|3|14|0|0|0|0
c8:66:5d:1f:4f:54|0|18|0|0|0|0
70:ee:50:73:4e:36|0|0|92|0|2390|0
b0:95:75:4b:b9:26|0|0|0|92|0|2390
33:33:00:00:00:16|0|0|0|5|0|660
64:b3:10:aa:e3:3c|0|19|0|0|0|0
2a:12:c0:cb:39:4c|2|11|0|0|0|0
d6:90:4b:7e:a4:09|0|4|0|0|0|0
33:33:00:00:00:01|0|0|0|3|0|584
33:33:00:00:00:02|0|0|0|1|0|96
33:33:ff:1e:b6:60|0|0|0|1|0|112
8e:d4:3e:c6:6e:22|2|12|0|0|0|0
f0:72:ea:da:42:c6|0|6|0|0|0|0
96:07:c5:81:66:9b|0|1|0|0|0|0
01:00:5e:00:00:16|0|0|0|3|0|264
01:00:5e:00:00:fb|0|0|0|4|0|616
33:33:00:00:00:fb|0|0|0|4|0|696
33:33:00:01:00:03|0|0|0|1|0|121
01:00:5e:00:00:fc|0|0|0|1|0|101
f0:5c:77:1a:f1:64|0|1|0|0|0|0
01:00:5e:7f:ff:fa|0|0|0|1|0|213
0a:58:60:3b:93:33|0|6|0|0|0|0
