28
b4:e6:2d:f6:b6:a5
68:02:b8:1e:7f:1f|1227|0|156|0|15602|0
ff:ff:ff:ff:ff:ff|0|3516|0|146|0|13628
6a:02:98:1e:7f:1f|1225|0|0|0|0|0
d8:b6:b7:7a:3a:61|1265|0|14|74|1478|2006
a4:3e:a0:a4:2a:46|0|120|0|0|0|0
b4:e6:2d:f6:b6:a5|0|1|0|3|0|390
70:ee:50:73:4e:36|0|0|72|0|1872|0
b0:95:75:4b:b9:26|0|0|0|72|0|1872
26:17:dc:59:74:f7|2|9|26|2|624|52
bc:54:51:02:a4:f0|0|0|21|4|728|472
0e:26:0a:2f:38:6b|0|0|20|2|480|52
e6:35:23:4e:ab:99|0|0|7|2|174|52
01:00:5e:00:00:01|0|0|0|1|0|88
f0:72:ea:da:42:c6|0|7|0|0|0|0
44:91:60:61:29:22|4|0|16|0|438|0
2c:3a:fd:a4:fc:05|0|1|0|16|0|438
64:b3:10:aa:e3:3c|1|9|0|0|0|0
c8:66:5d:1f:4f:54|0|13|0|0|0|0
d8:8c:79:90:f4:9b|0|7|0|0|0|0
f0:5c:77:1a:f1:64|0|7|0|0|0|0
52:c6:9f:96:01:a7|2|19|0|0|0|0
33:33:00:00:00:01|0|0|0|3|0|584
7a:11:f8:97:67:f7|1|0|0|0|0|0
2a:41:38:10:ea:78|0|7|0|0|0|0
01:00:5e:7f:ff:fa|0|0|0|7|0|1762
96:ba:74:bf:8e:be|0|5|0|0|0|0
00:1c:bf:52:98:29|0|7|0|0|0|0
78:9f:70:2b:86:c6|1|0|0|0|0|0
