55
b4:e6:2d:f6:c8:79
90:9a:4a:80:85:9e|759|8|76|337|24719|8552
ff:ff:ff:ff:ff:ff|0|2814|0|12|0|1364
90:9a:4a:80:71:9a|1213|6|122|59|44193|8355
68:ff:7b:c5:ca:c9|556|0|0|0|0|0
20:aa:4b:5b:e6:4b|342|0|21|14|2420|1566
34:02:86:11:c3:80|0|0|14|0|1566|0
04:6c:59:1b:72:04|9|16|232|5|6032|390
9e:ab:89:2d:82:91|4|21|105|6|2520|549
b4:e6:2d:f6:c8:79|0|1|0|6|0|716
28:6d:cd:09:2a:ea|0|0|22|4|5077|474
b0:a7:b9:89:64:1f|10|0|1|0|141|0
6a:a7:b9:89:64:11|12|0|1|0|94|0
a2:4f:7b:3b:fb:0c|0|3|0|0|0|0
36:0b:48:c0:dc:5c|0|1|0|0|0|0
72:42:0c:6c:53:34|0|3|0|0|0|0
5a:cc:0f:ef:73:15|0|1|0|0|0|0
33:33:00:00:00:fb|0|0|0|4|0|531
f0:ef:86:06:76:35|0|7|0|0|0|0
10:fe:ed:a2:a3:dc|0|0|1|0|120|0
01:00:5e:00:00:fb|0|0|0|6|0|681
a6:ff:35:66:fe:a2|0|5|0|0|0|0
a4:50:46:4c:af:3b|1|1|23|101|1975|41834
c0:06:c3:8f:c7:99|2|5|6|2|399|237
84:e3:42:4b:9d:4f|13|0|0|0|0|0
f4:f5:d8:8d:f2:58|2|2|0|0|0|0
d6:5a:6f:eb:1a:82|0|1|0|0|0|0
48:5a:b6:22:0c:7e|2|6|0|0|0|0
82:39:85:87:03:1b|0|1|0|0|0|0
94:e2:3c:2c:75:7c|0|1|0|0|0|0
94:9f:3e:84:df:5a|0|10|0|0|0|0
01:00:5e:7f:ff:fa|0|0|0|60|0|23239
84:d8:1b:29:48:82|3|0|0|0|0|0
c0:06:c3:8f:c0:7b|3|9|8|9|904|932
20:df:b9:ac:28:3b|2|0|0|0|0|0
8e:61:ee:76:b2:05|1|0|0|0|0|0
66:08:25:1a:d9:e1|2|0|0|0|0|0
44:07:0b:70:9e:93|1|0|0|0|0|0
3e:9e:c1:ec:69:65|0|4|0|0|0|0
bc:54:2f:5e:b7:f3|2|13|0|0|0|0
33:33:00:01:00:03|0|0|0|2|0|248
01:00:5e:00:00:fc|0|0|0|3|0|312
50:e0:85:84:55:94|3|10|0|0|0|0
42:fc:0b:e5:50:ab|0|1|0|0|0|0
72:1e:c8:5b:51:f8|1|0|0|0|0|0
be:ae:dd:32:d7:c3|0|1|0|0|0|0
44:07:0b:2f:49:8b|6|0|0|0|0|0
01:00:5e:00:00:01|0|0|0|1|0|84
01:00:5e:00:00:16|0|0|0|1|0|96
7c:2e:bd:f4:94:ee|4|0|0|0|0|0
76:61:36:87:0a:d5|0|3|0|0|0|0
38:8b:59:29:24:78|3|0|0|0|0|0
44:07:0b:60:bf:75|1|0|0|0|0|0
f0:f6:c1:d5:cb:42|0|3|0|0|0|0
04:ea:56:43:69:3f|1|0|0|0|0|0
74:df:bf:45:ac:65|0|1|0|0|0|0
