40
b4:e6:2d:f6:c8:79
90:9a:4a:80:71:9a|1306|6|12|180|1218|46250
ff:ff:ff:ff:ff:ff|0|3283|0|17|0|2372
20:aa:4b:5b:e6:4b|776|0|20|0|2676|0
90:9a:4a:80:85:9e|1152|0|7|3|552|72
28:6d:cd:09:2a:ea|0|0|32|2|7154|156
b4:e6:2d:f6:c8:79|0|1|0|3|0|376
68:ff:7b:c5:ca:c9|241|0|0|0|0|0
c0:06:c3:8f:c0:7b|4|11|10|2|1084|156
f0:5c:77:12:21:75|0|2|0|0|0|0
22:48:f8:26:26:64|2|21|0|0|0|0
c2:cc:dd:ad:48:4d|2|0|0|0|0|0
f0:ef:86:21:66:5f|0|10|0|0|0|0
44:07:0b:2f:49:8b|6|0|0|0|0|0
aa:6b:b5:ff:40:83|2|3|0|0|0|0
9e:ab:89:2d:82:91|0|0|3|6|72|468
ec:5c:68:84:b1:4b|5|22|0|0|0|0
20:df:b9:ac:28:3b|7|0|0|0|0|0
c0:87:eb:8e:48:ef|3|31|0|0|0|0
f0:ef:86:06:76:35|0|20|0|0|0|0
f0:f6:c1:d5:cb:42|0|6|0|0|0|0
f4:f5:d8:8d:f2:58|2|3|0|0|0|0
54:60:09:e2:ee:aa|0|2|0|0|0|0
01:00:5e:00:00:01|0|0|0|2|0|160
a4:50:46:4c:af:3b|7|27|133|3|37703|362
c0:06:c3:8f:c7:99|2|4|5|2|309|168
12:27:0a:34:e6:fa|4|13|0|0|0|0
01:00:5e:00:00:fa|0|0|0|2|0|228
f4:f5:d8:84:58:92|0|1|0|0|0|0
44:07:0b:6c:b6:e3|2|0|0|0|0|0
b8:27:eb:81:9a:d6|2|4|0|0|0|0
56:f7:b0:2c:66:fc|10|23|0|0|0|0
56:68:61:2c:82:5b|2|16|0|0|0|0
da:a1:19:d7:d7:d7|1|7|0|0|0|0
44:07:0b:70:9e:93|1|0|0|0|0|0
00:08:07:76:35:b7|0|6|0|0|0|0
da:a1:19:73:73:73|0|3|0|0|0|0
a4:77:33:63:f5:7e|0|2|0|0|0|0
20:df:b9:8e:c2:c7|2|0|0|0|0|0
6a:eb:a8:7f:4b:ea|2|4|0|0|0|0
a2:e0:6c:67:3c:21|0|12|0|0|0|0
