25
b4:e6:2d:f6:b6:a5
68:02:b8:1e:7f:1f|1257|0|18|0|3794|0
ff:ff:ff:ff:ff:ff|0|2399|0|4|0|322
6a:02:98:1e:7f:1f|1256|0|0|0|0|0
44:fe:3b:06:5c:71|137|0|4|0|322|0
a4:3e:a0:a4:2a:46|0|132|0|0|0|0
72:fe:3b:06:5c:73|16|0|0|0|0|0
f0:5c:77:1a:f1:64|0|5|0|0|0|0
33:33:00:00:00:01|0|0|0|4|0|816
70:ee:50:73:4e:36|0|0|20|0|518|0
b0:95:75:4b:b9:26|0|0|0|20|0|518
2c:db:07:46:b4:19|0|5|0|0|0|0
ba:58:68:c9:9e:d8|0|6|0|0|0|0
58:b1:0f:56:36:08|0|32|0|0|0|0
b4:e6:2d:f6:b6:a5|0|2|0|4|0|482
c8:66:5d:1f:4f:54|0|11|0|0|0|0
9c:5d:12:d7:43:d4|0|6|0|0|0|0
64:b3:10:aa:e3:3c|0|9|0|0|0|0
10:1c:0c:1a:10:10|2|1|0|0|0|0
f0:72:ea:da:42:c6|0|6|0|0|0|0
dc:dc:e2:b9:25:18|0|8|0|0|0|0
f6:f9:18:da:9f:23|0|6|0|0|0|0
d2:27:a2:4f:89:3e|0|2|0|0|0|0
01:00:5e:00:00:fb|0|0|0|5|0|1198
33:33:00:00:00:fb|0|0|0|5|0|1298
1a:87:40:24:03:33|0|38|0|0|0|0
