39
b4:e6:2d:f6:b6:a5
d8:b6:b7:7a:3a:61|1348|2|22|89|2946|2199
ff:ff:ff:ff:ff:ff|0|3596|0|8|0|612
68:02:b8:1e:7f:1f|1239|0|23|0|2552|0
6a:02:98:1e:7f:1f|1240|0|0|0|0|0
70:2e:22:8d:72:74|94|0|4|0|888|0
8c:c5:b4:3b:6e:56|0|2|0|0|0|0
b4:e6:2d:f6:b6:a5|0|1|0|3|0|390
a4:3e:a0:a4:2a:46|0|156|0|0|0|0
5c:f8:21:84:a4:31|0|12|0|0|0|0
64:b3:10:aa:e3:3c|0|10|0|0|0|0
e6:35:23:4e:ab:99|0|0|8|2|200|52
bc:54:51:02:a4:f0|0|0|7|4|223|472
0e:26:0a:2f:38:6b|2|4|70|0|1680|0
2c:0e:3d:ac:4c:05|0|0|0|8|0|838
26:17:dc:59:74:f7|0|0|4|2|96|52
f0:72:ea:da:42:c6|0|21|0|0|0|0
02:a1:86:24:56:3d|2|14|0|0|0|0
5c:f5:da:55:8b:f6|0|2|0|0|0|0
36:fa:01:7a:97:5c|2|43|0|0|0|0
b2:29:dd:3c:17:ec|0|13|0|0|0|0
33:33:ff:ef:24:de|0|0|0|1|0|120
f0:5c:77:1a:f1:64|0|7|0|0|0|0
01:00:5e:00:00:01|0|0|0|1|0|88
33:33:00:00:00:01|0|0|0|3|0|584
33:33:00:00:00:02|0|0|0|1|0|96
33:33:ff:1e:b6:60|0|0|0|1|0|112
58:91:cf:92:95:e6|0|7|0|0|0|0
7a:b6:4f:c8:c8:c2|0|3|0|0|0|0
16:ae:b5:c2:cf:58|0|7|0|0|0|0
d8:8c:79:90:f4:9b|0|7|0|0|0|0
42:6b:56:42:9b:7b|0|6|0|0|0|0
26:46:c8:20:07:c4|0|7|0|0|0|0
0c:cb:85:e0:b9:1b|0|7|0|0|0|0
01:00:5e:00:00:fb|0|0|0|5|0|1014
33:33:00:00:00:fb|0|0|0|4|0|921
33:33:ff:9f:c8:9e|0|0|0|1|0|120
33:33:00:00:00:16|0|0|0|2|0|256
01:00:5e:00:00:16|0|0|0|2|0|184
01:00:5e:7f:ff:fa|0|0|0|1|0|475
