21
b4:e6:2d:f6:b6:a5
68:02:b8:1e:7f:1f|1275|3|107|0|27052|0
ff:ff:ff:ff:ff:ff|0|2350|0|5|0|680
6a:02:98:1e:7f:1f|1244|0|0|0|0|0
64:b3:10:aa:e3:3c|1|12|0|0|0|0
a4:3e:a0:a4:2a:46|0|72|0|0|0|0
10:1c:0c:1a:10:10|8|66|0|51|0|13942
b4:e6:2d:f6:b6:a5|0|1|0|4|0|482
33:33:00:00:00:01|0|0|0|4|0|816
c8:66:5d:1f:4f:54|0|12|0|0|0|0
70:ee:50:73:4e:36|0|0|1|0|26|0
44:fe:3b:a8:69:27|0|0|0|1|0|26
33:33:ff:a5:4e:19|0|0|0|1|0|120
33:33:00:00:00:02|0|0|0|1|0|96
33:33:ff:47:43:51|0|0|0|1|0|120
33:33:ff:d7:d8:dd|0|0|0|3|0|360
01:00:5e:00:00:fb|0|0|0|17|0|4798
33:33:00:00:00:fb|0|0|0|15|0|4938
33:33:00:01:00:02|0|0|0|1|0|132
33:33:00:00:00:16|0|0|0|2|0|408
01:00:5e:00:00:02|0|0|0|2|0|160
02:18:a1:56:c2:79|0|12|0|0|0|0
