41
b4:e6:2d:f6:c8:79
90:9a:4a:80:85:9e|1156|0|1943|0|2586064|0
ff:ff:ff:ff:ff:ff|0|2927|0|13|0|2492
20:aa:4b:5b:e6:4b|618|0|13|0|2492|0
90:9a:4a:80:71:9a|1304|6|12|50|1172|3588
9e:ab:89:2d:82:91|0|34|0|1942|0|2585980
c6:e5:28:83:e0:98|0|3|0|0|0|0
f0:ef:86:21:66:5f|0|6|0|0|0|0
68:ff:7b:c5:ca:c9|33|0|0|0|0|0
e4:5f:01:5c:9d:89|0|4|0|0|0|0
e4:95:6e:44:bb:96|1|0|0|0|0|0
f4:f2:6d:90:44:3c|5|0|0|0|0|0
a4:50:46:4c:af:3b|1|1|34|2|2413|156
44:07:0b:2f:49:8b|14|0|0|0|0|0
c0:06:c3:8f:c7:99|0|0|9|2|726|156
b4:e6:2d:f6:c8:79|0|6|0|6|0|704
20:1f:3b:3a:bb:3d|4|37|0|0|0|0
10:fe:ed:dd:08:06|2|0|0|0|0|0
02:0d:0c:c5:d6:04|0|3|0|0|0|0
c0:06:c3:8f:c0:7b|4|8|4|2|371|156
28:6d:cd:09:2a:ea|1|3|3|0|78|0
da:a1:19:e5:1d:79|0|2|0|0|0|0
3c:8d:20:4f:d8:e9|3|0|0|0|0|0
ec:5c:68:84:b1:4b|4|42|0|0|0|0
42:24:d3:5a:2b:ef|0|3|0|0|0|0
90:0c:c8:ff:c0:3c|0|3|0|0|0|0
1c:bf:ce:e3:fb:45|0|3|0|0|0|0
7c:2e:bd:f4:94:ee|13|0|0|0|0|0
44:07:0b:70:9e:93|7|0|0|0|0|0
00:08:07:76:35:b7|0|5|0|0|0|0
50:e0:85:84:55:94|3|23|0|0|0|0
9c:5a:81:3c:9b:3b|0|3|0|0|0|0
7a:79:c8:54:32:9b|0|2|0|0|0|0
46:3b:78:62:ec:7e|0|10|0|0|0|0
a4:77:33:63:f5:7e|0|1|0|0|0|0
26:2a:69:ac:11:d3|1|20|0|0|0|0
01:00:5e:00:00:01|0|0|0|1|0|84
54:60:09:e2:ee:aa|0|6|0|0|0|0
f4:f5:d8:8d:f2:58|3|8|0|0|0|0
5e:99:cc:b3:32:65|0|3|0|0|0|0
b2:1e:11:30:c6:5e|1|0|0|0|0|0
f0:ef:86:06:76:35|0|6|0|0|0|0
