49
b4:e6:2d:f6:c8:79
90:9a:4a:80:71:9a|1401|6|42|21|4439|1594
ff:ff:ff:ff:ff:ff|0|2541|0|26|0|3197
90:9a:4a:80:85:9e|1137|0|664|0|792933|0
20:aa:4b:5b:e6:4b|216|0|17|0|2419|0
b4:e6:2d:f6:c8:79|0|6|0|9|0|1101
9e:ab:89:2d:82:91|0|10|0|651|0|787609
68:ff:7b:c5:ca:c9|11|0|0|0|0|0
c0:06:c3:8f:c0:7b|5|10|11|2|973|156
d2:bb:c0:cc:27:6c|0|3|0|0|0|0
54:2a:a2:73:c6:e9|14|79|0|0|0|0
24:77:03:d4:12:38|4|23|0|0|0|0
00:1d:c9:07:2b:f1|4|0|0|0|0|0
7c:2e:bd:f4:94:ee|6|0|0|0|0|0
f4:f2:6d:90:44:3c|1|0|0|0|0|0
ea:20:8f:e9:c3:98|0|9|0|0|0|0
ec:5c:68:84:b1:4b|1|27|0|0|0|0
1c:bf:ce:e3:fb:45|0|3|0|0|0|0
50:e0:85:84:55:94|4|15|0|0|0|0
c0:06:c3:8f:c7:99|0|0|7|2|543|156
44:07:0b:70:9e:93|1|0|0|0|0|0
f0:ef:86:21:66:5f|0|3|0|0|0|0
8e:ae:0d:ed:7f:c2|1|8|0|0|0|0
50:3e:aa:7a:83:52|0|1|0|0|0|0
28:6d:cd:09:2a:ea|1|3|3|0|78|0
72:1d:56:60:10:c6|0|3|0|0|0|0
44:07:0b:2f:49:8b|10|0|1|0|26|0
f0:79:59:d6:09:10|0|0|0|1|0|26
ac:d6:18:05:2a:70|1|18|0|0|0|0
76:78:27:bc:20:c6|1|7|0|0|0|0
01:00:5e:00:00:01|0|0|0|2|0|168
3a:37:31:36:67:5d|5|24|0|0|0|0
0a:26:07:17:f8:71|1|0|0|0|0|0
b8:27:eb:81:9a:d6|0|2|0|0|0|0
54:60:09:e2:ee:aa|0|5|0|0|0|0
46:3b:78:62:ec:7e|1|9|6|0|144|0
c4:12:f5:d1:17:6c|0|0|0|6|0|144
52:f9:9f:cb:07:c0|1|0|0|0|0|0
da:a1:19:25:03:59|4|8|0|0|0|0
00:08:07:76:35:b7|0|1|0|0|0|0
b8:27:eb:3b:22:38|1|0|0|0|0|0
01:00:5e:7f:ff:fa|0|0|0|12|0|5240
33:33:00:00:00:01|0|0|0|1|0|120
da:a1:19:03:72:e3|0|3|0|0|0|0
e4:5f:01:78:c0:dc|0|2|0|0|0|0
a0:2c:36:28:1e:19|0|3|0|0|0|0
01:00:5e:00:00:fa|0|0|0|1|0|114
01:00:5e:00:00:16|0|0|0|9|0|846
01:00:5e:00:00:fb|0|0|0|7|0|979
01:00:5e:00:00:fc|0|0|0|1|0|105
