55
b4:e6:2d:f6:b6:a5
68:02:b8:1e:7f:1f|1310|10|225|54|46146|3217
ff:ff:ff:ff:ff:ff|0|3518|0|143|0|13326
6a:02:98:1e:7f:1f|1293|0|0|0|0|0
d8:b6:b7:7a:3a:61|1449|0|19|73|2593|1982
e6:35:23:4e:ab:99|0|0|8|2|200|52
b4:e6:2d:f6:b6:a5|0|1|0|3|0|390
cc:88:26:36:b9:a7|16|24|0|0|0|0
d2:43:28:9b:41:80|0|14|0|0|0|0
ee:a5:06:b1:5a:2e|0|7|0|0|0|0
c2:9b:73:32:aa:22|0|7|0|0|0|0
fe:67:72:bc:cf:5a|0|12|0|0|0|0
54:2a:a2:48:a3:f0|0|96|0|0|0|0
bc:54:51:02:a4:f0|0|0|33|5|1014|562
26:17:dc:59:74:f7|0|0|31|0|744|0
a4:3e:a0:a4:2a:46|0|117|0|0|0|0
ae:80:57:e6:db:48|0|13|0|0|0|0
26:94:9a:d9:7b:92|0|7|0|0|0|0
1e:e8:be:7d:5b:0f|0|7|0|0|0|0
1e:38:5a:5d:d3:cc|0|6|0|0|0|0
01:00:5e:00:00:01|0|0|0|1|0|88
01:00:5e:00:00:16|0|0|0|1|0|92
01:00:5e:7f:ff:fa|0|0|0|63|0|30348
8e:2a:25:23:3d:22|0|1|0|0|0|0
8e:7a:fe:92:82:c7|0|7|0|0|0|0
f0:5c:77:1a:f1:64|0|7|0|0|0|0
16:74:f2:ae:bf:cb|0|7|0|0|0|0
7e:17:a4:c6:ea:02|0|8|0|0|0|0
56:9e:0e:d2:83:f9|0|5|0|0|0|0
64:b3:10:aa:e3:3c|0|10|0|0|0|0
7a:93:15:5a:30:c7|0|7|0|0|0|0
62:f8:c0:02:5b:4c|0|1|0|0|0|0
f0:72:ea:da:42:c6|0|14|0|0|0|0
ce:8d:37:50:c2:d5|1|4|0|0|0|0
8a:22:86:f6:da:11|1|1|0|0|0|0
0e:26:0a:2f:38:6b|0|0|1|2|24|52
32:16:f1:2c:8d:92|1|5|0|0|0|0
d2:61:19:85:60:4f|2|0|0|0|0|0
0c:54:15:5d:f1:f6|0|7|0|0|0|0
4e:9b:05:55:9f:ce|20|43|54|16|3217|2525
33:33:00:00:00:16|0|0|0|5|0|720
42:67:61:99:1e:cd|0|2|0|0|0|0
58:91:cf:92:95:e6|0|7|0|0|0|0
ee:5d:91:b6:6e:f9|0|13|0|0|0|0
16:2b:69:2b:f6:3f|0|7|0|0|0|0
5e:c0:aa:ee:1f:ab|0|1|0|0|0|0
8e:ce:84:5f:9c:42|2|32|0|0|0|0
ba:e1:0f:88:1c:22|0|7|0|0|0|0
72:53:60:63:aa:ad|0|6|0|0|0|0
74:40:bb:9e:c2:55|0|20|0|0|0|0
c8:66:5d:1f:4f:54|0|12|0|0|0|0
86:9f:69:e3:49:49|0|7|0|0|0|0
9e:d6:f2:05:fe:ea|0|7|0|0|0|0
4e:48:82:d6:f9:60|0|1|0|0|0|0
33:33:00:00:00:01|0|0|0|3|0|584
d8:8c:79:90:f4:9b|0|7|0|0|0|0
