32
b4:e6:2d:f6:c8:79
90:9a:4a:80:85:9e|884|0|0|0|0|0
ff:ff:ff:ff:ff:ff|0|2413|0|17|0|2550
90:9a:4a:80:71:9a|1293|13|37|65|4335|7258
20:aa:4b:5b:e6:4b|303|0|20|8|3173|208
28:6d:cd:09:2a:ea|0|0|12|7|2508|951
a0:78:17:a1:19:64|0|0|43|1|1032|78
68:ff:7b:c5:ca:c9|51|0|1|43|78|1032
b4:e6:2d:f6:c8:79|0|2|0|3|0|376
01:00:5e:00:00:fb|0|0|0|1|0|433
50:e0:85:84:55:94|19|59|0|0|0|0
44:07:0b:2f:49:8b|6|0|0|0|0|0
c0:06:c3:8f:c0:7b|4|8|7|6|676|601
c0:06:c3:8f:c7:99|6|9|7|3|477|315
01:00:5e:00:00:01|0|0|0|1|0|76
a4:50:46:4c:af:3b|3|4|39|18|3597|2092
30:07:4d:83:4d:ce|0|3|0|0|0|0
92:c0:4f:eb:94:49|1|7|0|0|0|0
da:a1:19:71:95:9a|0|1|0|0|0|0
e6:1d:78:73:e4:e3|0|1|8|0|208|0
da:a1:19:47:47:47|1|9|0|0|0|0
f4:f5:d8:8d:f2:58|1|4|0|0|0|0
00:08:07:76:35:b7|0|1|0|0|0|0
01:00:5e:00:00:fa|0|0|0|1|0|114
da:a1:19:bb:d0:ec|0|3|0|0|0|0
54:60:09:e2:ee:aa|0|8|0|0|0|0
da:a1:19:99:1f:b2|0|7|0|0|0|0
44:07:0b:89:e4:ab|3|0|0|0|0|0
da:a1:19:cb:c6:6a|1|3|0|0|0|0
20:f4:78:24:ce:e8|0|6|0|0|0|0
a6:23:9c:e5:b4:cb|0|5|0|0|0|0
da:a1:19:99:e1:b7|1|7|0|0|0|0
da:a1:19:2f:6e:08|0|4|0|0|0|0
