28
b4:e6:2d:f6:b6:a5
68:02:b8:1e:7f:1f|1299|2|156|0|42750|0
ff:ff:ff:ff:ff:ff|0|2351|0|7|0|832
6a:02:98:1e:7f:1f|1268|0|0|0|0|0
8c:c5:b4:3b:6e:56|0|6|0|0|0|0
b4:e6:2d:f6:b6:a5|0|2|0|4|0|482
a4:3e:a0:a4:2a:46|0|66|0|0|0|0
70:ee:50:73:4e:36|0|0|51|0|1318|0
b0:95:75:4b:b9:26|0|0|0|51|0|1318
d2:75:33:53:aa:8d|0|12|0|0|0|0
6a:d0:48:a7:95:6a|0|6|0|0|0|0
c8:66:5d:1f:4f:54|0|12|0|0|0|0
01:00:5e:00:00:fb|0|0|0|28|0|6909
33:33:00:00:00:fb|0|0|0|26|0|7269
10:1c:0c:1a:10:10|7|53|0|73|0|24874
33:33:00:00:00:16|0|0|0|6|0|864
01:00:5e:00:00:16|0|0|0|2|0|180
ba:a0:1b:72:06:79|0|6|0|0|0|0
42:cc:06:60:19:81|1|0|0|0|0|0
01:00:5e:00:00:02|0|0|0|2|0|160
33:33:00:00:00:02|0|0|0|1|0|104
33:33:ff:47:43:51|0|0|0|1|0|120
33:33:ff:c7:51:cd|0|0|0|2|0|240
33:33:00:01:00:02|0|0|0|1|0|132
64:b3:10:aa:e3:3c|1|12|0|0|0|0
a2:09:db:aa:b7:08|0|12|0|0|0|0
1a:87:40:08:d7:c5|0|24|0|0|0|0
58:b1:0f:56:36:08|0|12|0|0|0|0
33:33:00:00:00:01|0|0|0|3|0|584
