52
b4:e6:2d:f6:c8:79
90:9a:4a:80:85:9e|1230|20|73|311|24958|7876
ff:ff:ff:ff:ff:ff|0|3029|0|55|0|9762
90:9a:4a:80:71:9a|1188|4|16|48|1697|8324
20:aa:4b:5b:e6:4b|687|0|71|43|13306|1032
34:02:86:11:c3:80|0|0|0|11|0|2938
9e:ab:89:2d:82:91|10|33|105|7|2520|642
04:6c:59:1b:72:04|10|19|206|3|5356|234
68:ff:7b:c5:ca:c9|3|0|0|0|0|0
01:00:5e:7f:ff:fa|0|0|0|50|0|22247
84:e3:42:4b:9d:4f|28|0|0|0|0|0
cc:50:e3:f0:6b:20|0|0|43|0|1032|0
28:6d:cd:09:2a:ea|0|0|37|6|7565|585
b4:e6:2d:f6:c8:79|0|2|0|5|0|544
b8:27:eb:81:9a:d6|0|2|0|0|0|0
4a:3f:2f:f1:b4:ac|1|0|0|0|0|0
66:47:f9:25:2c:08|1|0|0|0|0|0
f0:ef:86:05:a3:fa|0|9|0|0|0|0
c0:06:c3:8f:c7:99|2|8|6|3|519|315
8a:5b:82:75:b9:f0|0|1|0|0|0|0
c0:06:c3:8f:c0:7b|2|4|5|2|240|253
02:00:00:00:00:00|0|3|0|0|0|0
01:00:5e:00:00:fa|0|0|0|2|0|228
44:07:0b:70:9e:93|2|0|0|0|0|0
54:60:09:01:a1:78|4|0|0|0|0|0
9e:f6:e4:b0:93:40|0|2|0|0|0|0
06:7a:6e:9e:bd:0b|0|1|0|0|0|0
b0:35:9f:56:e0:82|0|1|0|0|0|0
e4:04:39:b0:f5:5f|0|2|0|0|0|0
33:33:00:01:00:03|0|0|0|2|0|248
33:33:00:00:00:fb|0|0|0|2|0|260
01:00:5e:00:00:fb|0|0|0|8|0|1325
20:1f:3b:3a:bb:3d|2|0|0|0|0|0
1c:bf:ce:e3:fb:45|0|11|0|0|0|0
f4:f5:d8:8d:f2:58|7|2|0|0|0|0
fa:7f:c3:fa:1f:d4|0|1|0|0|0|0
46:17:6f:b5:a5:8c|3|0|0|0|0|0
01:00:5e:00:00:16|0|0|0|2|0|176
44:07:0b:60:bf:75|2|0|0|0|0|0
bc:54:2f:5e:b7:f3|1|0|0|0|0|0
86:55:18:6a:d4:63|0|1|0|0|0|0
54:60:09:e2:ee:aa|0|4|0|0|0|0
46:af:b6:f8:25:dc|0|1|0|0|0|0
90:0c:c8:ff:c0:3c|0|5|0|0|0|0
36:2c:3e:93:07:70|1|0|0|0|0|0
84:d8:1b:29:48:82|1|0|0|0|0|0
42:d2:57:81:ce:3c|0|1|0|0|0|0
