22
b4:e6:2d:f6:b6:a5
68:02:b8:1e:7f:1f|1260|2|60|1|12854|155
ff:ff:ff:ff:ff:ff|0|2317|0|3|0|528
6a:02:98:1e:7f:1f|1219|0|0|0|0|0
b4:e6:2d:f6:b6:a5|0|12|0|8|0|2097
b0:ac:d2:04:78:ff|2|0|0|0|0|0
d8:b6:b7:7a:3a:61|1|0|0|0|0|0
44:fe:3b:06:5c:71|2|0|0|0|0|0
72:fe:3b:06:5c:73|1|0|0|0|0|0
a4:3e:a0:a4:2a:46|0|60|0|0|0|0
70:ee:50:73:4e:36|0|0|90|0|2338|0
b0:95:75:4b:b9:26|0|0|0|90|0|2338
10:1c:0c:1a:10:10|6|64|1|11|155|2361
f0:5c:77:1a:f1:64|0|6|0|0|0|0
64:b3:10:aa:e3:3c|0|12|0|0|0|0
33:33:ff:2b:2b:33|0|0|0|9|0|1080
58:b1:0f:56:36:08|0|12|0|0|0|0
ae:52:a0:5e:39:57|0|6|0|0|0|0
33:33:00:00:00:fb|0|0|0|11|0|3100
01:00:5e:00:00:fb|0|0|0|12|0|2848
33:33:00:00:00:16|0|0|0|2|0|328
01:00:5e:00:00:02|0|0|0|2|0|160
33:33:00:00:00:01|0|0|0|2|0|352
