36
b4:e6:2d:f6:b6:a5
68:02:b8:1e:7f:1f|1362|0|189|2|59379|156
ff:ff:ff:ff:ff:ff|0|2360|0|21|0|2677
6a:02:98:1e:7f:1f|1340|0|0|0|0|0
b4:e6:2d:f6:b6:a5|0|1|0|4|0|482
70:ee:50:73:4e:36|0|0|153|0|3964|0
b0:95:75:4b:b9:26|0|0|0|153|0|3964
10:1c:0c:1a:10:10|5|33|0|0|0|0
01:00:5e:00:00:fb|0|0|0|35|0|10138
33:33:00:00:00:fb|0|0|0|31|0|10398
54:2a:a2:48:a3:f0|0|30|0|0|0|0
a4:3e:a0:a4:2a:46|0|78|0|0|0|0
33:33:ff:a5:4e:19|0|0|0|2|0|240
33:33:00:00:00:02|0|0|0|3|0|288
33:33:ff:47:43:51|0|0|0|2|0|240
33:33:ff:97:1f:e2|0|0|0|12|0|1440
33:33:00:00:00:16|0|0|0|5|0|900
01:00:5e:00:00:02|0|0|0|4|0|360
33:33:00:01:00:02|0|0|0|2|0|264
01:00:5e:7f:ff:fa|0|0|0|60|0|30806
4e:9b:05:55:9f:ce|0|0|2|0|156|0
ec:2e:98:f0:f5:27|0|6|0|0|0|0
64:b3:10:aa:e3:3c|0|18|0|0|0|0
c0:ee:fb:43:db:fb|0|18|0|0|0|0
06:6f:c1:eb:37:1b|0|6|0|0|0|0
c8:66:5d:1f:4f:54|0|12|0|0|0|0
5e:3a:dc:98:fa:4c|2|12|0|0|0|0
33:33:ff:0b:c6:c5|0|0|0|3|0|360
46:77:9b:63:a2:cc|2|30|0|0|0|0
33:33:00:00:00:01|0|0|0|3|0|584
33:33:ff:1e:b6:60|0|0|0|1|0|112
1a:87:40:77:b4:b4|0|24|0|0|0|0
02:00:00:00:00:00|2|30|0|0|0|0
26:94:9b:c4:cd:39|5|48|0|0|0|0
00:1c:bf:52:98:29|0|6|0|0|0|0
cc:88:26:04:86:b1|0|6|0|0|0|0
01:00:5e:00:00:16|0|0|0|1|0|90
