31
b4:e6:2d:f6:b6:a5
68:02:b8:1e:7f:1f|1244|0|39|0|5244|0
ff:ff:ff:ff:ff:ff|0|3518|0|7|0|532
6a:02:98:1e:7f:1f|1244|0|0|0|0|0
d8:b6:b7:7a:3a:61|1270|0|19|68|1936|1862
b4:e6:2d:f6:b6:a5|0|1|0|3|0|390
33:33:00:00:00:01|0|0|0|3|0|584
33:33:00:00:00:02|0|0|0|1|0|96
33:33:ff:1e:b6:60|0|0|0|1|0|112
e6:35:23:4e:ab:99|0|0|8|2|200|52
86:45:d3:29:a1:b3|6|0|54|0|1350|0
68:02:b8:19:9b:ee|0|0|0|54|0|1350
a4:3e:a0:a4:2a:46|0|144|0|0|0|0
0e:26:0a:2f:38:6b|0|0|28|2|672|52
26:17:dc:59:74:f7|0|0|13|2|312|52
bc:54:51:02:a4:f0|0|0|19|2|678|52
01:00:5e:00:00:01|0|0|0|1|0|88
f0:72:ea:da:42:c6|0|14|0|0|0|0
9c:5d:12:d7:43:d4|0|12|0|0|0|0
01:00:5e:00:00:fb|0|0|0|12|0|1822
01:00:5e:00:00:02|0|0|0|1|0|90
33:33:00:00:00:16|0|0|0|4|0|504
33:33:00:00:00:fb|0|0|0|9|0|1638
64:b3:10:aa:e3:3c|0|25|0|0|0|0
