73
b4:e6:2d:f6:b6:a5
68:02:b8:1e:7f:1f|1446|0|219|0|44365|0
ff:ff:ff:ff:ff:ff|0|2309|0|208|0|41847
6a:02:98:1e:7f:1f|1383|0|0|0|0|0
a6:be:80:74:cb:de|0|12|0|0|0|0
02:aa:3f:a7:c9:b2|19|0|3|0|282|0
02:aa:3f:a7:c9:b1|15|0|0|0|0|0
b4:e6:2d:f6:b6:a5|0|1|0|4|0|482
a4:3e:a0:a4:2a:46|0|108|0|0|0|0
de:e0:1e:f7:7b:5a|0|6|0|0|0|0
26:bb:fc:bf:f9:c4|0|6|0|0|0|0
f2:7f:5b:38:58:92|0|6|0|0|0|0
2a:88:6f:94:84:74|0|6|0|0|0|0
8e:ce:84:5f:9c:42|3|42|0|0|0|0
12:01:51:ba:1a:34|4|0|0|0|0|0
33:33:00:00:00:01|0|0|0|2|0|352
c2:aa:3a:72:09:43|0|6|0|0|0|0
6e:d8:03:3f:b9:b3|0|6|0|0|0|0
7a:4e:90:d1:c7:27|1|6|0|0|0|0
7a:83:47:00:d0:0c|0|6|0|0|0|0
ac:c3:58:64:58:fc|0|2|0|0|0|0
c6:eb:79:b8:6d:26|0|6|0|0|0|0
ca:d2:fe:b0:eb:6b|0|6|0|0|0|0
2a:b1:69:88:65:db|0|12|0|0|0|0
6a:5f:aa:8d:0a:71|0|6|0|0|0|0
46:ba:d1:31:d7:c9|0|6|0|0|0|0
c2:94:e2:8c:95:e8|0|6|0|0|0|0
82:1f:85:e6:6f:6a|0|6|0|0|0|0
7e:eb:66:a6:80:60|0|12|0|0|0|0
6e:52:70:f0:d0:78|0|6|0|0|0|0
ee:fc:4d:44:bb:e5|0|6|0|0|0|0
2a:6c:94:c2:f6:85|0|6|0|0|0|0
f6:58:f2:a4:d8:dc|0|12|0|0|0|0
01:00:5e:00:00:fb|0|0|0|3|0|768
33:33:00:00:00:fb|0|0|0|4|0|1104
c6:c8:44:45:ef:72|0|6|0|0|0|0
5a:bd:f0:5f:45:2d|0|6|0|0|0|0
10:1c:0c:1a:10:10|2|0|0|0|0|0
5a:13:69:3c:50:04|0|6|0|0|0|0
8a:e7:a0:d9:92:2f|0|12|0|0|0|0
5a:13:c4:d0:8c:c0|0|6|0|0|0|0
0e:72:b6:8e:dc:94|0|6|0|0|0|0
01:80:c2:00:00:0e|0|0|0|1|0|94
7a:68:85:d3:45:a1|0|12|0|0|0|0
86:54:14:c8:62:6a|0|6|0|0|0|0
96:c9:4a:7f:1e:b2|0|12|0|0|0|0
ce:65:0e:7a:d8:f4|0|6|0|0|0|0
66:17:e7:59:11:4b|0|6|0|0|0|0
b6:93:41:66:c8:f3|0|6|0|0|0|0
