38
b4:e6:2d:f6:b6:a5
68:02:b8:1e:7f:1f|1263|0|330|0|64688|0
ff:ff:ff:ff:ff:ff|0|2358|0|295|0|56842
6a:02:98:1e:7f:1f|1249|0|0|0|0|0
44:fe:3b:06:5c:71|71|0|1|0|76|0
a4:3e:a0:a4:2a:46|0|106|0|0|0|0
b4:e6:2d:f6:b6:a5|0|2|0|3|0|390
ae:7a:2e:fa:c7:10|0|5|0|0|0|0
b2:ac:0a:b9:f6:42|0|3|0|0|0|0
dc:41:a9:b1:30:a0|0|12|0|19|0|5790
82:d1:c6:b5:ee:25|2|14|0|0|0|0
72:fe:3b:06:5c:73|3|0|0|0|0|0
6a:a5:7c:53:cc:e3|0|4|0|0|0|0
08:97:98:16:c1:6f|0|7|0|0|0|0
aa:0e:54:ba:55:2b|0|1|0|0|0|0
64:b3:10:aa:e3:3c|0|26|0|0|0|0
70:ee:50:73:4e:36|0|0|34|0|884|0
b0:95:75:4b:b9:26|0|0|0|34|0|884
10:1c:0c:1a:10:10|2|20|0|0|0|0
6a:04:6c:53:64:3b|0|3|0|0|0|0
33:33:00:00:00:01|0|0|0|3|0|584
33:33:00:00:00:02|0|0|0|1|0|96
33:33:ff:1e:b6:60|0|0|0|1|0|112
5a:6a:f1:66:f0:d3|1|0|0|0|0|0
16:0b:4f:6a:d8:e5|0|1|0|0|0|0
4a:70:98:38:13:be|0|2|0|0|0|0
ca:5c:c9:73:6f:f4|0|4|0|0|0|0
1a:21:e2:53:d7:8a|2|0|0|0|0|0
a6:ca:5a:ec:ef:53|0|2|0|0|0|0
f0:5c:77:1a:f1:64|0|5|0|0|0|0
33:33:00:01:00:03|0|0|0|4|0|468
01:00:5e:00:00:fc|0|0|0|4|0|388
c8:66:5d:1f:4f:54|0|6|0|0|0|0
6e:26:20:ba:76:33|0|1|0|0|0|0
7e:b5:a9:3b:68:a7|0|2|0|0|0|0
2c:db:07:46:b4:19|0|1|0|0|0|0
01:80:c2:00:00:0e|0|0|0|1|0|94
5a:38:a7:90:a8:f0|0|2|0|0|0|0
9c:5d:12:d7:43:d4|0|6|0|0|0|0
