30
b4:e6:2d:f6:b6:a5
68:02:b8:1e:7f:1f|1269|0|49|0|8753|0
ff:ff:ff:ff:ff:ff|0|3512|0|3|0|270
6a:02:98:1e:7f:1f|1268|0|0|0|0|0
d8:b6:b7:7a:3a:61|1400|0|9|66|296|1818
33:33:00:00:00:16|0|0|0|1|0|144
70:ee:50:73:4e:36|0|0|29|0|750|0
b0:95:75:4b:b9:26|0|0|0|29|0|750
b4:e6:2d:f6:b6:a5|0|2|0|4|0|482
54:2a:a2:48:a3:f0|0|157|0|0|0|0
01:00:5e:7f:ff:fa|0|0|0|35|0|7035
e6:35:23:4e:ab:99|0|0|8|2|200|52
01:00:5e:00:00:fb|0|0|0|6|0|822
a4:3e:a0:a4:2a:46|0|130|0|0|0|0
0e:26:0a:2f:38:6b|0|0|21|2|504|52
26:17:dc:59:74:f7|0|0|15|2|360|52
12:34:29:58:39:05|0|0|5|0|120|0
c8:66:5d:1f:4f:54|0|0|0|5|0|120
bc:54:51:02:a4:f0|0|0|22|2|754|52
d2:a9:8b:53:5a:e5|0|13|0|0|0|0
64:b3:10:aa:e3:3c|0|20|0|0|0|0
36:90:05:63:3d:38|0|6|0|0|0|0
76:94:20:07:ee:81|0|9|0|0|0|0
01:00:5e:00:00:01|0|0|0|1|0|88
68:5a:cf:fb:e5:65|0|7|0|0|0|0
2c:db:07:46:b4:19|0|7|0|0|0|0
4e:9b:05:55:9f:ce|0|34|0|0|0|0
00:1c:bf:52:98:29|0|13|0|0|0|0
80:be:05:5f:13:d9|0|7|0|0|0|0
f0:5c:77:1a:f1:64|0|7|0|0|0|0
1e:8a:57:c3:73:c5|0|13|0|0|0|0
