56
b4:e6:2d:f6:b6:a5
68:02:b8:1e:7f:1f|1395|0|187|22|41087|720
ff:ff:ff:ff:ff:ff|0|2563|0|127|0|12025
6a:02:98:1e:7f:1f|1391|0|0|0|0|0
02:aa:3f:a7:c9:b2|133|0|17|0|5811|0
c6:a8:3f:c0:5a:01|0|1|0|0|0|0
b4:e6:2d:f6:b6:a5|0|2|0|4|0|482
06:82:63:f8:ea:3c|0|1|0|0|0|0
02:aa:3f:a7:c9:b1|109|0|0|0|0|0
a4:3e:a0:a4:2a:46|0|138|0|0|0|0
5c:f8:21:84:a4:31|0|12|0|0|0|0
9c:32:ce:15:f6:3e|0|0|10|0|260|0
68:02:b8:2e:8d:67|0|0|0|10|0|260
01:00:5e:7f:ff:fa|0|0|0|58|0|29783
04:4e:af:fb:fd:77|4|0|0|0|0|0
ac:22:05:89:53:64|0|2|0|0|0|0
d8:8c:79:90:f4:9b|0|12|0|0|0|0
54:2a:a2:48:a3:f0|0|74|0|0|0|0
10:1c:0c:1a:10:10|2|0|0|0|0|0
46:ef:e9:9e:d0:0b|0|6|0|0|0|0
1e:87:92:84:25:72|0|6|0|0|0|0
33:33:00:00:00:0c|0|0|0|5|0|2897
12:7f:12:01:65:f6|0|2|0|0|0|0
82:be:14:25:04:1a|0|1|0|0|0|0
33:33:00:00:00:16|0|0|0|1|0|124
01:00:5e:00:00:fb|0|0|0|2|0|567
f6:a7:a9:c6:c6:43|0|6|0|0|0|0
3e:9f:c5:bf:8e:d0|0|6|0|0|0|0
a6:0c:18:97:53:17|0|6|0|0|0|0
02:ad:94:71:36:07|0|6|0|0|0|0
4e:9b:05:55:9f:ce|0|0|22|0|720|0
e0:9d:31:02:83:40|0|36|0|0|0|0
c8:66:5d:1f:4f:54|0|6|0|0|0|0
0e:54:03:42:94:56|0|6|0|0|0|0
8a:98:47:4f:cc:d4|0|6|0|0|0|0
00:1c:bf:52:98:29|0|6|0|0|0|0
7e:44:b5:91:4c:1d|0|6|0|0|0|0
b6:b6:05:25:0b:f3|0|6|0|0|0|0
01:00:5e:7f:ff:fb|0|0|0|1|0|114
01:00:5e:00:00:fa|0|0|0|1|0|114
66:17:98:2f:fb:14|0|6|0|0|0|0
c6:64:71:00:eb:e7|0|12|0|0|0|0
02:7c:0d:6e:c1:2d|0|6|0|0|0|0
66:76:bf:61:46:db|0|1|0|0|0|0
de:c2:1a:83:0b:6a|0|12|0|0|0|0
a2:1e:f9:8f:56:1f|0|6|0|0|0|0
64:b3:10:aa:e3:3c|0|12|0|0|0|0
36:82:1b:3b:1e:bb|0|3|0|0|0|0
