34
b4:e6:2d:f6:b6:a5
68:02:b8:1e:7f:1f|1289|0|131|0|43858|0
ff:ff:ff:ff:ff:ff|0|2357|0|19|0|2414
6a:02:98:1e:7f:1f|1289|0|0|0|0|0
a4:3e:a0:a4:2a:46|0|60|0|0|0|0
70:ee:50:73:4e:36|0|0|83|0|2150|0
b0:95:75:4b:b9:26|0|0|0|83|0|2150
b4:e6:2d:f6:b6:a5|0|1|0|3|0|390
80:58:f8:93:88:29|0|0|0|9|0|1087
54:2a:a2:48:a3:f0|0|59|0|0|0|0
fa:6b:2d:c6:bc:fe|2|12|0|0|0|0
01:00:5e:7f:ff:fa|0|0|0|63|0|31409
f2:30:5a:5a:61:69|2|18|0|0|0|0
1a:87:40:ae:00:4f|0|18|0|0|0|0
0e:05:d2:ef:3d:8a|1|6|0|0|0|0
64:b3:10:aa:e3:3c|1|12|0|0|0|0
b6:f0:77:e3:13:00|1|6|0|0|0|0
c6:64:1e:29:6b:ab|1|6|0|0|0|0
2a:92:db:45:23:49|1|6|0|0|0|0
62:5d:76:3a:8a:92|0|6|0|0|0|0
f6:41:9d:aa:65:b5|0|6|0|0|0|0
10:1c:0c:1a:10:10|4|0|0|0|0|0
c8:66:5d:1f:4f:54|0|12|0|0|0|0
33:33:00:00:00:01|0|0|0|3|0|584
33:33:00:00:00:02|0|0|0|2|0|192
33:33:ff:1e:b6:60|0|0|0|1|0|112
ba:a6:46:fe:02:a7|0|6|0|0|0|0
33:33:ff:a5:4e:19|0|0|0|1|0|120
33:33:ff:47:43:51|0|0|0|1|0|120
33:33:ff:0f:92:68|0|0|0|4|0|480
01:00:5e:00:00:fb|0|0|0|11|0|3115
33:33:00:00:00:fb|0|0|0|9|0|3115
33:33:00:01:00:02|0|0|0|1|0|132
01:00:5e:00:00:02|0|0|0|2|0|180
33:33:00:00:00:16|0|0|0|2|0|408
