28
b4:e6:2d:f6:b6:a5
d8:b6:b7:7a:3a:61|1264|0|22|82|2746|2219
ff:ff:ff:ff:ff:ff|0|3537|0|210|0|20020
68:02:b8:1e:7f:1f|1283|0|306|12|55695|312
6a:02:98:1e:7f:1f|1282|0|0|0|0|0
e6:35:23:4e:ab:99|0|0|11|2|270|52
01:00:5e:7f:ff:fa|0|0|0|80|0|33106
bc:54:51:02:a4:f0|0|0|46|1|1349|26
01:00:5e:00:00:fb|0|0|0|12|0|2157
a4:3e:a0:a4:2a:46|0|105|0|0|0|0
b4:e6:2d:f6:b6:a5|0|1|0|6|0|669
4c:fc:aa:04:98:e5|6|0|0|0|0|0
80:1f:02:b4:07:ae|0|0|12|0|312|0
70:ee:50:73:4e:36|0|0|78|0|2028|0
b0:95:75:4b:b9:26|0|0|0|78|0|2028
0e:26:0a:2f:38:6b|0|0|1|2|24|52
26:17:dc:59:74:f7|0|0|24|2|576|52
f8:77:b8:53:10:e8|12|104|0|0|0|0
64:b3:10:aa:e3:3c|0|12|0|0|0|0
00:0c:e7:76:0b:ee|0|19|0|0|0|0
8e:ce:84:5f:9c:42|8|57|0|0|0|0
33:33:00:00:00:fb|0|0|0|6|0|1335
33:33:00:00:00:01|0|0|0|3|0|584
33:33:00:00:00:02|0|0|0|1|0|96
33:33:ff:1e:b6:60|0|0|0|1|0|112
84:16:f9:07:68:71|0|7|0|0|0|0
01:00:5e:00:00:16|0|0|0|1|0|92
01:00:5e:00:00:01|0|0|0|1|0|88
9a:5d:8a:62:5a:a1|0|13|0|0|0|0
