35
b4:e6:2d:f6:b6:a5
68:02:b8:1e:7f:1f|1315|0|322|0|59583|0
ff:ff:ff:ff:ff:ff|0|2384|0|313|0|58639
6a:02:98:1e:7f:1f|1310|0|0|0|0|0
9c:5d:12:d7:43:d4|0|6|0|0|0|0
46:ec:d9:9a:bb:a2|2|0|0|0|0|0
b6:a2:f6:15:ae:60|2|6|0|0|0|0
36:5d:c4:39:6c:bd|2|16|0|0|0|0
c8:66:5d:1f:4f:54|0|6|0|0|0|0
26:94:9b:c4:cd:39|0|66|0|0|0|0
dc:41:a9:b1:30:a0|0|6|0|4|0|368
8a:06:ef:25:f8:b0|5|12|0|0|0|0
a4:3e:a0:a4:2a:46|0|78|0|0|0|0
10:1c:0c:1a:10:10|3|36|0|0|0|0
44:fe:3b:06:5c:71|6|0|0|0|0|0
b2:87:f8:93:8e:c9|0|2|0|0|0|0
9a:42:af:bf:37:46|4|6|0|0|0|0
d2:4e:8d:53:36:68|2|7|0|0|0|0
5a:e7:30:44:79:a3|2|0|0|0|0|0
b4:e6:2d:f6:b6:a5|0|1|0|4|0|482
86:15:15:9c:a1:5d|1|6|0|0|0|0
01:80:c2:00:00:0e|0|0|0|1|0|94
ba:0f:45:9d:36:4b|2|6|0|0|0|0
9e:07:eb:38:23:e5|3|0|0|0|0|0
92:4e:cd:fa:61:2a|3|6|0|0|0|0
42:e9:b6:f2:7f:44|8|0|0|0|0|0
5e:8d:59:d8:ac:8d|3|7|0|0|0|0
2c:db:07:46:b4:19|0|1|0|0|0|0
0e:f4:2b:7d:0b:ba|2|0|0|0|0|0
70:ee:50:73:4e:36|0|0|89|0|2314|0
b0:95:75:4b:b9:26|0|0|0|89|0|2314
8a:69:6b:77:99:a3|1|0|0|0|0|0
fe:3c:39:26:69:3e|1|0|0|0|0|0
64:b3:10:aa:e3:3c|0|12|0|0|0|0
1e:c0:8c:fe:98:0e|0|1|0|0|0|0
72:26:c5:63:81:73|0|6|0|0|0|0
