82
b4:e6:2d:f6:c8:79
90:9a:4a:80:85:9e|1189|12|6622|95|8743214|3654
9e:ab:89:2d:82:91|0|30|14|6528|336|8713155
90:9a:4a:80:71:9a|1219|6|10|169|954|27832
ff:ff:ff:ff:ff:ff|0|3228|0|55|0|9739
44:07:0b:60:bf:75|1|0|0|0|0|0
20:aa:4b:5b:e6:4b|819|0|55|0|9683|0
b4:e6:2d:f6:c8:79|0|2|0|4|0|454
68:ff:7b:c5:ca:c9|177|0|0|0|0|0
44:07:0b:2f:49:8b|9|0|0|0|0|0
9a:74:3e:a6:75:aa|0|1|0|0|0|0
01:00:5e:7f:ff:fa|0|0|0|72|0|27270
ca:c7:f3:cd:c0:e8|0|2|0|0|0|0
08:d2:3e:73:3b:6f|1|3|0|0|0|0
a6:06:43:16:74:92|0|1|0|0|0|0
04:6c:59:1b:72:04|13|32|81|5|3318|938
c0:06:c3:8f:c0:7b|2|4|7|1|423|78
c0:06:c3:8f:c7:99|0|0|7|3|600|234
28:6d:cd:09:2a:ea|1|3|3|0|78|0
9e:e0:c7:4c:63:99|0|3|0|0|0|0
a4:50:46:4c:af:3b|7|11|152|2|26731|188
7a:d9:c2:0b:7b:6c|0|3|0|0|0|0
44:07:0b:70:9e:93|6|0|0|0|0|0
e4:5f:01:5c:9d:89|0|5|0|0|0|0
bc:54:2f:5e:b7:f3|1|5|0|0|0|0
33:33:00:00:00:01|0|0|0|1|0|120
3e:91:46:b7:8e:0b|2|0|0|0|0|0
f0:ef:86:05:a3:fa|0|2|0|0|0|0
8e:9d:5e:7d:29:24|0|2|0|0|0|0
e4:04:39:cf:64:a2|1|6|0|0|0|0
da:a1:19:e1:c7:76|0|2|0|0|0|0
f0:f6:c1:d5:cb:42|0|3|0|0|0|0
01:00:5e:00:00:fa|0|0|0|2|0|228
86:bc:54:c3:1c:80|0|1|0|0|0|0
01:00:5e:00:00:16|0|0|0|7|0|616
01:00:5e:00:00:fb|0|0|0|4|0|562
01:00:5e:00:00:fc|0|0|0|1|0|109
aa:ae:2b:e5:b0:af|0|2|0|0|0|0
8a:f2:25:ed:3a:80|0|2|0|0|0|0
4a:db:bf:1e:2e:53|0|1|0|0|0|0
7e:77:c9:06:14:68|0|1|0|0|0|0
c6:80:c4:65:1a:c3|0|3|0|0|0|0
20:df:b9:8e:c2:c7|2|0|0|0|0|0
26:bd:b1:10:91:f6|0|2|0|0|0|0
1a:f5:6f:d8:92:36|0|2|0|0|0|0
fe:e9:44:10:47:78|0|1|0|0|0|0
a4:77:33:63:f5:7e|0|5|0|0|0|0
54:60:09:e2:ee:aa|0|8|0|0|0|0
a2:b0:99:94:ad:9f|0|1|0|0|0|0
2a:44:b9:d2:1e:90|0|1|0|0|0|0
5e:14:a2:8c:7b:04|0|4|0|0|0|0
fa:8c:41:9d:1b:90|0|1|0|0|0|0
08:9e:08:bc:6c:2b|0|2|0|0|0|0
3e:2d:8d:e6:55:ad|0|1|0|0|0|0
88:5a:85:cd:0c:fc|0|1|0|0|0|0
84:4b:f5:19:a0:99|0|1|0|0|0|0
be:6e:d2:5a:df:ba|0|2|0|0|0|0
de:a7:4e:85:61:3a|0|1|0|0|0|0
02:00:00:00:00:00|0|2|0|0|0|0
88:46:04:50:5c:49|0|2|0|0|0|0
cc:f4:11:a1:a0:2c|2|0|0|0|0|0
f0:ef:86:06:76:35|0|2|0|0|0|0
62:b6:cb:56:49:86|0|1|0|0|0|0
c2:50:81:74:1a:86|0|2|0|0|0|0
f2:ad:f0:88:db:89|0|1|0|0|0|0
52:af:b0:9e:e1:5d|0|1|0|0|0|0
46:3b:78:62:ec:7e|1|9|14|0|336|0
c4:12:f5:d1:17:6c|0|0|0|14|0|336
e6:92:56:04:df:c9|2|0|0|0|0|0
1e:e8:29:91:3d:5e|1|0|0|0|0|0
62:ad:f7:d0:5c:57|0|9|0|0|0|0
0a:26:07:17:f8:71|1|0|0|0|0|0
7a:9a:6d:a5:ec:6a|1|2|0|0|0|0
22:a4:cc:73:b9:ee|0|1|0|0|0|0
6a:ca:08:fc:4e:5e|2|0|0|0|0|0
00:08:07:76:35:b7|0|2|0|0|0|0
da:a1:19:54:54:54|0|5|0|0|0|0
01:00:5e:00:00:01|0|0|0|2|0|160
06:b5:97:d2:e4:78|0|2|0|0|0|0
22:e9:6c:54:4d:cb|0|3|0|0|0|0
ea:71:6b:de:37:e6|0|3|0|0|0|0
26:be:61:c8:b8:c5|0|2|0|0|0|0
f2:1a:fb:e6:38:40|0|2|0|0|0|0
