25
b4:e6:2d:f6:b6:a5
68:02:b8:1e:7f:1f|1377|0|419|0|99454|0
ff:ff:ff:ff:ff:ff|0|2352|0|320|0|59678
6a:02:98:1e:7f:1f|1352|0|0|0|0|0
33:33:00:00:00:01|0|0|0|3|0|584
b4:e6:2d:f6:b6:a5|0|1|0|3|0|390
a4:3e:a0:a4:2a:46|0|72|0|0|0|0
01:00:5e:7f:ff:fa|0|0|0|60|0|30806
ea:35:27:32:0e:12|1|0|0|0|0|0
10:1c:0c:1a:10:10|0|54|0|10|0|2222
66:d8:13:06:0c:f9|1|6|0|0|0|0
f8:77:b8:53:10:e8|0|96|0|0|0|0
54:2a:a2:48:a3:f0|0|30|0|0|0|0
64:b3:10:aa:e3:3c|0|6|0|0|0|0
70:ee:50:73:4e:36|0|0|2|0|52|0
44:fe:3b:a8:69:27|0|0|0|2|0|52
00:0c:e7:65:e3:73|0|18|0|0|0|0
01:00:5e:00:00:fb|0|0|0|11|0|2715
33:33:00:00:00:fb|0|0|0|9|0|2735
01:00:5e:00:00:02|0|0|0|2|0|160
33:33:00:00:00:16|0|0|0|1|0|164
f0:5c:77:1a:f1:64|0|6|0|0|0|0
4e:9b:05:55:9f:ce|4|42|0|0|0|0
1a:87:40:b6:77:66|0|24|0|0|0|0
