25
b4:e6:2d:f6:b6:a5
68:02:b8:1e:7f:1f|1307|0|323|0|85034|0
ff:ff:ff:ff:ff:ff|0|2375|0|259|0|53746
6a:02:98:1e:7f:1f|1291|0|0|0|0|0
10:1c:0c:1a:10:10|2|36|0|0|0|0
e4:57:40:c4:7c:81|12|0|0|0|0|0
01:00:5e:7f:ff:fa|0|0|0|60|0|30806
56:66:a8:11:cc:7c|1|0|0|0|0|0
b4:e6:2d:f6:b6:a5|0|1|0|4|0|482
c8:66:5d:1f:4f:54|0|12|0|0|0|0
a4:3e:a0:a4:2a:46|0|105|0|0|0|0
f6:57:40:c4:7c:81|12|0|0|0|0|0
d8:8c:79:90:f4:9b|0|6|0|0|0|0
12:24:dd:22:b6:72|1|0|0|0|0|0
d2:32:0e:bd:4c:59|2|0|0|0|0|0
fa:4a:18:85:5a:7f|1|0|0|0|0|0
ba:fd:c3:c1:0a:c6|1|0|0|0|0|0
54:2a:a2:48:a3:f0|0|30|0|0|0|0
1a:87:40:60:af:7d|1|30|0|0|0|0
2e:1d:1c:f5:38:f2|2|12|0|0|0|0
d2:40:ef:76:25:d8|1|0|0|0|0|0
72:07:e4:d6:ea:b8|1|0|0|0|0|0
f0:72:ea:da:42:c6|0|6|0|0|0|0
c2:ae:56:01:40:b0|2|12|0|0|0|0
64:b3:10:aa:e3:3c|0|6|0|0|0|0
