19
b4:e6:2d:f6:b6:a5
68:02:b8:1e:7f:1f|1242|1|37|0|5274|0
ff:ff:ff:ff:ff:ff|0|2347|0|13|0|1114
6a:02:98:1e:7f:1f|1238|0|0|0|0|0
b4:e6:2d:f6:b6:a5|0|2|0|3|0|390
01:00:5e:00:00:fb|0|0|0|7|0|1309
10:1c:0c:1a:10:10|3|26|0|0|0|0
33:33:00:00:00:fb|0|0|0|7|0|1449
70:ee:50:73:4e:36|1|0|7|0|182|0
44:fe:3b:a8:69:27|0|1|0|7|0|182
a4:3e:a0:a4:2a:46|0|66|0|0|0|0
c8:66:5d:1f:4f:54|0|6|0|0|0|0
9e:bb:b2:44:4c:0c|0|6|0|0|0|0
64:b3:10:aa:e3:3c|1|12|0|0|0|0
33:33:00:00:00:01|0|0|0|3|0|584
33:33:00:00:00:16|0|0|0|2|0|248
01:00:5e:00:00:16|0|0|0|2|0|180
f0:5c:77:1a:f1:64|0|6|0|0|0|0
20:79:18:e7:01:8a|0|6|0|0|0|0
2a:3e:a9:a3:fd:8a|0|6|0|0|0|0
