29
b4:e6:2d:f6:b6:a5
6a:02:98:1e:7f:1f|1266|0|0|0|0|0
ff:ff:ff:ff:ff:ff|0|3518|0|152|0|43688
d8:b6:b7:7a:3a:61|1538|0|10|98|1018|2582
68:02:b8:1e:7f:1f|1268|0|159|0|44757|0
a4:3e:a0:a4:2a:46|0|114|0|0|0|0
e6:35:23:4e:ab:99|0|0|8|2|200|52
be:a5:3b:b9:3b:e2|0|236|0|0|0|0
0e:26:0a:2f:38:6b|0|0|49|0|1176|0
b4:e6:2d:f6:b6:a5|0|1|0|4|0|485
01:00:5e:00:00:fb|0|0|0|2|0|380
33:33:00:00:00:fb|0|0|0|2|0|420
f8:77:b8:53:10:e8|10|89|0|0|0|0
bc:54:51:02:a4:f0|0|0|25|1|822|26
84:16:f9:07:68:71|0|7|0|0|0|0
70:ee:50:73:4e:36|0|0|49|0|1270|0
b0:95:75:4b:b9:26|0|0|0|49|0|1270
26:17:dc:59:74:f7|0|0|16|2|384|52
cc:4b:73:b0:02:dc|0|7|0|0|0|0
f0:5c:77:1a:f1:64|0|7|0|0|0|0
64:b3:10:aa:e3:3c|0|19|0|0|0|0
33:33:00:00:00:01|0|0|0|3|0|584
8e:ce:84:5f:9c:42|2|31|0|0|0|0
c8:66:5d:1f:4f:54|0|6|0|0|0|0
6e:ed:c6:a7:29:9b|0|7|0|0|0|0
00:1c:bf:52:98:29|0|21|0|0|0|0
02:00:00:00:00:00|0|7|0|0|0|0
4e:7b:f8:e9:33:e6|0|7|0|0|0|0
d4:25:8b:33:b5:d5|0|7|0|0|0|0
01:00:5e:00:00:01|0|0|0|1|0|88
