39
b4:e6:2d:f6:c8:79
90:9a:4a:80:85:9e|1194|0|12|0|920|0
ff:ff:ff:ff:ff:ff|0|3066|0|35|0|4826
90:9a:4a:80:71:9a|1251|7|29|34|3165|5070
20:aa:4b:5b:e6:4b|536|0|23|0|3914|0
01:00:5e:00:00:01|0|0|0|2|0|168
b4:e6:2d:f6:c8:79|0|3|0|4|0|471
68:ff:7b:c5:ca:c9|202|0|0|0|0|0
28:6d:cd:09:2a:ea|0|0|19|5|3995|633
ca:f6:11:16:a6:b6|1|5|6|0|144|0
c0:06:c3:8f:c7:99|4|9|7|10|477|1023
54:60:09:e2:ee:aa|0|5|0|0|0|0
ec:5c:68:84:b1:4b|2|23|0|0|0|0
00:08:07:76:35:b7|0|2|0|0|0|0
c0:06:c3:8f:c0:7b|3|4|8|8|598|878
f2:9e:75:f6:f8:91|0|6|0|0|0|0
76:78:27:bc:20:c6|0|6|0|0|0|0
24:77:03:d4:12:38|6|9|0|0|0|0
44:07:0b:2f:49:8b|12|0|0|0|0|0
7c:2e:bd:f4:94:ee|9|0|0|0|0|0
ca:0b:d6:48:3d:4b|0|4|0|0|0|0
da:a1:19:58:58:58|0|3|0|0|0|0
f2:b2:80:0a:ea:79|4|14|0|0|0|0
9a:d5:f2:19:65:87|0|3|0|0|0|0
f0:ef:86:06:76:35|0|3|0|0|0|0
64:d1:a3:3c:1d:a0|0|0|0|6|0|144
3e:27:9b:86:71:c5|0|1|0|0|0|0
08:9e:08:bc:6c:2b|0|2|0|0|0|0
22:48:f8:26:26:64|2|11|0|0|0|0
9e:ab:89:2d:82:91|0|15|0|0|0|0
50:d4:f7:dc:1f:d0|1|0|0|0|0|0
20:1f:3b:3a:bb:3d|1|0|0|0|0|0
32:be:3d:7d:7f:a1|2|7|0|0|0|0
74:df:bf:45:ac:65|0|1|0|0|0|0
94:65:2d:d6:9c:46|0|1|0|0|0|0
4e:fc:2c:e1:ad:81|0|1|0|0|0|0
5e:e3:13:90:03:e4|0|11|0|0|0|0
f4:f5:d8:8d:f2:58|0|5|0|0|0|0
da:11:48:d1:c1:c1|0|1|0|0|0|0
32:2b:0e:af:72:d2|1|3|0|0|0|0
