41
b4:e6:2d:f6:c8:79
90:9a:4a:80:71:9a|1249|11|1426|934|1504697|298681
ff:ff:ff:ff:ff:ff|0|2407|0|12|0|1857
90:9a:4a:80:85:9e|1195|38|85|319|26109|7980
b4:e6:2d:f6:c8:79|0|1|0|3|0|376
f4:f5:d8:8d:f2:58|0|3|0|0|0|0
9e:ab:89:2d:82:91|4|12|157|5|3768|441
01:00:5e:7f:ff:fa|0|0|0|61|0|22885
01:00:5e:00:00:01|0|0|0|1|0|84
68:ff:7b:c5:ca:c9|82|0|0|0|0|0
a4:50:46:4c:af:3b|6|13|915|1408|296758|1502086
04:6c:59:1b:72:04|36|53|163|4|4644|666
20:1f:3b:3a:bb:3d|5|0|0|0|0|0
14:c1:4e:07:26:d2|1|0|0|0|0|0
20:aa:4b:5b:e6:4b|30|0|11|0|1752|0
00:08:07:76:35:b7|0|3|0|0|0|0
c0:06:c3:8f:c7:99|0|0|6|5|761|1019
44:07:0b:89:e4:ab|8|0|0|0|0|0
50:e0:85:84:55:94|3|17|0|0|0|0
c0:06:c3:8f:c0:7b|4|8|10|10|1084|1216
bc:54:2f:5e:b7:f3|0|2|0|0|0|0
10:fe:ed:dd:08:06|3|0|0|0|0|0
f0:f6:c1:d5:cb:42|0|6|0|0|0|0
