45
b4:e6:2d:f6:b6:a5
68:02:b8:1e:7f:1f|1341|0|80|0|35258|0
ff:ff:ff:ff:ff:ff|0|3105|0|0|0|0
6a:02:98:1e:7f:1f|1333|0|0|0|0|0
4a:0a:25:a4:3c:78|0|6|0|0|0|0
e4:57:40:c4:7c:81|466|0|0|0|0|0
f6:57:40:c4:7c:81|438|0|0|0|0|0
b4:e6:2d:f6:b6:a5|0|2|0|3|0|390
5c:f8:21:84:a4:31|0|77|0|0|0|0
a4:3e:a0:a4:2a:46|0|150|0|0|0|0
54:2a:a2:48:a3:f0|0|66|0|0|0|0
4a:03:32:16:fa:27|0|6|0|0|0|0
6e:19:02:67:ee:96|2|12|0|0|0|0
4c:dd:31:1a:15:c8|0|7|0|0|0|0
7c:1c:4e:74:5f:32|0|9|0|0|0|0
01:00:5e:7f:ff:fa|0|0|0|60|0|30806
6a:65:2b:68:2b:59|1|8|0|0|0|0
7e:a2:b2:70:46:0f|0|6|0|0|0|0
10:1c:0c:1a:10:10|0|48|0|0|0|0
72:63:31:21:cd:b3|2|0|0|0|0|0
26:84:b5:01:82:21|2|12|0|0|0|0
01:00:5e:00:00:fb|0|0|0|7|0|1669
33:33:00:00:00:fb|0|0|0|7|0|1809
7e:3b:4c:bf:cc:96|0|6|0|0|0|0
64:b3:10:aa:e3:3c|0|12|0|0|0|0
