50
b4:e6:2d:f6:c8:79
90:9a:4a:80:85:9e|1127|0|0|0|0|0
ff:ff:ff:ff:ff:ff|0|2695|0|26|0|2869
90:9a:4a:80:71:9a|1369|49|2880|1195|3545627|221836
20:aa:4b:5b:e6:4b|372|0|22|0|2605|0
b4:e6:2d:f6:c8:79|0|5|0|4|0|471
a4:50:46:4c:af:3b|43|93|1172|2860|219723|3541699
01:00:5e:7f:ff:fa|0|0|0|7|0|2727
28:6d:cd:09:2a:ea|1|3|3|0|78|0
b8:94:36:51:4e:c5|2|10|0|0|0|0
c0:06:c3:8f:c0:7b|5|11|12|2|1333|156
44:07:0b:2f:49:8b|6|0|1|0|26|0
f0:79:59:d6:09:10|0|0|0|1|0|26
f2:9e:75:f6:f8:91|0|3|0|0|0|0
00:1d:c9:07:2b:f1|6|0|0|0|0|0
44:07:0b:70:9e:93|1|0|0|0|0|0
20:df:b9:ac:28:3b|1|0|0|0|0|0
68:ff:7b:c5:ca:c9|34|0|0|0|0|0
6e:7d:8d:49:62:72|0|1|0|0|0|0
f4:f5:d8:84:58:92|0|2|0|0|0|0
c0:06:c3:8f:c7:99|0|0|8|1|702|78
a6:cc:c6:bb:ba:9d|1|2|0|0|0|0
48:5a:b6:22:0c:7e|3|6|0|0|0|0
01:00:5e:00:00:fa|0|0|0|2|0|228
b8:27:eb:81:9a:d6|0|2|0|0|0|0
33:33:00:00:00:01|0|0|0|1|0|120
f4:f2:6d:90:44:3c|3|0|1|0|116|0
08:9e:08:bc:6c:2b|0|2|0|0|0|0
1c:bf:ce:e3:fb:45|0|5|0|0|0|0
66:8c:f8:9b:7f:b2|1|3|0|0|0|0
74:df:bf:45:ac:65|0|5|0|0|0|0
46:3b:78:62:ec:7e|1|10|23|0|552|0
c4:12:f5:d1:17:6c|0|0|0|23|0|552
7e:4f:27:bb:e5:65|0|6|0|0|0|0
ac:d6:18:05:2a:70|4|10|0|0|0|0
ca:f6:11:16:a6:b6|0|1|0|0|0|0
7a:d9:cf:27:76:4f|0|1|0|0|0|0
c2:00:3a:22:ec:cd|0|2|0|0|0|0
9a:3d:9b:da:99:6d|2|5|0|0|0|0
56:68:61:2c:82:5b|2|10|0|0|0|0
76:78:27:bc:20:c6|0|3|0|0|0|0
b4:75:0e:da:6c:72|1|0|0|0|0|0
14:5a:fc:11:63:33|10|30|0|0|0|0
a0:2c:36:28:1e:19|0|3|0|0|0|0
56:a7:4a:b4:b5:05|1|1|0|0|0|0
c6:1d:d8:bc:1c:94|0|3|0|0|0|0
ee:f2:ec:4e:2a:74|0|1|0|0|0|0
