37
b4:e6:2d:f6:c8:79
90:9a:4a:80:71:9a|1232|9|21|126|2618|16144
ff:ff:ff:ff:ff:ff|0|3351|0|58|0|10980
20:aa:4b:5b:e6:4b|931|0|60|0|11214|0
90:9a:4a:80:85:9e|1138|0|4|0|312|0
68:ff:7b:c5:ca:c9|213|0|0|0|0|0
b4:e6:2d:f6:c8:79|0|2|0|4|0|454
c0:06:c3:8f:c0:7b|5|10|13|2|1524|156
a4:50:46:4c:af:3b|3|5|102|13|13842|1852
c0:06:c3:8f:c7:99|0|0|9|2|726|156
f0:ef:86:06:76:35|0|19|0|0|0|0
44:07:0b:2f:49:8b|15|0|0|0|0|0
34:c0:59:00:a0:8f|1|1|0|0|0|0
f0:ef:86:05:a3:fa|0|28|0|0|0|0
f4:f5:d8:8d:f2:58|1|13|0|0|0|0
44:07:0b:70:9e:93|5|0|0|0|0|0
b2:6e:08:c1:1c:37|0|11|0|0|0|0
00:08:03:bf:74:c3|0|2|0|0|0|0
b8:27:eb:81:9a:d6|0|7|0|0|0|0
33:33:00:00:00:01|0|0|0|1|0|120
9e:ab:89:2d:82:91|0|0|0|4|0|312
a0:2c:36:28:1e:19|0|3|0|0|0|0
28:6d:cd:09:2a:ea|1|3|2|0|52|0
e4:5f:01:5c:9d:89|0|13|0|0|0|0
16:f7:da:ad:14:11|0|6|0|0|0|0
cc:f4:11:a1:a0:2c|4|0|0|0|0|0
f4:f5:d8:84:58:92|0|1|0|0|0|0
e2:42:1d:b7:29:fe|6|20|0|0|0|0
9e:93:7a:3f:bd:3b|0|2|0|0|0|0
01:00:5e:00:00:fa|0|0|0|1|0|114
da:a1:19:03:03:03|1|11|0|0|0|0
86:66:c9:8c:1c:45|0|8|0|0|0|0
f0:f6:c1:d5:cb:42|0|10|0|0|0|0
a4:77:33:63:f5:7e|0|2|0|0|0|0
00:08:07:76:35:b7|0|1|0|0|0|0
54:60:09:e2:ee:aa|0|18|0|0|0|0
18:e8:29:91:3d:5e|1|0|0|0|0|0
08:9e:08:bc:6c:2b|0|1|0|0|0|0
