58
b4:e6:2d:f6:c8:79
90:9a:4a:80:85:9e|1090|0|0|0|0|0
ff:ff:ff:ff:ff:ff|0|3000|0|44|0|7658
20:aa:4b:5b:e6:4b|603|0|46|0|7892|0
90:9a:4a:80:71:9a|1209|10|32|67|4166|9992
c0:06:c3:8f:c0:7b|6|13|17|10|2031|1131
68:ff:7b:c5:ca:c9|248|0|9|0|1964|0
c0:06:c3:8f:c7:99|4|9|8|4|567|474
b4:e6:2d:f6:c8:79|0|1|0|6|0|1175
8e:73:3f:64:2f:9f|0|1|0|0|0|0
28:6d:cd:09:2a:ea|0|0|28|4|6154|474
74:df:bf:45:ac:65|0|2|0|0|0|0
01:00:5e:00:00:fb|0|0|0|8|0|1886
5e:ce:25:5d:b0:bf|1|2|0|0|0|0
44:07:0b:2f:49:8b|12|0|0|0|0|0
5a:4d:30:ce:a7:d8|1|8|0|0|0|0
a4:50:46:4c:af:3b|0|0|14|8|1240|912
0e:0f:97:8b:fc:7e|2|2|0|0|0|0
e2:47:21:f3:a4:f2|0|2|0|0|0|0
ce:06:2a:b8:5f:d8|0|5|0|0|0|0
3e:1b:e8:f7:4b:31|0|3|0|0|0|0
38:f9:d3:b3:0c:da|5|0|0|0|0|0
1c:bf:ce:e3:fb:45|0|6|0|0|0|0
e4:5f:01:78:c0:dc|0|1|0|0|0|0
5e:6e:f3:50:69:6f|0|3|0|0|0|0
6a:5b:81:53:40:7e|0|4|0|0|0|0
50:eb:71:d0:6d:35|0|7|0|0|0|0
2a:2d:97:6b:fa:e3|0|7|0|0|0|0
52:bf:af:2a:47:11|0|3|0|0|0|0
16:de:ff:64:c8:75|1|3|0|0|0|0
1e:f4:81:a9:8b:5d|0|3|0|0|0|0
20:df:b9:8e:c2:c7|1|0|0|0|0|0
00:08:07:76:35:b7|0|10|0|0|0|0
08:9e:08:bc:6c:2b|0|5|0|0|0|0
8e:34:f7:f7:95:b1|0|3|0|0|0|0
ca:f6:11:16:a6:b6|1|5|0|0|0|0
f4:f5:d8:8d:f2:58|2|4|0|0|0|0
58:ef:68:2a:26:ec|2|0|0|0|0|0
a0:78:17:a1:19:64|0|0|0|1|0|78
12:43:02:46:be:8b|1|7|0|0|0|0
f2:a4:75:8e:a2:7e|0|4|0|0|0|0
ee:9f:90:c7:d1:71|0|6|0|0|0|0
12:1f:bb:2c:59:24|0|2|0|0|0|0
4e:f4:a0:37:73:f3|1|6|0|0|0|0
44:07:0b:70:9e:93|1|0|0|0|0|0
a8:6d:aa:73:88:1d|0|6|0|0|0|0
5a:d4:66:91:6f:a3|0|7|0|0|0|0
7e:56:c0:4e:95:dd|0|1|0|0|0|0
33:33:00:00:00:01|0|0|0|1|0|120
