65
b4:e6:2d:f6:c8:79
68:ff:7b:c5:ca:c9|411|0|0|0|0|0
ff:ff:ff:ff:ff:ff|0|2969|0|11|0|1424
90:9a:4a:80:85:9e|1204|0|0|0|0|0
90:9a:4a:80:71:9a|1257|3|16|35|1878|5464
20:aa:4b:5b:e6:4b|241|0|7|0|948|0
54:60:09:e2:ee:aa|0|9|0|0|0|0
0a:92:d0:ed:85:f7|0|4|0|0|0|0
28:6d:cd:09:2a:ea|0|0|23|4|4732|474
ec:5c:68:84:b1:4b|3|26|0|0|0|0
d6:b6:11:b2:31:20|1|1|0|0|0|0
c0:06:c3:8f:c7:99|3|8|7|4|612|474
f2:9e:75:f6:f8:91|0|2|0|0|0|0
1a:fc:c8:a0:c7:df|0|2|0|0|0|0
7e:db:ca:97:dd:bf|0|2|0|0|0|0
2a:17:65:91:0a:ca|1|5|0|0|0|0
c0:06:c3:8f:c0:7b|0|0|5|0|120|0
00:08:07:76:35:b7|0|2|0|0|0|0
9e:24:6e:e2:f4:e4|1|4|0|0|0|0
44:07:0b:6c:b6:e3|5|0|0|0|0|0
ca:f6:11:16:a6:b6|1|9|2|0|48|0
b4:e6:2d:f6:c8:79|0|2|0|4|0|454
fa:ba:a8:26:bd:1a|0|2|0|0|0|0
74:df:bf:45:ac:65|0|3|0|0|0|0
f2:36:4c:f1:89:aa|0|1|0|0|0|0
9e:a2:7b:bd:51:90|0|1|0|0|0|0
a2:58:4e:f3:9f:3e|0|1|0|0|0|0
72:b6:46:ff:24:dc|0|1|0|0|0|0
da:a1:19:17:17:17|0|6|0|0|0|0
44:07:0b:89:e4:ab|10|0|0|0|0|0
2e:e2:cb:55:cb:81|0|2|0|0|0|0
a2:fe:7b:81:9b:1c|1|1|0|0|0|0
44:07:0b:2f:49:8b|14|0|0|0|0|0
da:a1:19:19:64:db|0|3|0|0|0|0
02:9e:9d:7d:ea:7e|0|4|0|0|0|0
24:77:03:d4:12:38|3|6|0|0|0|0
62:fd:77:48:f4:b9|0|3|0|0|0|0
b2:63:ad:bc:ad:61|0|1|0|0|0|0
84:4b:f5:19:a0:99|0|1|0|0|0|0
de:ea:d2:db:8a:ca|1|3|0|0|0|0
9a:d5:f2:19:65:87|0|13|0|0|0|0
26:4b:f5:19:a0:99|0|2|0|0|0|0
fe:17:f1:a0:c4:ce|0|0|8|0|192|0
00:31:92:b2:52:69|0|0|0|8|0|192
6e:7a:5d:c0:e6:87|1|4|0|0|0|0
b4:75:0e:da:6c:72|1|0|0|0|0|0
b4:75:0e:da:6c:73|2|0|0|0|0|0
08:9e:08:bc:6c:2b|0|5|0|0|0|0
4e:96:ea:00:dd:97|0|1|0|0|0|0
