24
b4:e6:2d:f6:b6:a5
68:02:b8:1e:7f:1f|1268|0|16|0|3552|0
ff:ff:ff:ff:ff:ff|0|2946|0|35|0|2840
6a:02:98:1e:7f:1f|1264|0|0|0|0|0
44:fe:3b:06:5c:71|495|0|35|0|2840|0
01:00:5e:00:00:fb|0|0|0|5|0|1239
33:33:00:00:00:fb|0|0|0|5|0|1339
10:1c:0c:1a:10:10|3|38|0|0|0|0
72:fe:3b:06:5c:73|215|0|0|0|0|0
33:33:00:00:00:01|0|0|0|3|0|584
b4:e6:2d:f6:b6:a5|0|1|0|3|0|390
70:ee:50:73:4e:36|0|0|149|0|3874|0
b0:95:75:4b:b9:26|0|0|0|149|0|3874
9c:5d:12:d7:43:d4|0|18|0|0|0|0
a4:3e:a0:a4:2a:46|0|143|0|0|0|0
16:68:40:ca:6c:ed|0|2|0|0|0|0
58:b1:0f:56:36:08|0|28|0|0|0|0
a2:53:7e:b2:fd:65|0|1|0|0|0|0
2c:db:07:46:b4:19|0|6|0|0|0|0
d8:8c:79:90:f4:9b|0|6|0|0|0|0
26:6f:1d:c2:e2:46|0|22|0|0|0|0
f0:5c:77:1a:f1:64|0|8|0|0|0|0
fa:9a:26:68:da:38|0|6|0|0|0|0
c8:66:5d:1f:4f:54|0|6|0|0|0|0
64:b3:10:aa:e3:3c|0|14|0|0|0|0
