49
b4:e6:2d:f6:c8:79
90:9a:4a:80:85:9e|1096|0|7731|24|5874590|576
9e:ab:89:2d:82:91|0|3|24|7730|576|5874506
90:9a:4a:80:71:9a|1342|10|14|32|1547|2581
ff:ff:ff:ff:ff:ff|0|2632|0|15|0|2514
68:ff:7b:c5:ca:c9|224|0|0|0|0|0
a4:50:46:4c:af:3b|0|0|9|0|684|0
b4:e6:2d:f6:c8:79|0|1|0|6|0|721
20:aa:4b:5b:e6:4b|161|0|22|6|3281|156
c0:06:c3:8f:c0:7b|8|10|13|5|1276|511
f4:f5:d8:8d:f2:58|2|0|0|0|0|0
20:1f:3b:3a:bb:3d|4|0|0|0|0|0
54:2a:a2:73:c6:e9|5|68|0|0|0|0
c6:f1:49:a7:ef:79|0|1|0|0|0|0
cc:f4:11:a1:a0:2c|0|17|0|0|0|0
48:5a:b6:22:0c:7e|0|19|0|0|0|0
28:6d:cd:09:2a:ea|2|3|3|0|78|0
10:fe:ed:a2:a3:dc|0|0|1|0|103|0
4c:1d:96:02:c9:98|0|0|0|1|0|103
56:68:61:2c:82:5b|0|6|0|0|0|0
e6:1d:78:73:e4:e3|0|0|6|3|156|309
96:d6:a9:5a:85:0f|2|11|0|0|0|0
58:ef:68:2a:26:ec|5|0|0|0|0|0
f0:ef:86:21:66:5f|0|2|0|0|0|0
01:00:5e:00:00:fb|0|0|0|1|0|121
33:33:00:00:00:fb|0|0|0|1|0|141
3c:8d:20:4f:d8:e9|3|0|0|0|0|0
c0:06:c3:8f:c7:99|0|0|7|3|543|315
4a:22:3f:8d:29:15|1|6|0|0|0|0
4e:9c:96:d3:ab:60|0|3|0|0|0|0
24:77:03:d4:12:38|0|12|0|0|0|0
da:a1:19:c4:06:ac|0|1|0|0|0|0
44:07:0b:70:9e:93|2|0|0|0|0|0
da:6f:db:6d:0b:4e|0|3|0|0|0|0
44:07:0b:2f:49:8b|7|0|0|0|0|0
72:33:01:77:46:c1|3|6|0|0|0|0
0a:2e:4a:29:7b:a0|0|2|0|0|0|0
ee:7f:4f:82:c1:2a|0|2|0|0|0|0
54:60:09:e2:ee:aa|0|2|0|0|0|0
01:00:5e:00:00:01|0|0|0|2|0|160
4a:23:3b:a1:11:90|0|1|0|0|0|0
2a:47:00:b3:70:57|3|9|0|0|0|0
ce:d5:4c:52:c3:f9|1|9|0|0|0|0
d6:68:81:85:17:18|0|9|0|0|0|0
e4:5f:01:5c:9d:89|0|1|0|0|0|0
3e:c2:e0:e1:09:f2|0|2|0|0|0|0
33:33:00:00:00:01|0|0|0|1|0|120
e6:3f:1f:e3:2c:b7|1|7|0|0|0|0
16:9d:6f:1b:4b:84|0|8|0|0|0|0
ec:5c:68:84:b1:4b|0|6|0|0|0|0
