43
b4:e6:2d:f6:c8:79
90:9a:4a:80:71:9a|1362|6|10|42|1487|3948
ff:ff:ff:ff:ff:ff|0|2487|0|11|0|1657
20:aa:4b:5b:e6:4b|425|0|12|0|1733|0
90:9a:4a:80:85:9e|518|1|3|62|234|1488
b4:e6:2d:f6:c8:79|0|2|0|5|0|549
68:ff:7b:c5:ca:c9|334|0|0|0|0|0
00:1d:c9:07:2b:f1|19|0|0|0|0|0
34:f6:4b:e3:9c:e8|0|3|0|0|0|0
54:2a:a2:73:c6:e9|14|123|0|0|0|0
76:78:27:bc:20:c6|0|3|0|0|0|0
20:1f:3b:3a:bb:3d|4|0|0|0|0|0
a4:50:46:4c:af:3b|0|0|21|0|1724|0
9e:ab:89:2d:82:91|1|20|62|3|1488|234
f4:f5:d8:8d:f2:58|4|4|0|0|0|0
50:e0:85:84:55:94|3|6|0|0|0|0
ae:8e:6f:61:4c:02|1|3|0|0|0|0
3a:37:31:36:67:5d|1|3|0|0|0|0
e4:5f:01:5c:9d:89|0|2|0|0|0|0
48:5a:b6:22:0c:7e|0|8|0|0|0|0
20:df:b9:8e:c2:c7|1|0|0|0|0|0
e6:09:33:6a:b6:d7|0|5|0|0|0|0
24:77:03:d4:12:38|2|6|0|0|0|0
b4:75:0e:da:6c:72|4|0|0|0|0|0
b4:75:0e:da:6c:73|7|0|0|0|0|0
f0:ef:86:21:66:5f|0|4|0|0|0|0
98:de:d0:53:6c:22|0|1|0|0|0|0
c0:06:c3:8f:c7:99|0|0|9|3|1088|782
c0:06:c3:8f:c0:7b|4|8|10|2|1084|156
b8:27:eb:81:9a:d6|0|3|0|0|0|0
28:6d:cd:09:2a:ea|2|3|2|0|52|0
54:60:09:e2:ee:aa|0|4|0|0|0|0
44:07:0b:6c:b6:e3|6|0|0|0|0|0
e0:b6:55:51:29:ba|0|1|0|0|0|0
44:07:0b:2f:49:8b|7|0|0|0|0|0
ec:5c:68:84:b1:4b|3|15|0|0|0|0
ee:4e:4e:c7:f2:8c|0|3|0|0|0|0
62:e8:50:36:b3:f3|1|0|0|0|0|0
c0:87:eb:8e:48:ef|0|3|0|0|0|0
f0:ef:86:06:76:35|0|3|0|0|0|0
f4:f2:6d:90:44:3c|2|0|0|0|0|0
00:08:07:76:35:b7|0|1|0|0|0|0
01:00:5e:00:00:01|0|0|0|1|0|76
54:13:79:4a:51:ad|6|0|0|0|0|0
