21
b4:e6:2d:f6:b6:a5
68:02:b8:1e:7f:1f|1306|0|84|0|35277|0
ff:ff:ff:ff:ff:ff|0|2262|0|0|0|0
6a:02:98:1e:7f:1f|1231|0|0|0|0|0
b4:e6:2d:f6:b6:a5|0|2|0|3|0|390
54:2a:a2:48:a3:f0|0|36|0|0|0|0
a2:41:78:6b:a9:d2|0|6|0|0|0|0
10:1c:0c:1a:10:10|2|54|0|0|0|0
01:00:5e:7f:ff:fa|0|0|0|59|0|30303
01:00:5e:00:00:fb|0|0|0|12|0|2235
33:33:00:00:00:fb|0|0|0|6|0|1533
a4:3e:a0:a4:2a:46|0|120|0|0|0|0
70:bc:10:16:23:53|0|6|0|0|0|0
33:33:00:00:00:01|0|0|0|4|0|816
7a:19:06:93:b7:a9|0|6|0|0|0|0
4a:1d:5e:e0:f4:22|0|6|0|0|0|0
26:94:9b:c4:cd:39|2|0|0|0|0|0
3e:59:99:95:15:7a|0|5|0|0|0|0
0e:98:d7:8a:ab:36|0|6|0|0|0|0
1c:30:08:19:1b:90|3|30|0|0|0|0
7c:1c:4e:74:5f:32|0|6|0|0|0|0
e4:57:40:c4:7c:81|1|0|0|0|0|0
