32
b4:e6:2d:f6:c8:79
90:9a:4a:80:85:9e|1084|1|5|14|396|336
ff:ff:ff:ff:ff:ff|0|2912|0|22|0|3461
90:9a:4a:80:71:9a|1187|4|55|69|7648|8395
c0:06:c3:8f:c7:99|0|0|9|5|726|552
20:aa:4b:5b:e6:4b|557|0|23|0|3581|0
68:ff:7b:c5:ca:c9|131|0|0|0|0|0
20:1f:3b:3a:bb:3d|4|0|0|0|0|0
1c:bf:ce:e3:fb:45|0|4|0|0|0|0
f4:f5:d8:8d:f2:58|1|2|0|0|0|0
a4:50:46:4c:af:3b|0|0|27|28|1430|4348
b4:e6:2d:f6:c8:79|0|2|0|4|0|454
50:d4:f7:59:b0:8b|1|0|0|0|0|0
f0:ef:86:06:76:35|0|7|0|0|0|0
a0:2c:36:28:1e:19|0|3|0|0|0|0
28:6d:cd:09:2a:ea|0|0|23|10|5155|1428
b8:27:eb:81:9a:d6|0|4|0|0|0|0
da:a1:19:c1:c1:c1|1|9|0|0|0|0
9e:ab:89:2d:82:91|1|2|14|4|336|312
01:00:5e:00:00:01|0|0|0|1|0|84
00:08:07:76:35:b7|0|3|0|0|0|0
c0:06:c3:8f:c0:7b|4|8|10|8|1084|866
94:65:2d:d6:9c:46|0|1|0|0|0|0
00:08:10:80:dc:7a|0|1|0|0|0|0
e4:5f:01:5c:9d:89|0|3|0|0|0|0
50:eb:71:d0:6d:35|0|2|0|0|0|0
44:07:0b:2f:49:8b|6|0|0|0|0|0
33:33:00:00:00:01|0|0|0|1|0|120
ac:d1:b8:8d:4b:a1|0|2|0|0|0|0
f0:ef:86:21:66:5f|0|1|0|0|0|0
46:3b:78:62:ec:7e|1|7|0|0|0|0
f0:5c:77:12:21:75|0|1|0|0|0|0
44:07:0b:70:9e:93|1|0|0|0|0|0
