55
b4:e6:2d:f6:b6:a5
b0:c2:87:78:a6:a2|698|0|117|0|34275|0
ff:ff:ff:ff:ff:ff|0|6302|0|344|0|79840
b2:c2:87:78:a6:a3|688|0|0|0|0|0
54:be:f7:19:78:e1|765|0|26|0|9612|0
70:2e:22:8d:72:74|1180|50|57|16|23268|572
68:02:b8:1e:7f:1f|1314|0|312|0|65100|0
6a:02:98:1e:7f:1f|1304|0|0|0|0|0
0c:54:a5:02:31:6d|463|0|23|0|8528|0
0e:54:a5:02:31:6e|467|0|0|0|0|0
01:00:5e:7f:ff:fa|0|0|0|111|0|46037
01:00:5e:00:00:fb|0|0|0|26|0|5483
33:33:00:00:00:fb|0|0|0|23|0|5571
d8:61:62:40:7e:9b|0|0|0|2|0|207
00:0c:43:18:8e:7b|50|38|16|0|572|0
b4:e6:2d:f6:b6:a5|0|1|0|4|0|482
c8:66:5d:1f:4f:54|0|24|0|0|0|0
90:5c:44:cf:f6:c9|4|0|0|0|0|0
b4:fb:e3:fc:1e:95|0|134|0|0|0|0
92:5c:14:cf:f6:c9|20|0|0|0|0|0
5c:f8:21:84:a4:31|0|109|0|0|0|0
4c:dd:31:1a:15:c8|0|2|0|0|0|0
a4:3e:a0:a4:2a:46|8|78|0|0|0|0
01:00:5e:00:fb:60|0|0|0|2|0|160
01:00:5e:00:00:01|0|0|0|1|0|80
8e:ce:84:5f:9c:42|6|72|0|0|0|0
72:26:c5:63:81:73|0|20|0|0|0|0
80:1f:02:c6:a5:9c|1|0|0|0|0|0
33:33:00:00:00:01|0|0|0|4|0|816
01:00:5e:00:00:16|0|0|0|2|0|186
84:16:f9:07:68:71|1|9|0|0|0|0
6a:02:98:76:3c:e4|4|0|0|0|0|0
10:1c:0c:1a:10:10|3|33|0|0|0|0
a6:8d:77:7f:6d:6a|0|4|0|0|0|0
33:33:00:01:00:03|0|0|0|3|0|381
ac:67:84:9f:f1:e2|0|11|0|0|0|0
8a:8e:cf:3f:58:ca|0|11|0|0|0|0
f8:77:b8:53:10:e8|6|48|0|0|0|0
ba:9f:31:f7:09:ae|2|22|0|0|0|0
dc:f7:56:40:0f:c6|0|1|0|0|0|0
5c:f5:da:b6:d8:02|0|1|0|0|0|0
00:23:12:25:4e:12|0|2|0|0|0|0
68:02:b8:76:3c:e4|7|0|0|0|0|0
cc:88:26:2e:80:83|3|0|0|0|0|0
f0:72:ea:da:42:c6|0|9|0|0|0|0
98:e0:d9:e0:c9:ed|0|3|0|0|0|0
33:33:ff:a5:4e:19|0|0|0|1|0|120
33:33:00:00:00:02|0|0|0|1|0|96
33:33:ff:47:43:51|0|0|0|1|0|120
33:33:ff:3a:06:2e|0|0|0|4|0|480
33:33:00:00:00:16|0|0|0|2|0|288
33:33:00:01:00:02|0|0|0|1|0|132
01:00:5e:00:00:02|0|0|0|1|0|90
01:00:5e:00:00:fc|0|0|0|2|0|214
80:be:05:5f:13:d9|0|4|0|0|0|0
c8:c7:50:54:2d:82|0|6|0|0|0|0
