49
b4:e6:2d:f6:c8:79
20:aa:4b:5b:e6:4b|461|0|23|0|3805|0
ff:ff:ff:ff:ff:ff|0|3482|0|22|0|3980
90:9a:4a:80:85:9e|1194|0|5|1|503|24
90:9a:4a:80:71:9a|1391|6|9|52|856|8420
68:ff:7b:c5:ca:c9|841|0|0|0|0|0
b4:e6:2d:f6:c8:79|0|1|0|3|0|376
80:91:33:25:67:05|18|119|0|0|0|0
f4:f5:d8:8d:f2:58|8|3|0|0|0|0
28:6d:cd:09:2a:ea|0|0|29|2|6404|156
c0:06:c3:8f:c7:99|2|4|5|1|240|78
94:9f:3e:84:df:5a|0|25|0|0|0|0
20:1f:3b:3a:bb:3d|23|164|0|0|0|0
c0:06:c3:8f:c0:7b|4|8|13|3|1490|246
22:51:47:0d:35:89|0|4|0|0|0|0
20:df:b9:ac:28:3b|2|0|0|0|0|0
a8:6d:aa:73:88:1d|0|37|0|0|0|0
9e:ab:89:2d:82:91|0|2|1|4|24|419
44:07:0b:2f:49:8b|5|0|0|0|0|0
38:8b:59:29:24:78|3|0|0|0|0|0
f2:a2:9b:51:74:52|0|0|2|0|48|0
0c:80:63:47:1f:23|0|0|0|2|0|48
da:a1:19:55:55:55|1|5|0|0|0|0
3c:8d:20:4f:d8:e9|4|0|0|0|0|0
50:e0:85:84:55:94|4|16|0|0|0|0
01:00:5e:00:00:fb|0|0|0|2|0|229
54:60:09:e2:ee:aa|0|3|0|0|0|0
44:07:0b:60:bf:75|5|0|0|0|0|0
b8:27:eb:81:9a:d6|0|1|0|0|0|0
f0:ef:86:06:76:35|0|26|0|0|0|0
f0:ef:86:21:66:5f|0|3|0|0|0|0
22:41:81:c1:71:48|0|5|0|0|0|0
00:08:07:76:35:b7|0|3|0|0|0|0
a4:50:46:4c:af:3b|0|1|5|0|286|0
d2:a1:5f:78:dd:af|0|2|0|0|0|0
00:31:92:b2:52:69|1|0|0|0|0|0
e4:5f:01:5c:9d:89|0|1|0|0|0|0
33:33:00:00:00:01|0|0|0|1|0|120
44:07:0b:70:9e:93|2|0|0|0|0|0
84:d8:1b:29:48:82|0|0|1|0|120|0
f0:f6:c1:d5:cb:42|0|3|0|0|0|0
62:e8:50:36:b3:f3|2|0|0|0|0|0
7c:2e:bd:f4:94:ee|29|73|0|0|0|0
06:92:6d:b3:e8:ec|0|1|0|0|0|0
01:00:5e:00:00:01|0|0|0|2|0|164
08:9e:08:bc:6c:2b|0|2|0|0|0|0
6a:a7:b9:89:64:11|0|0|2|0|484|0
14:c1:4e:07:26:d2|2|0|0|0|0|0
42:3d:e0:86:2a:04|0|1|0|0|0|0
f4:f5:d8:84:58:92|0|1|0|0|0|0
