15
b4:e6:2d:f6:b6:a5
68:02:b8:1e:7f:1f|1245|0|6|0|974|0
ff:ff:ff:ff:ff:ff|0|2347|0|0|0|0
6a:02:98:1e:7f:1f|1244|0|0|0|0|0
b4:e6:2d:f6:b6:a5|0|1|0|3|0|390
a4:3e:a0:a4:2a:46|0|60|0|0|0|0
36:2a:2d:21:61:bf|0|6|0|0|0|0
c8:66:5d:1f:4f:54|0|6|0|0|0|0
70:ee:50:73:4e:36|0|0|40|0|1034|0
b0:95:75:4b:b9:26|0|0|0|40|0|1034
10:1c:0c:1a:10:10|2|24|0|0|0|0
58:b1:0f:56:36:08|0|6|0|0|0|0
1a:87:40:33:33:74|0|18|0|0|0|0
64:b3:10:aa:e3:3c|1|18|0|0|0|0
33:33:00:00:00:01|0|0|0|3|0|584
e6:81:bc:99:f5:df|0|6|0|0|0|0
