50
b4:e6:2d:f6:c8:79
90:9a:4a:80:85:9e|1252|0|6|0|474|0
ff:ff:ff:ff:ff:ff|0|3476|0|35|0|5975
90:9a:4a:80:71:9a|1276|15|424|564|209872|177206
20:aa:4b:5b:e6:4b|755|0|37|52|6209|2020
68:ff:7b:c5:ca:c9|447|0|0|0|0|0
28:6d:cd:09:2a:ea|0|0|29|16|6313|1905
cc:50:e3:f0:6b:20|0|0|52|0|2020|0
56:c0:e9:d8:c2:5e|0|1|0|0|0|0
b4:e6:2d:f6:c8:79|0|3|0|13|0|1588
a4:50:46:4c:af:3b|5|10|521|355|169895|202193
80:91:33:25:67:05|0|87|0|0|0|0
06:7a:12:71:de:2f|0|3|0|0|0|0
c0:06:c3:8f:c0:7b|4|8|8|11|614|1315
9e:ab:89:2d:82:91|0|2|0|5|0|390
e2:f3:5c:3e:9a:5e|4|13|0|0|0|0
20:df:b9:ac:28:3b|3|0|0|0|0|0
f0:ef:86:06:76:35|0|16|0|0|0|0
f0:ef:86:05:a3:fa|0|18|0|0|0|0
01:00:5e:00:00:01|0|0|0|1|0|84
02:95:be:c2:bd:8e|0|3|0|0|0|0
3c:8d:20:4f:d8:e9|3|0|0|0|0|0
c0:06:c3:8f:c7:99|6|12|6|29|384|2871
00:08:07:76:35:b7|0|8|0|0|0|0
f4:f5:d8:8d:f2:58|8|5|0|0|0|0
f2:ff:8b:7d:53:42|0|2|0|0|0|0
da:a1:19:cb:cb:cb|0|6|0|0|0|0
7c:2e:bd:f4:94:ee|7|0|0|0|0|0
44:07:0b:70:9e:93|5|0|0|0|0|0
54:60:09:e2:ee:aa|0|7|0|0|0|0
e4:5f:01:78:c0:dc|0|2|0|0|0|0
fe:04:43:e1:eb:eb|0|4|0|0|0|0
ae:b6:b8:4d:f2:2d|0|12|0|0|0|0
08:9e:08:bc:6c:2b|0|3|0|0|0|0
4c:fc:aa:04:11:a9|0|5|0|0|0|0
44:07:0b:6c:b6:e3|2|0|0|0|0|0
32:6c:6c:2a:0f:aa|0|14|0|0|0|0
62:e1:2e:eb:11:89|0|3|0|0|0|0
94:9f:3e:84:df:5a|0|3|0|0|0|0
8e:17:d7:60:bb:86|0|2|0|0|0|0
14:c1:4e:07:26:d2|2|0|0|0|0|0
b8:27:eb:81:9a:d6|0|3|0|0|0|0
1e:be:c4:d7:75:3f|0|14|0|0|0|0
e4:5f:01:5c:9d:89|0|1|0|0|0|0
d6:0a:b3:11:85:97|0|4|0|0|0|0
d6:eb:ed:d3:13:cd|0|1|0|0|0|0
76:fe:fa:20:0a:66|0|4|0|0|0|0
01:00:5e:00:00:fa|0|0|0|1|0|114
