32
b4:e6:2d:f6:b6:a5
68:02:b8:1e:7f:1f|1256|0|226|28|48840|832
ff:ff:ff:ff:ff:ff|0|3519|0|132|0|12254
6a:02:98:1e:7f:1f|1255|0|0|0|0|0
d8:b6:b7:7a:3a:61|1311|0|23|59|2826|1751
b4:e6:2d:f6:b6:a5|0|2|0|3|0|390
4e:9b:05:55:9f:ce|0|0|28|4|832|459
0e:26:0a:2f:38:6b|0|0|1|2|24|52
bc:54:51:02:a4:f0|0|0|34|2|1145|52
26:17:dc:59:74:f7|0|0|9|2|216|52
e6:35:23:4e:ab:99|0|0|15|1|366|26
70:2e:22:8d:72:74|11|0|1|0|499|0
01:00:5e:00:00:fb|0|0|0|16|0|2571
01:00:5e:7f:ff:fa|0|0|0|76|0|34320
64:b3:10:aa:e3:3c|0|19|0|0|0|0
a4:3e:a0:a4:2a:46|0|108|0|0|0|0
5c:f8:21:84:a4:31|0|1|0|0|0|0
84:16:f9:07:68:71|0|14|0|0|0|0
54:2a:a2:48:a3:f0|0|88|0|0|0|0
20:79:18:e7:01:8a|0|7|0|0|0|0
33:33:00:00:00:fb|0|0|0|9|0|1719
01:00:5e:00:00:02|0|0|0|1|0|90
c6:7e:21:f9:91:ac|0|7|0|0|0|0
00:0c:43:18:8e:7b|0|1|0|0|0|0
52:bd:d3:8f:c8:2f|0|8|0|0|0|0
c8:66:5d:1f:4f:54|0|19|0|0|0|0
f0:5c:77:1a:f1:64|0|7|0|0|0|0
78:9f:70:2b:86:c6|1|0|0|0|0|0
d8:8c:79:90:f4:9b|0|7|0|0|0|0
4c:fc:aa:04:03:83|0|7|0|0|0|0
01:00:5e:00:00:01|0|0|0|1|0|88
01:00:5e:00:00:16|0|0|0|1|0|92
70:bc:10:16:23:53|0|20|0|0|0|0
