58
b4:e6:2d:f6:c8:79
90:9a:4a:80:71:9a|1248|7|25|144|3953|20424
ff:ff:ff:ff:ff:ff|0|2528|0|18|0|1527
20:aa:4b:5b:e6:4b|516|0|20|0|1785|0
90:9a:4a:80:85:9e|595|0|20|430|6728|10320
9e:ab:89:2d:82:91|0|0|430|6|10320|468
68:ff:7b:c5:ca:c9|289|0|5|0|785|0
3a:26:c1:b5:22:6b|0|3|0|0|0|0
36:24:87:b5:f8:6d|1|0|0|0|0|0
7a:60:83:64:24:8d|1|1|0|0|0|0
01:00:5e:00:00:01|0|0|0|1|0|84
b4:e6:2d:f6:c8:79|0|2|0|3|0|376
33:33:00:00:00:16|0|0|0|1|0|144
28:6d:cd:09:2a:ea|0|0|31|3|6973|315
a4:50:46:4c:af:3b|3|2|98|11|11762|1518
50:eb:71:d0:6d:35|0|3|0|0|0|0
fa:ee:00:f0:64:fc|0|1|0|0|0|0
00:08:07:76:35:b7|0|4|0|0|0|0
f2:b2:80:0a:ea:79|1|0|0|0|0|0
c0:06:c3:8f:c0:7b|4|8|9|4|994|336
de:f6:3a:b7:6d:f2|0|7|0|0|0|0
44:07:0b:2f:49:8b|7|0|0|0|0|0
a0:2c:36:28:1e:19|0|6|0|0|0|0
44:07:0b:70:9e:93|2|0|0|0|0|0
01:00:5e:7f:ff:fa|0|0|0|14|0|6260
50:e0:85:84:55:94|3|16|0|0|0|0
ae:37:1c:e5:3b:f9|0|1|0|0|0|0
c0:06:c3:8f:c7:99|0|0|6|4|695|1408
94:f6:d6:75:55:7e|2|0|0|0|0|0
a2:f2:5a:03:af:dc|0|2|0|0|0|0
1c:bf:ce:e3:fb:45|0|2|0|0|0|0
b8:27:eb:81:9a:d6|0|2|0|0|0|0
5e:64:22:ce:a1:2c|0|14|0|0|0|0
7a:66:a5:89:94:d4|0|10|0|0|0|0
ae:5e:78:c3:f9:96|0|2|0|0|0|0
1a:a5:c3:61:4f:b6|0|0|0|1|0|78
ca:f6:11:16:a6:b6|0|4|0|0|0|0
f4:f5:d8:8d:f2:58|0|6|0|0|0|0
54:60:09:e2:ee:aa|0|5|0|0|0|0
ec:5c:68:84:b1:4b|0|12|0|0|0|0
fe:33:42:12:eb:0f|0|1|0|0|0|0
46:3b:78:62:ec:7e|0|10|0|0|0|0
7c:b2:7d:d3:ca:b1|1|3|0|0|0|0
b6:cd:42:e9:77:6d|0|1|0|0|0|0
e6:b3:72:d4:95:c4|0|5|0|0|0|0
0a:83:de:f2:e7:15|1|3|0|0|0|0
01:00:5e:00:00:fb|0|0|0|3|0|623
01:00:5e:00:00:fa|0|0|0|1|0|114
20:1f:3b:3a:bb:3d|3|0|0|0|0|0
4c:fc:aa:30:f4:e9|0|1|0|0|0|0
3c:f0:11:c4:ac:66|0|4|0|0|0|0
ac:d1:b8:8d:4b:a1|0|1|0|0|0|0
64:5d:86:d7:5d:f2|3|0|0|0|0|0
a6:60:a4:87:21:2d|1|3|0|0|0|0
5c:5f:67:4a:d7:b0|1|0|0|0|0|0
08:9e:08:49:f2:bd|0|1|0|0|0|0
2a:bc:ba:1a:17:97|0|1|0|0|0|0
26:26:d4:67:4f:67|2|3|0|0|0|0
ea:92:d9:2a:d0:62|1|0|0|0|0|0
