57
b4:e6:2d:f6:c8:79
90:9a:4a:80:85:9e|973|37|74|707|22717|17717
ff:ff:ff:ff:ff:ff|0|2976|0|37|0|6600
20:aa:4b:5b:e6:4b|598|0|36|0|6468|0
04:6c:59:1b:72:04|32|53|323|5|8398|390
90:9a:4a:80:71:9a|1287|29|8553|2582|9929899|564218
68:ff:7b:c5:ca:c9|316|0|0|0|0|0
a4:50:46:4c:af:3b|27|57|2558|8536|560848|9927958
46:3b:78:62:ec:7e|1|3|16|0|384|0
c4:12:f5:d1:17:6c|0|0|0|16|0|384
9e:ab:89:2d:82:91|7|21|384|4|9319|312
4a:a2:72:ea:4c:99|8|36|0|0|0|0
b4:e6:2d:f6:c8:79|0|1|0|3|0|376
a2:e0:6c:67:3c:21|0|0|17|0|408|0
c8:b3:73:1d:6a:02|0|0|0|17|0|408
28:6d:cd:09:2a:ea|0|0|10|5|2237|552
54:2a:1b:bf:a4:7e|9|14|0|0|0|0
54:60:09:e2:ee:aa|0|1|0|0|0|0
50:e0:85:84:55:94|3|16|0|0|0|0
01:00:5e:7f:ff:fa|0|0|0|56|0|20927
a2:3f:48:c4:7f:35|0|2|0|0|0|0
7c:d9:5c:62:1d:99|2|0|0|0|0|0
c0:06:c3:8f:c0:7b|4|8|8|7|734|776
38:87:d5:8a:96:cf|1|1|0|0|0|0
3c:f0:11:c4:ac:66|1|0|0|0|0|0
44:07:0b:70:9e:93|6|0|0|0|0|0
bc:54:2f:5e:b7:f3|1|11|0|0|0|0
c0:06:c3:8f:c7:99|2|4|6|2|399|237
46:74:da:1d:57:a0|0|3|0|0|0|0
62:e8:50:36:b3:f3|2|0|0|0|0|0
84:e3:42:4b:9d:4f|4|0|0|0|0|0
ce:b7:e4:38:41:52|0|1|0|0|0|0
01:00:5e:00:00:fa|0|0|0|2|0|228
01:00:5e:00:00:fb|0|0|0|3|0|436
64:5d:86:d7:5d:f2|3|0|0|0|0|0
44:07:0b:60:bf:75|5|0|0|0|0|0
3e:ff:8f:4c:e3:7e|0|7|0|0|0|0
62:11:40:df:03:1d|2|3|0|0|0|0
4a:01:16:e7:f3:c5|2|5|0|0|0|0
44:07:0b:2f:49:8b|13|0|0|0|0|0
36:83:dc:9c:1a:0e|0|1|0|0|0|0
f0:ef:86:06:76:35|0|5|0|0|0|0
52:b2:d6:03:1b:75|0|3|0|0|0|0
3a:b9:ee:18:25:95|1|4|0|0|0|0
20:df:b9:ac:28:3b|1|0|0|0|0|0
01:00:5e:00:00:01|0|0|0|1|0|84
08:9e:08:bc:6c:2b|0|3|0|0|0|0
0a:de:d7:1d:e3:fa|2|4|0|0|0|0
01:00:5e:00:00:16|0|0|0|1|0|88
f4:f5:d8:8d:f2:58|2|2|0|0|0|0
3c:8d:20:4f:d8:e9|2|0|0|0|0|0
76:89:0f:de:d0:5a|0|2|0|0|0|0
fe:4a:c7:b2:dc:4c|0|1|0|0|0|0
50:d4:f7:dc:1f:d0|1|0|0|0|0|0
a0:51:0b:4d:68:13|1|0|0|0|0|0
74:df:bf:45:ac:65|0|1|0|0|0|0
f0:f6:c1:d5:cb:42|0|4|0|0|0|0
33:33:00:00:00:01|0|0|0|1|0|120
