28
b4:e6:2d:f6:b6:a5
68:02:b8:1e:7f:1f|1264|0|6|0|974|0
ff:ff:ff:ff:ff:ff|0|2368|0|3|0|228
6a:02:98:1e:7f:1f|1262|0|0|0|0|0
b4:e6:2d:f6:b6:a5|0|2|0|3|0|390
44:fe:3b:06:5c:71|103|0|3|0|228|0
72:fe:3b:06:5c:73|8|0|0|0|0|0
da:a1:19:8a:6f:00|0|4|0|0|0|0
70:ee:50:73:4e:36|0|0|19|0|490|0
b0:95:75:4b:b9:26|0|0|0|19|0|490
c2:e9:86:c8:91:c1|0|3|0|0|0|0
a4:3e:a0:a4:2a:46|0|120|0|0|0|0
f0:72:ea:da:42:c6|0|6|0|0|0|0
2c:db:07:46:b4:19|0|12|0|0|0|0
64:b3:10:aa:e3:3c|0|13|0|0|0|0
10:1c:0c:1a:10:10|3|15|0|0|0|0
c8:66:5d:1f:4f:54|0|18|0|0|0|0
e2:6f:72:42:92:13|0|1|0|0|0|0
70:5f:a3:1e:1a:2c|0|10|0|0|0|0
f0:5c:77:1a:f1:64|0|2|0|0|0|0
c2:18:6b:3d:40:3a|0|2|0|0|0|0
da:9f:bf:22:47:25|0|5|0|0|0|0
9e:67:d5:08:83:dc|0|2|0|0|0|0
06:57:ad:e6:09:38|0|1|0|0|0|0
92:f4:8b:58:46:18|2|12|0|0|0|0
00:0c:e7:a5:f5:47|0|39|0|0|0|0
86:02:73:4b:b6:25|0|2|0|0|0|0
2e:9f:3d:8d:54:88|0|5|0|0|0|0
33:33:00:00:00:01|0|0|0|3|0|584
