37
b4:e6:2d:f6:c8:79
68:ff:7b:c5:ca:c9|607|0|0|0|0|0
ff:ff:ff:ff:ff:ff|0|3425|0|31|0|6344
90:9a:4a:80:71:9a|1291|11|143|282|18407|50243
90:9a:4a:80:85:9e|937|1|5|20|396|480
20:aa:4b:5b:e6:4b|806|0|32|50|6420|1404
00:08:07:76:35:b7|0|3|0|0|0|0
a4:50:46:4c:af:3b|14|24|232|60|41330|7835
b4:e6:2d:f6:c8:79|0|2|0|20|0|2598
c0:06:c3:8f:c0:7b|5|10|10|21|917|2558
9e:ab:89:2d:82:91|1|3|20|4|480|312
e6:1d:78:73:e4:e3|0|0|50|0|1404|0
28:6d:cd:09:2a:ea|0|0|32|27|7063|3466
80:91:33:25:67:05|0|99|0|0|0|0
3c:8d:20:4f:d8:e9|4|0|0|0|0|0
44:07:0b:70:9e:93|18|51|0|0|0|0
54:60:09:d3:95:30|0|1|0|0|0|0
38:8b:59:29:24:78|2|0|0|0|0|0
5c:5f:67:4a:d7:b0|1|0|0|0|0|0
00:08:10:80:dc:7a|0|2|0|0|0|0
54:60:09:e2:ee:aa|0|2|0|0|0|0
f4:f5:d8:8d:f2:58|3|2|0|0|0|0
08:9e:08:bc:6c:2b|0|1|0|0|0|0
