43
b4:e6:2d:f6:c8:79
9e:ab:89:2d:82:91|7|32|777|12|20389|7122
90:9a:4a:80:85:9e|829|7|31|777|14648|20389
90:9a:4a:80:71:9a|1207|7|31|74|6583|8326
ff:ff:ff:ff:ff:ff|0|2930|0|40|0|6337
e6:1d:78:73:e4:e3|2|1|90|7|2392|746
20:aa:4b:5b:e6:4b|705|0|52|90|8005|2392
b4:e6:2d:f6:c8:79|0|2|0|4|0|471
68:ff:7b:c5:ca:c9|338|0|0|0|0|0
01:00:5e:7f:ff:fa|0|0|0|18|0|7442
54:2a:a2:73:c6:e9|3|65|0|0|0|0
28:6d:cd:09:2a:ea|0|0|15|1|3327|78
a4:50:46:4c:af:3b|0|0|48|19|3875|4368
50:e0:85:84:55:94|4|8|0|0|0|0
b8:27:eb:81:9a:d6|0|3|0|0|0|0
48:5a:b6:22:0c:7e|0|19|0|0|0|0
c0:06:c3:8f:c7:99|2|4|5|1|309|78
01:00:5e:00:00:01|0|0|0|2|0|160
c0:06:c3:8f:c0:7b|5|8|6|6|815|1588
08:9e:08:bc:6c:2b|0|5|0|0|0|0
44:07:0b:70:9e:93|3|0|0|0|0|0
3e:1c:d3:78:91:5b|0|1|0|0|0|0
44:07:0b:60:bf:75|7|0|0|0|0|0
16:72:c3:f7:66:d8|1|0|0|0|0|0
02:00:00:00:00:00|2|2|0|0|0|0
01:00:5e:00:00:fb|0|0|0|4|0|808
2a:a1:ad:a0:ed:6e|0|2|0|0|0|0
34:f6:4b:e3:9c:e8|0|4|0|0|0|0
72:f8:19:33:71:9a|2|0|0|0|0|0
01:00:5e:00:00:fa|0|0|0|1|0|114
c0:87:eb:8e:48:ef|1|4|0|0|0|0
be:14:5b:8c:1c:cb|2|1|0|0|0|0
44:07:0b:2f:49:8b|5|0|0|0|0|0
f4:f5:d8:8d:f2:58|2|2|0|0|0|0
4a:0d:eb:32:13:01|2|3|0|0|0|0
b0:a7:b9:89:64:1f|2|0|1|0|76|0
e2:93:43:f4:97:77|0|1|0|0|0|0
00:08:07:76:35:b7|0|1|0|0|0|0
54:60:09:e2:ee:aa|0|4|0|0|0|0
4a:01:97:5e:59:b1|0|1|0|0|0|0
54:3a:d6:77:88:6e|2|7|0|0|0|0
f0:f6:c1:d5:cb:42|0|3|0|0|0|0
72:c9:f8:05:aa:ab|0|4|0|0|0|0
74:df:bf:45:ac:65|0|2|0|0|0|0
