44
b4:e6:2d:f6:c8:79
90:9a:4a:80:85:9e|1144|1|153|3208|48597|2104858
ff:ff:ff:ff:ff:ff|0|3505|0|55|0|9971
90:9a:4a:80:71:9a|1236|10|110|415|13969|270818
04:6c:59:1b:72:04|2|11|3190|122|2105242|45407
b4:e6:2d:f6:c8:79|0|4|0|3|0|376
20:aa:4b:5b:e6:4b|788|0|58|0|10281|0
68:ff:7b:c5:ca:c9|445|0|0|0|0|0
9e:ab:89:2d:82:91|1|0|20|33|480|4054
a4:50:46:4c:af:3b|5|13|396|102|269272|13191
8e:0c:c3:cd:f0:c8|0|2|0|0|0|0
f0:ef:86:05:a3:fa|0|4|0|0|0|0
c0:06:c3:8f:c0:7b|4|8|11|3|1174|246
84:4b:f5:19:a0:99|0|3|0|0|0|0
33:33:00:00:00:01|0|0|0|1|0|120
44:07:0b:60:bf:75|1|0|0|0|0|0
c6:48:11:f1:17:45|0|1|0|0|0|0
28:6d:cd:09:2a:ea|1|2|3|0|78|0
c0:06:c3:8f:c7:99|0|0|5|2|294|156
44:07:0b:2f:49:8b|16|0|0|0|0|0
1e:18:93:0f:64:6c|0|1|0|0|0|0
44:07:0b:70:9e:93|5|0|0|0|0|0
bc:54:2f:5e:b7:f3|0|5|0|0|0|0
72:1e:c8:5b:51:f8|1|0|0|0|0|0
b8:27:eb:81:9a:d6|0|4|0|0|0|0
44:07:0b:89:e4:ab|8|0|0|0|0|0
01:00:5e:00:00:fa|0|0|0|1|0|114
10:fe:ed:dd:08:06|1|0|0|0|0|0
e2:42:1d:b7:29:fe|3|12|0|0|0|0
01:00:5e:00:00:01|0|0|0|1|0|76
00:08:07:76:35:b7|0|3|0|0|0|0
54:60:09:e2:ee:aa|0|15|0|0|0|0
cc:f4:11:a1:a0:2c|3|0|0|0|0|0
92:68:31:4b:51:74|1|14|0|0|0|0
6a:18:63:ed:ad:99|0|12|0|0|0|0
be:50:e4:29:b8:c0|1|0|0|0|0|0
f4:f5:d8:8d:f2:58|0|3|0|0|0|0
e6:09:33:6a:b6:d7|0|4|0|0|0|0
ca:47:94:ab:55:23|0|3|0|0|0|0
be:49:c3:00:35:b0|1|9|0|0|0|0
a8:6d:aa:a8:0e:c6|0|3|0|0|0|0
f0:ef:86:06:76:35|0|4|0|0|0|0
c0:87:eb:8e:48:ef|0|7|0|0|0|0
f0:f6:c1:d5:cb:42|0|3|0|0|0|0
c2:39:b8:90:71:c6|0|1|0|0|0|0
