31
b4:e6:2d:f6:c8:79
90:9a:4a:80:71:9a|1254|6|30|68|3713|9816
ff:ff:ff:ff:ff:ff|0|3247|0|37|0|6948
90:9a:4a:80:85:9e|1124|0|5|9|396|216
20:aa:4b:5b:e6:4b|595|0|40|0|7252|0
68:ff:7b:c5:ca:c9|466|0|0|0|0|0
b4:e6:2d:f6:c8:79|0|1|0|3|0|376
08:9e:08:bc:6c:2b|0|1|0|0|0|0
c0:06:c3:8f:c0:7b|6|12|17|14|1872|1564
c0:06:c3:8f:c7:99|0|0|6|2|264|237
80:91:33:25:67:05|4|98|0|0|0|0
28:6d:cd:09:2a:ea|0|0|30|4|6654|474
f0:ef:86:06:76:35|0|27|0|0|0|0
44:46:87:a9:e4:4b|0|26|0|0|0|0
10:fe:ed:dd:08:06|1|0|0|0|0|0
9e:ab:89:2d:82:91|0|5|9|4|216|312
44:07:0b:2f:49:8b|8|0|0|0|0|0
a4:50:46:4c:af:3b|0|0|15|7|1026|1062
01:00:5e:00:00:01|0|0|0|2|0|160
46:39:4c:08:a5:94|1|0|0|0|0|0
50:e0:85:84:55:94|6|18|0|0|0|0
b8:27:eb:81:9a:d6|0|8|0|0|0|0
e6:ee:4a:74:f1:40|0|1|0|0|0|0
01:00:5e:00:00:fa|0|0|0|2|0|228
f0:f6:c1:d5:cb:42|0|9|0|0|0|0
54:60:09:e2:ee:aa|0|4|0|0|0|0
20:1f:3b:3a:bb:3d|4|0|0|0|0|0
00:08:07:76:35:b7|0|1|0|0|0|0
da:a1:19:4d:4d:4d|2|8|0|0|0|0
7c:2e:bd:f4:94:ee|7|0|0|0|0|0
f4:f5:d8:8d:f2:58|0|3|0|0|0|0
14:f6:d8:d5:30:90|0|3|0|0|0|0
