51
b4:e6:2d:f6:b6:a5
0c:84:dc:82:e4:5a|1460|0|67|0|20970|0
ff:ff:ff:ff:ff:ff|0|6102|0|131|0|13320
0e:84:dc:82:e4:5b|1505|0|0|0|0|0
70:2e:22:8d:72:74|1341|56|56|20|19889|676
68:02:b8:1e:7f:1f|1264|0|137|0|14448|0
6a:02:98:1e:7f:1f|1262|0|0|0|0|0
92:5c:14:cf:f6:c9|172|0|0|0|0|0
01:00:5e:00:00:fb|0|0|0|14|0|2426
b0:c2:87:78:a6:a2|124|0|10|0|2589|0
b2:c2:87:78:a6:a3|84|0|0|0|0|0
00:0c:43:18:8e:7b|56|49|20|0|676|0
b4:e6:2d:f6:b6:a5|0|2|0|3|0|390
5c:f8:21:84:a4:31|0|144|0|0|0|0
54:be:f7:19:78:e1|58|0|1|0|124|0
fa:e7:19:31:2b:35|1|6|0|0|0|0
90:5c:44:cf:f6:c9|21|0|0|0|0|0
f0:72:ea:da:42:c6|0|15|0|0|0|0
a4:3e:a0:a4:2a:46|3|797|0|0|0|0
84:16:f9:07:68:71|0|11|0|0|0|0
b4:fb:e3:fc:1e:95|0|35|0|0|0|0
74:da:38:69:27:22|25|0|0|0|0|0
33:33:00:00:00:fb|0|0|0|7|0|1575
33:33:00:00:00:01|0|0|0|10|0|1996
10:1c:0c:1a:10:10|3|30|0|0|0|0
01:00:5e:7f:ff:fa|0|0|0|82|0|36088
c8:3a:35:b0:10:f7|0|5|0|0|0|0
f4:f5:d8:8d:df:fc|0|10|0|0|0|0
90:00:4e:37:d4:f2|0|6|0|0|0|0
01:80:c2:00:00:0e|0|0|0|3|0|238
01:80:c2:00:00:13|0|0|0|2|0|154
62:45:b7:e7:3f:82|0|6|0|0|0|0
5c:f5:da:b6:d8:02|0|0|0|4|0|104
22:00:4e:37:d4:f2|0|1|0|0|0|0
33:33:00:00:00:16|0|0|0|2|0|268
80:be:05:5f:13:d9|0|6|0|0|0|0
7a:89:9a:dc:37:90|0|8|0|0|0|0
64:b3:10:aa:e3:3c|1|14|0|0|0|0
33:33:ff:34:00:4a|0|0|0|9|0|1080
01:00:5e:00:00:01|0|0|0|2|0|160
32:fd:53:12:1e:70|0|6|0|0|0|0
8e:ce:84:5f:9c:42|3|36|0|0|0|0
ac:67:84:9f:f1:e2|0|6|0|0|0|0
01:00:5e:00:00:16|0|0|0|1|0|94
b2:c0:86:07:e7:e2|0|2|0|0|0|0
f6:8b:ec:1f:06:ac|0|6|0|0|0|0
66:5d:fc:4e:f8:7c|0|4|0|0|0|0
0e:64:30:21:ed:58|0|14|0|0|0|0
1a:35:7d:63:ac:3d|1|0|0|0|0|0
5e:d1:9a:37:e5:bb|0|1|0|0|0|0
c8:66:5d:1f:4f:54|0|6|0|0|0|0
33:33:00:01:00:03|0|0|0|1|0|127
