53
b4:e6:2d:f6:b6:a5
d8:b6:b7:7a:3a:61|1290|0|7|45|244|1198
ff:ff:ff:ff:ff:ff|0|3538|0|168|0|46090
68:02:b8:1e:7f:1f|1247|0|430|0|76992|0
6a:02:98:1e:7f:1f|1246|0|0|0|0|0
b4:e6:2d:f6:b6:a5|0|2|0|3|0|390
70:ee:50:73:4e:36|0|0|81|0|2106|0
b0:95:75:4b:b9:26|0|0|0|81|0|2106
01:00:5e:00:00:01|0|0|0|1|0|88
9a:56:c6:a4:14:07|2|7|0|0|0|0
a4:3e:a0:a4:2a:46|0|121|0|0|0|0
82:66:10:65:9b:0e|1|0|0|0|0|0
d8:8c:79:90:f4:9b|0|7|0|0|0|0
26:17:dc:59:74:f7|0|0|20|2|480|52
da:a1:19:af:65:fc|0|14|0|0|0|0
e6:35:23:4e:ab:99|0|0|8|2|200|52
01:00:5e:00:00:fb|0|0|0|87|0|9808
33:33:00:00:00:fb|0|0|0|87|0|11548
33:33:00:01:00:03|0|0|0|40|0|4704
01:00:5e:00:00:fc|0|0|0|40|0|3904
aa:b0:66:5f:bb:ba|2|12|0|0|0|0
c8:66:5d:1f:4f:54|0|6|0|0|0|0
0e:26:0a:2f:38:6b|0|0|13|0|312|0
bc:54:51:02:a4:f0|0|0|4|2|206|52
da:a1:19:ea:0b:4e|0|5|0|0|0|0
66:4f:3a:38:fa:f3|2|0|0|0|0|0
c2:64:7e:a8:a4:0a|0|13|0|0|0|0
64:b3:10:aa:e3:3c|0|14|0|0|0|0
54:88:0e:46:1b:78|0|7|0|0|0|0
da:a1:19:83:7f:b7|0|3|0|0|0|0
f6:d9:9f:09:53:eb|2|0|0|0|0|0
00:1c:bf:52:98:29|0|14|0|0|0|0
5a:16:68:ea:53:13|0|7|0|0|0|0
da:a1:19:a8:3c:52|0|6|0|0|0|0
46:30:35:aa:b6:6f|0|2|0|0|0|0
f6:c8:8e:93:8d:8d|0|17|0|0|0|0
da:a1:19:55:35:25|0|7|0|0|0|0
ea:3d:e6:2b:c4:be|2|0|0|0|0|0
62:fa:bc:42:3b:b1|3|0|0|0|0|0
f6:17:e1:25:33:3e|2|0|0|0|0|0
02:40:c6:4c:b6:74|2|0|0|0|0|0
a6:0c:09:2b:51:c5|2|6|0|0|0|0
d6:c9:b2:26:f1:13|2|0|0|0|0|0
8e:12:2a:bd:08:a9|0|7|0|0|0|0
1e:c1:39:e4:1e:bc|1|0|0|0|0|0
ae:02:26:c6:4b:0e|1|0|0|0|0|0
6a:e3:8e:1f:c0:c5|2|0|0|0|0|0
12:f3:0e:cb:27:e3|1|0|0|0|0|0
b6:4f:04:c8:8f:22|2|0|0|0|0|0
33:33:ff:32:a6:4a|0|0|0|1|0|120
33:33:00:00:00:16|0|0|0|2|0|248
01:00:5e:00:00:16|0|0|0|2|0|180
c6:53:ef:98:2e:ee|2|0|0|0|0|0
5e:22:dd:91:ca:a6|1|0|0|0|0|0
