39
b4:e6:2d:f6:c8:79
cc:f4:11:a1:a0:2c|1|0|0|0|0|0
ff:ff:ff:ff:ff:ff|0|3840|0|55|0|10054
20:aa:4b:5b:e6:4b|882|0|58|0|10139|0
90:9a:4a:80:71:9a|1281|7|90|110|29073|12006
90:9a:4a:80:85:9e|1189|1|3|17|234|408
68:ff:7b:c5:ca:c9|706|0|0|0|0|0
80:91:33:25:67:05|21|109|0|0|0|0
a4:50:46:4c:af:3b|13|26|63|61|4005|25374
28:6d:cd:09:2a:ea|0|0|29|15|6404|2142
c0:06:c3:8f:c0:7b|4|8|12|8|1198|866
c0:06:c3:8f:c7:99|0|0|6|2|399|237
b4:e6:2d:f6:c8:79|0|1|0|4|0|454
12:e8:29:e4:16:89|1|0|1|0|339|0
50:e0:85:84:55:94|4|19|0|0|0|0
f4:f5:d8:8d:f2:58|0|2|0|0|0|0
10:fe:ed:dd:08:06|2|0|0|0|0|0
20:1f:3b:3a:bb:3d|7|0|0|0|0|0
08:9e:08:bc:6c:2b|0|5|0|0|0|0
50:2f:9b:d1:a8:d5|0|13|0|0|0|0
e4:5f:01:5c:9d:89|0|4|0|0|0|0
f0:ef:86:06:76:35|0|20|0|0|0|0
01:00:5e:00:00:01|0|0|0|1|0|76
