45
b4:e6:2d:f6:c8:79
90:9a:4a:80:85:9e|1116|14|173|202|194254|6295
ff:ff:ff:ff:ff:ff|0|2628|0|13|0|1496
68:ff:7b:c5:ca:c9|291|0|0|0|0|0
90:9a:4a:80:71:9a|1304|21|45272|7267|59887682|1121269
20:aa:4b:5b:e6:4b|142|31|12|0|1459|0
a4:50:46:4c:af:3b|20|57|7240|45261|1118277|59886440
c0:06:c3:8f:c0:7b|4|8|11|8|1108|866
50:eb:71:d0:6d:35|1|3|0|0|0|0
04:6c:59:1b:72:04|12|28|60|126|3273|179950
20:1f:3b:3a:bb:3d|4|0|0|0|0|0
b4:e6:2d:f6:c8:79|0|2|0|3|0|376
1a:87:de:61:4f:3f|0|1|0|0|0|0
74:df:bf:45:ac:65|0|2|0|0|0|0
9e:ab:89:2d:82:91|3|19|144|1|3886|78
d0:ab:d5:7e:f5:90|2|0|0|0|0|0
01:00:5e:00:00:fb|0|0|0|11|0|1996
01:00:5e:7f:ff:fa|0|0|0|30|0|12386
da:a1:19:98:d2:49|0|3|0|0|0|0
c0:06:c3:8f:c7:99|0|0|13|0|1806|0
10:fe:ed:dd:08:06|7|0|0|0|0|0
94:9f:3e:70:e9:b0|2|0|0|0|0|0
8e:61:28:1c:ba:15|0|2|0|0|0|0
d6:68:81:85:17:18|3|16|0|0|0|0
28:6d:cd:09:2a:ea|1|3|3|0|78|0
16:5c:97:42:a1:8c|0|3|0|0|0|0
e4:5f:01:5c:9d:89|0|2|0|0|0|0
cc:f4:11:a1:a0:2c|1|0|0|0|0|0
f0:ef:86:05:a3:fa|0|4|0|0|0|0
50:e0:85:84:55:94|4|13|0|0|0|0
54:60:09:e2:ee:aa|0|9|0|0|0|0
44:07:0b:89:e4:ab|9|0|0|0|0|0
de:bf:68:e4:9d:b6|0|18|0|0|0|0
22:04:1a:89:c2:7d|0|1|0|0|0|0
8a:c4:13:d5:8a:74|0|1|0|0|0|0
02:00:00:00:00:00|1|38|0|0|0|0
76:77:9c:52:df:f1|31|22|0|3|0|399
44:07:0b:2f:49:8b|4|0|0|0|0|0
7c:b2:7d:d3:ca:b1|0|3|0|0|0|0
3e:9e:c1:ec:69:65|0|4|0|0|0|0
f0:ef:86:06:76:35|0|2|0|0|0|0
44:07:0b:70:9e:93|2|0|0|0|0|0
f0:f6:c1:d5:cb:42|0|3|0|0|0|0
01:00:5e:00:00:16|0|0|0|3|0|272
f2:60:a2:86:b4:eb|0|2|0|0|0|0
e0:dc:ff:db:25:97|0|1|0|0|0|0
