29
b4:e6:2d:f6:c8:79
20:aa:4b:5b:e6:4b|104|0|16|0|2532|0
ff:ff:ff:ff:ff:ff|0|1919|0|15|0|2456
90:9a:4a:80:85:9e|567|0|0|0|0|0
90:9a:4a:80:71:9a|1250|15|36|228|4522|73207
68:ff:7b:c5:ca:c9|72|0|0|0|0|0
d6:68:81:85:17:18|0|1|0|0|0|0
00:1d:c9:07:2b:f1|6|0|0|0|0|0
b4:e6:2d:f6:c8:79|0|3|0|9|0|1130
c0:06:c3:8f:c0:7b|11|12|13|12|1345|1285
48:5a:b6:22:0c:7e|0|12|0|0|0|0
50:e0:85:84:55:94|2|6|0|0|0|0
c0:06:c3:8f:c7:99|0|0|8|3|702|282
28:6d:cd:09:2a:ea|1|3|2|0|52|0
ec:5c:68:84:b1:4b|1|5|0|0|0|0
a4:50:46:4c:af:3b|3|7|205|12|71108|1825
54:60:09:e2:ee:aa|0|3|0|0|0|0
f4:f5:d8:8d:f2:58|1|2|0|0|0|0
04:d6:aa:40:9f:f4|0|1|0|0|0|0
54:2a:a2:73:c6:e9|1|23|0|0|0|0
8a:26:00:e8:36:9b|1|6|0|0|0|0
06:b2:96:96:2a:b2|0|0|1|0|24|0
00:31:92:b2:52:69|0|0|0|1|0|24
60:6e:e8:a2:84:54|0|3|0|0|0|0
f4:f2:6d:90:44:3c|1|0|0|0|0|0
01:00:5e:00:00:01|0|0|0|1|0|76
44:07:0b:6c:b6:e3|1|0|0|0|0|0
3e:9a:fc:d1:0c:b8|0|1|0|0|0|0
0e:26:8f:a7:b5:dc|1|0|0|0|0|0
9a:d5:f2:19:65:87|0|1|0|0|0|0
