23
b4:e6:2d:f6:b6:a5
68:02:b8:1e:7f:1f|1644|0|131|0|50369|0
ff:ff:ff:ff:ff:ff|0|2420|0|42|0|11724
6a:02:98:1e:7f:1f|1643|0|0|0|0|0
b4:e6:2d:f6:b6:a5|0|1|0|2|0|264
02:00:00:00:00:00|64|744|0|0|0|0
70:ee:50:73:4e:36|0|0|80|0|2066|0
b0:95:75:4b:b9:26|0|0|0|80|0|2066
1a:87:40:48:c5:66|0|6|0|0|0|0
a4:3e:a0:a4:2a:46|0|72|0|0|0|0
01:00:5e:00:00:fb|0|0|0|4|0|881
10:1c:0c:1a:10:10|3|36|0|0|0|0
01:00:5e:7f:ff:fa|0|0|0|68|0|33714
c8:66:5d:1f:4f:54|0|6|0|0|0|0
33:33:00:00:00:0c|0|0|0|2|0|1742
01:00:5e:00:00:16|0|0|0|4|0|368
33:33:00:00:00:16|0|0|0|4|0|496
8e:ce:84:5f:9c:42|5|42|0|0|0|0
54:2a:a2:48:a3:f0|0|18|0|0|0|0
da:4f:64:10:95:5a|2|12|0|0|0|0
04:4e:af:fb:fd:77|2|0|0|0|0|0
33:33:00:00:00:fb|0|0|0|3|0|828
7a:47:52:ce:25:79|0|6|0|0|0|0
33:33:00:00:00:01|0|0|0|2|0|352
