31
b4:e6:2d:f6:b6:a5
d8:b6:b7:7a:3a:61|1293|0|8|39|270|1111
ff:ff:ff:ff:ff:ff|0|3505|0|7|0|532
68:02:b8:1e:7f:1f|1232|0|90|0|16996|0
6a:02:98:1e:7f:1f|1231|0|0|0|0|0
01:00:5e:00:00:fb|0|0|0|19|0|3517
33:33:00:00:00:fb|0|0|0|18|0|3787
b4:e6:2d:f6:b6:a5|0|1|0|3|0|390
f0:72:ea:da:42:c6|0|27|0|0|0|0
33:33:00:00:00:16|0|0|0|6|0|744
01:00:5e:00:00:02|0|0|0|1|0|90
26:17:dc:59:74:f7|0|0|16|2|384|52
c8:66:5d:1f:4f:54|0|19|0|0|0|0
a4:3e:a0:a4:2a:46|0|109|0|0|0|0
e6:35:23:4e:ab:99|0|0|8|2|200|52
01:00:5e:00:00:16|0|0|0|4|0|360
64:b3:10:aa:e3:3c|0|17|0|0|0|0
bc:54:51:02:a4:f0|0|0|12|1|455|26
0e:26:0a:2f:38:6b|0|0|3|2|72|52
36:75:fb:15:5b:d7|0|19|0|0|0|0
9c:5d:12:d7:43:d4|0|6|0|0|0|0
be:c5:76:6e:74:03|0|6|0|0|0|0
16:ad:d5:42:63:d3|0|7|0|0|0|0
80:58:f8:93:88:29|0|0|0|27|0|6784
