31
b4:e6:2d:f6:b6:a5
68:02:b8:1e:7f:1f|1229|0|179|0|20345|0
ff:ff:ff:ff:ff:ff|0|3512|0|154|0|14666
6a:02:98:1e:7f:1f|1229|0|0|0|0|0
d8:b6:b7:7a:3a:61|1251|0|28|140|3319|6049
01:00:5e:00:00:01|0|0|0|1|0|88
b4:e6:2d:f6:b6:a5|0|1|0|5|0|574
70:ee:50:73:4e:36|0|0|28|0|722|0
b0:95:75:4b:b9:26|0|0|0|28|0|722
e6:35:23:4e:ab:99|0|0|50|2|2329|52
9a:24:37:f6:38:8c|2|6|0|0|0|0
a4:3e:a0:a4:2a:46|0|80|0|0|0|0
bc:54:51:02:a4:f0|0|0|38|3|2472|78
26:17:dc:59:74:f7|0|0|28|2|672|52
0e:26:0a:2f:38:6b|0|0|24|2|576|52
33:33:00:00:00:01|0|0|0|4|0|816
86:c1:16:0a:ba:7e|0|7|0|0|0|0
1a:a4:a0:f3:08:0e|2|19|0|0|0|0
8e:ce:84:5f:9c:42|2|12|0|0|0|0
0e:bf:0b:55:ae:8b|0|7|0|0|0|0
c8:66:5d:1f:4f:54|0|28|0|0|0|0
b6:3f:41:0a:98:9f|1|7|0|0|0|0
26:6f:1d:c2:e2:46|0|7|0|0|0|0
18:56:80:ff:ca:44|0|14|0|0|0|0
33:33:00:00:00:16|0|0|0|2|0|252
01:00:5e:00:00:fb|0|0|0|11|0|2307
33:33:00:00:00:fb|0|0|0|11|0|2527
6a:ad:39:ea:7e:4c|0|3|0|0|0|0
01:00:5e:7f:ff:fa|0|0|0|8|0|2016
56:75:f6:f3:25:a2|0|7|0|0|0|0
de:b7:b2:7e:63:d4|1|7|0|0|0|0
01:00:5e:00:00:16|0|0|0|2|0|184
