26
b4:e6:2d:f6:b6:a5
68:02:b8:1e:7f:1f|1308|0|67|0|30849|0
ff:ff:ff:ff:ff:ff|0|2346|0|0|0|0
6a:02:98:1e:7f:1f|1292|0|0|0|0|0
c8:66:5d:1f:4f:54|0|18|0|0|0|0
b4:e6:2d:f6:b6:a5|0|2|0|4|0|516
a4:3e:a0:a4:2a:46|0|138|0|0|0|0
7c:1c:4e:74:5f:32|0|12|0|0|0|0
01:00:5e:7f:ff:fa|0|0|0|54|0|28153
1a:7f:46:89:b0:ee|2|0|0|0|0|0
54:2a:a2:48:a3:f0|0|30|0|0|0|0
10:1c:0c:1a:10:10|2|24|0|0|0|0
a2:ac:ca:45:c9:1d|0|6|0|0|0|0
5c:f8:21:84:a4:31|0|6|0|0|0|0
33:33:00:00:00:01|0|0|0|3|0|584
46:7f:d3:4b:e1:a5|1|0|0|0|0|0
40:5b:d8:0a:2b:bb|0|6|0|0|0|0
f6:57:40:c4:7c:81|7|0|0|0|0|0
e4:57:40:c4:7c:81|4|0|0|0|0|0
76:06:81:91:65:45|1|0|0|0|0|0
01:00:5e:00:00:fb|0|0|0|3|0|768
33:33:00:00:00:fb|0|0|0|3|0|828
76:f0:c6:fc:ee:27|0|6|0|0|0|0
f0:5c:77:1a:f1:64|0|6|0|0|0|0
22:1b:ce:bd:a8:03|0|12|0|0|0|0
