40
b4:e6:2d:f6:c8:79
90:9a:4a:80:85:9e|1157|0|0|0|0|0
ff:ff:ff:ff:ff:ff|0|2497|0|17|0|2491
44:07:0b:70:9e:93|3|0|0|0|0|0
90:9a:4a:80:71:9a|1316|9|16|54|1407|2942
20:aa:4b:5b:e6:4b|104|0|18|0|2567|0
01:00:5e:00:00:01|0|0|0|1|0|76
c0:06:c3:8f:c0:7b|7|12|9|3|881|234
b4:e6:2d:f6:c8:79|0|2|0|4|0|471
00:1d:c9:07:2b:f1|5|0|0|0|0|0
96:aa:6e:62:9f:eb|2|10|0|0|0|0
a6:23:9c:e5:b4:cb|11|40|0|0|0|0
20:df:b9:ac:28:3b|1|0|0|0|0|0
68:ff:7b:c5:ca:c9|45|0|0|0|0|0
a4:50:46:4c:af:3b|1|6|35|7|1442|546
8e:c4:2b:49:0f:10|4|16|0|0|0|0
da:a1:19:c1:c1:c1|0|3|0|0|0|0
c0:06:c3:8f:c7:99|0|0|8|2|567|156
28:6d:cd:09:2a:ea|1|3|2|0|52|0
82:bb:dd:d6:17:d7|5|14|0|0|0|0
48:5a:b6:22:0c:7e|0|4|0|0|0|0
b2:84:07:a1:db:70|1|22|0|0|0|0
44:07:0b:2f:49:8b|15|0|0|0|0|0
22:51:2e:10:fb:0d|4|15|0|0|0|0
08:9e:08:bc:6c:2b|0|1|0|0|0|0
fa:48:15:cf:ec:a3|1|6|0|0|0|0
ac:d6:18:05:2a:70|5|10|0|0|0|0
20:1f:3b:3a:bb:3d|1|0|0|0|0|0
44:07:0b:89:e4:ab|10|0|0|0|0|0
26:2a:69:ac:11:d3|1|3|0|0|0|0
90:0c:c8:ff:c0:3c|0|3|0|0|0|0
da:a1:19:b5:5f:a0|0|9|0|0|0|0
12:e8:29:e4:16:89|1|0|0|0|0|0
3c:f0:11:c4:ac:66|1|0|0|0|0|0
1e:e8:29:e4:16:89|1|0|0|0|0|0
f4:f5:d8:8d:f2:58|3|1|0|0|0|0
24:77:03:d4:12:38|0|10|0|0|0|0
6e:b7:88:79:bc:42|0|3|0|0|0|0
b8:27:eb:81:9a:d6|0|3|0|0|0|0
54:60:09:e2:ee:aa|0|5|0|0|0|0
12:0a:40:e3:4f:0d|1|0|0|0|0|0
