20
b4:e6:2d:f6:b6:a5
68:02:b8:1e:7f:1f|1254|0|78|0|32786|0
ff:ff:ff:ff:ff:ff|0|2353|0|11|0|1219
6a:02:98:1e:7f:1f|1249|0|0|0|0|0
b4:e6:2d:f6:b6:a5|0|1|0|5|0|577
01:00:5e:7f:ff:fa|0|0|0|60|0|30806
a4:3e:a0:a4:2a:46|0|90|0|0|0|0
c8:66:5d:1f:4f:54|0|6|0|0|0|0
70:ee:50:73:4e:36|0|0|23|0|598|0
b0:95:75:4b:b9:26|0|0|0|23|0|598
10:1c:0c:1a:10:10|3|30|0|0|0|0
0e:5f:1c:68:8a:b3|0|6|0|2|0|184
a6:0b:be:a8:ba:d3|1|6|0|0|0|0
92:22:d2:18:66:7c|0|21|0|0|0|0
c2:86:a9:2c:88:e9|1|0|0|0|0|0
ae:2c:b8:eb:ec:e2|1|0|0|0|0|0
44:fe:3b:06:5c:71|12|0|0|0|0|0
64:b3:10:aa:e3:3c|0|7|0|0|0|0
72:fe:3b:06:5c:73|3|0|0|0|0|0
f0:5c:77:1a:f1:64|0|2|0|0|0|0
fa:72:24:6a:6e:54|0|2|0|0|0|0
