54
b4:e6:2d:f6:c8:79
20:aa:4b:5b:e6:4b|849|0|55|0|10352|0
ff:ff:ff:ff:ff:ff|0|3338|0|56|0|10412
90:9a:4a:80:71:9a|1281|10|35|46|3639|7891
90:9a:4a:80:85:9e|1181|0|0|0|0|0
b4:e6:2d:f6:c8:79|0|5|0|4|0|471
28:6d:cd:09:2a:ea|0|0|28|3|6154|315
68:ff:7b:c5:ca:c9|207|0|0|0|0|0
30:07:4d:83:4d:ce|0|10|0|0|0|0
f4:f5:d8:8d:f2:58|0|6|0|0|0|0
c0:06:c3:8f:c7:99|7|15|8|14|621|1359
01:00:5e:00:00:fa|0|0|0|2|0|228
94:9f:3e:84:df:5a|17|8|0|0|0|0
c0:87:eb:8e:48:ef|2|15|0|0|0|0
2e:dd:5f:df:85:8d|0|2|0|0|0|0
c0:06:c3:8f:c0:7b|3|6|10|8|1116|866
f0:ef:86:06:76:35|0|1|0|0|0|0
74:df:bf:45:ac:65|0|2|0|0|0|0
33:33:00:00:00:16|0|0|0|1|0|144
50:e0:85:84:55:94|2|20|0|0|0|0
44:07:0b:70:9e:93|5|0|0|0|0|0
48:5a:b6:22:0c:7e|0|36|0|0|0|0
d6:be:49:7e:fc:83|0|12|0|0|0|0
6a:2c:b8:99:9f:43|2|9|0|0|0|0
44:07:0b:6c:b6:e3|1|0|0|0|0|0
76:10:58:f7:fe:52|1|9|0|0|0|0
b8:27:eb:81:9a:d6|0|3|0|0|0|0
33:33:00:00:00:01|0|0|0|1|0|120
16:3a:f2:06:c7:61|0|1|0|0|0|0
96:bc:be:20:d4:0d|0|4|0|0|0|0
de:ac:30:ba:64:09|1|5|0|0|0|0
5e:90:33:79:7a:31|0|2|0|0|0|0
76:86:5f:d2:a9:c6|1|2|0|0|0|0
38:8b:59:29:24:78|2|0|0|0|0|0
3c:8d:20:4f:d8:e9|2|0|0|0|0|0
1a:cc:45:d4:91:54|0|1|0|0|0|0
5e:f0:04:e0:4c:25|0|3|0|0|0|0
54:60:09:01:a1:78|1|0|0|0|0|0
ae:84:29:35:ad:07|2|6|0|0|0|0
a2:ae:8c:69:bd:9c|0|7|0|0|0|0
c2:73:20:6c:ce:ce|0|3|0|0|0|0
62:6d:81:93:cf:27|0|1|0|0|0|0
5e:e8:b5:c2:06:4f|0|3|0|0|0|0
f2:b4:0a:fc:7e:71|1|12|0|0|0|0
54:60:09:e2:ee:aa|0|2|0|0|0|0
c2:ee:78:a2:bf:79|1|0|0|0|0|0
08:9e:08:bc:6c:2b|0|2|0|0|0|0
ea:73:11:84:6b:df|0|1|0|0|0|0
3a:cb:c7:b4:77:3c|0|1|0|0|0|0
