49
b4:e6:2d:f6:c8:79
90:9a:4a:80:71:9a|1333|15|262|244|63894|53884
ff:ff:ff:ff:ff:ff|0|2999|0|11|0|1461
90:9a:4a:80:85:9e|1109|3|1964|11|2726920|264
9e:ab:89:2d:82:91|3|21|11|1963|264|2726836
20:aa:4b:5b:e6:4b|700|0|12|0|1575|0
88:46:04:50:5c:49|1|0|0|0|0|0
68:ff:7b:c5:ca:c9|102|0|0|0|0|0
28:6d:cd:09:2a:ea|0|0|29|7|6655|951
b4:e6:2d:f6:c8:79|0|1|0|3|0|376
04:ea:56:43:69:3f|1|0|0|0|0|0
54:2a:a2:73:c6:e9|11|84|0|0|0|0
56:f7:b0:2c:66:fc|5|14|0|0|0|0
44:07:0b:2f:49:8b|7|0|0|0|0|0
ce:f0:85:c5:1d:15|1|0|6|0|144|0
2c:fd:a1:0b:1d:bc|0|0|0|6|0|144
f0:ef:86:06:76:35|0|13|0|0|0|0
34:c0:59:00:a0:8f|0|1|0|0|0|0
c0:06:c3:8f:c0:7b|4|8|11|9|1042|871
a4:50:46:4c:af:3b|11|26|199|213|45812|59275
00:08:07:76:35:b7|0|3|0|0|0|0
08:9e:08:49:f2:bd|0|1|0|0|0|0
7c:2e:bd:f4:94:ee|5|0|0|0|0|0
48:5a:b6:22:0c:7e|3|15|0|0|0|0
00:08:10:80:dc:7a|0|1|0|0|0|0
c0:06:c3:8f:c7:99|0|0|5|30|375|2421
5c:f9:38:8c:66:e2|0|4|0|0|0|0
ac:d1:b8:8d:4b:a1|0|1|0|0|0|0
d8:47:32:54:de:63|0|2|0|0|0|0
f4:f5:d8:8d:f2:58|0|9|0|0|0|0
54:60:09:e2:ee:aa|0|6|0|0|0|0
46:3b:78:62:ec:7e|1|14|19|0|456|0
c4:12:f5:d1:17:6c|0|0|0|19|0|456
1c:bf:ce:e3:fb:45|0|16|0|0|0|0
22:48:f8:26:26:64|3|6|0|0|0|0
50:e0:85:84:55:94|4|14|0|0|0|0
74:eb:80:1d:42:94|1|3|0|0|0|0
ae:a3:d6:1c:52:ef|0|5|0|0|0|0
44:46:87:a9:e4:4b|1|3|0|0|0|0
84:cf:bf:8f:18:40|0|2|0|0|0|0
01:00:5e:00:00:fa|0|0|0|1|0|114
44:07:0b:70:9e:93|1|0|0|0|0|0
b8:27:eb:81:9a:d6|0|3|0|0|0|0
01:00:5e:00:00:01|0|0|0|1|0|84
60:ab:14:68:89:98|0|0|1|0|24|0
50:d4:f7:59:b0:8b|0|0|0|1|0|24
9e:e0:c7:4c:63:99|0|1|0|0|0|0
