40
b4:e6:2d:f6:c8:79
90:9a:4a:80:71:9a|1286|8|79|104|18553|13200
ff:ff:ff:ff:ff:ff|0|2558|0|10|0|1124
90:9a:4a:80:85:9e|1234|51|2971|833|3262987|20538
20:aa:4b:5b:e6:4b|73|0|2|0|697|0
68:ff:7b:c5:ca:c9|247|0|0|0|0|0
b4:e6:2d:f6:c8:79|0|2|0|3|0|376
04:6c:59:1b:72:04|41|85|68|4|1768|312
9e:ab:89:2d:82:91|12|94|765|2884|18770|3235332
44:07:0b:2f:49:8b|2|0|0|0|0|0
54:2a:a2:73:c6:e9|9|48|0|0|0|0
ea:7c:04:e8:4d:2e|0|1|0|0|0|0
74:df:bf:45:ac:65|0|2|0|0|0|0
28:6d:cd:09:2a:ea|0|0|28|5|6314|633
01:00:5e:00:00:fb|0|0|0|9|0|1920
44:07:0b:70:9e:93|6|0|0|0|0|0
24:77:03:d4:12:38|4|26|0|0|0|0
01:00:5e:7f:ff:fa|0|0|0|61|0|24552
c0:06:c3:8f:c0:7b|4|8|8|7|901|776
a4:50:46:4c:af:3b|0|0|60|60|5283|16294
76:4f:78:01:6d:7c|1|9|0|0|0|0
c0:87:eb:8e:48:ef|0|3|0|0|0|0
42:31:09:18:e0:b6|1|1|0|0|0|0
ca:ec:da:30:d4:cc|0|0|5|0|120|0
c4:12:f5:d1:17:6c|0|0|0|5|0|120
c0:06:c3:8f:c7:99|4|8|8|4|702|474
54:60:09:e2:ee:aa|0|3|0|0|0|0
44:07:0b:60:bf:75|3|0|0|0|0|0
b8:27:eb:81:9a:d6|0|2|0|0|0|0
7e:51:0c:1d:08:0f|1|3|0|0|0|0
50:e0:85:84:55:94|3|14|0|0|0|0
44:07:0b:89:e4:ab|8|0|0|0|0|0
ec:5c:68:84:b1:4b|1|10|0|0|0|0
64:5d:86:d7:5d:f2|3|0|0|0|0|0
e6:1d:78:73:e4:e3|0|1|0|0|0|0
01:00:5e:00:00:16|0|0|0|4|0|360
01:00:5e:00:00:01|0|0|0|1|0|84
44:07:0b:6c:b6:e3|2|0|0|0|0|0
9a:d5:f2:19:65:87|3|6|0|0|0|0
b2:72:e3:2f:84:18|0|2|0|0|0|0
f0:ef:86:21:66:5f|0|3|0|0|0|0
