29
b4:e6:2d:f6:b6:a5
d8:b6:b7:7a:3a:61|1296|0|11|72|586|1958
ff:ff:ff:ff:ff:ff|0|3517|0|8|0|612
68:02:b8:1e:7f:1f|1245|0|27|1|4263|78
6a:02:98:1e:7f:1f|1243|0|0|0|0|0
a4:3e:a0:a4:2a:46|0|139|0|0|0|0
b4:e6:2d:f6:b6:a5|0|1|0|4|0|482
26:17:dc:59:74:f7|0|0|19|2|456|52
0e:26:0a:2f:38:6b|0|0|8|2|192|52
bc:54:51:02:a4:f0|0|0|37|3|1110|262
fa:2b:4e:cf:9b:46|2|13|0|0|0|0
06:d8:fb:41:ee:20|0|11|0|0|0|0
33:33:00:00:00:01|0|0|0|3|0|584
33:33:00:00:00:02|0|0|0|1|0|96
33:33:ff:1e:b6:60|0|0|0|1|0|112
e6:35:23:4e:ab:99|0|0|8|2|200|52
c8:66:5d:1f:4f:54|0|19|0|0|0|0
01:00:5e:00:00:fb|0|0|0|4|0|1024
33:33:00:00:00:fb|0|0|0|4|0|1104
f0:72:ea:da:42:c6|0|14|0|0|0|0
01:00:5e:00:00:01|0|0|0|1|0|88
e6:17:67:f7:a7:0d|0|7|0|0|0|0
ba:6d:75:b8:23:e3|0|7|0|0|0|0
80:58:f8:93:88:29|0|0|1|3|78|329
12:d1:39:5b:ba:8f|0|7|0|0|0|0
56:ff:90:3f:ca:aa|0|13|0|0|0|0
d8:8c:79:90:f4:9b|0|7|0|0|0|0
78:9f:70:2b:86:c6|0|6|0|0|0|0
5c:f8:21:84:a4:31|0|7|0|0|0|0
64:b3:10:aa:e3:3c|0|18|0|0|0|0
