24
b4:e6:2d:f6:b6:a5
68:02:b8:1e:7f:1f|1263|0|435|28|101492|780
ff:ff:ff:ff:ff:ff|0|2354|0|324|0|61109
6a:02:98:1e:7f:1f|1262|0|0|0|0|0
b4:e6:2d:f6:b6:a5|0|1|0|3|0|390
80:1f:02:b4:07:ae|1|12|15|9|390|1211
96:0c:94:54:22:95|0|6|0|0|0|0
01:00:5e:00:00:fb|0|0|0|10|0|2485
33:33:00:00:00:fb|0|0|0|10|0|2685
01:00:5e:7f:ff:fa|0|0|0|63|0|31409
a4:3e:a0:a4:2a:46|0|54|0|0|0|0
64:b3:10:aa:e3:3c|0|6|0|0|0|0
8e:ce:84:f1:ea:f1|0|12|0|0|0|0
80:58:f8:93:88:29|0|0|13|11|390|1411
10:1c:0c:1a:10:10|3|0|0|0|0|0
a6:1f:08:c0:73:fd|3|18|0|0|0|0
33:33:00:00:00:01|0|0|0|3|0|584
33:33:00:00:00:02|0|0|0|1|0|96
33:33:ff:1e:b6:60|0|0|0|1|0|112
b6:b0:8a:02:32:c7|0|12|0|0|0|0
8e:ce:84:cb:d2:c1|0|12|0|0|0|0
00:0c:e7:ce:e3:fe|0|12|0|0|0|0
9c:5d:12:d7:43:d4|0|6|0|0|0|0
76:15:32:ce:47:40|3|18|0|0|0|0
02:f5:25:40:1b:7e|0|12|0|0|0|0
