21
b4:e6:2d:f6:b6:a5
68:02:b8:1e:7f:1f|1311|0|375|0|90364|0
ff:ff:ff:ff:ff:ff|0|2351|0|308|0|58815
6a:02:98:1e:7f:1f|1306|0|0|0|0|0
b4:e6:2d:f6:b6:a5|0|2|0|3|0|390
f8:77:b8:53:10:e8|0|60|0|0|0|0
54:2a:a2:48:a3:f0|0|18|0|0|0|0
10:1c:0c:1a:10:10|2|24|0|0|0|0
a4:3e:a0:a4:2a:46|0|47|0|0|0|0
01:00:5e:7f:ff:fa|0|0|0|59|0|30249
33:33:00:00:00:01|0|0|0|4|0|816
00:0c:e7:3e:40:78|0|6|0|0|0|0
ca:2b:b0:58:ef:fc|0|6|0|0|0|0
1a:87:40:d8:f6:46|0|18|0|0|0|0
70:ee:50:73:4e:36|0|0|2|0|52|0
44:fe:3b:a8:69:27|0|0|0|2|0|52
01:80:c2:00:00:0e|0|0|0|1|0|94
c8:66:5d:1f:4f:54|0|6|0|0|0|0
1a:87:40:81:b1:00|0|18|0|0|0|0
8e:ce:84:5f:9c:42|7|48|0|0|0|0
64:b3:10:aa:e3:3c|0|10|0|0|0|0
ba:9f:31:f7:09:ae|0|12|0|0|0|0
