28
b4:e6:2d:f6:b6:a5
68:02:b8:1e:7f:1f|1347|0|327|0|63546|0
ff:ff:ff:ff:ff:ff|0|2351|0|290|0|56294
6a:02:98:1e:7f:1f|1341|0|0|0|0|0
70:ee:50:73:4e:36|0|0|15|0|390|0
b0:95:75:4b:b9:26|0|0|0|15|0|390
b4:e6:2d:f6:b6:a5|0|1|0|6|0|669
10:1c:0c:1a:10:10|3|30|0|0|0|0
a4:3e:a0:a4:2a:46|0|99|0|0|0|0
01:00:5e:00:00:16|0|0|0|4|0|360
01:00:5e:00:00:fb|0|0|0|7|0|1316
dc:41:a9:b1:30:a0|0|6|0|11|0|3193
54:2a:a2:48:a3:f0|0|102|0|0|0|0
44:fe:3b:06:5c:71|55|0|0|0|0|0
26:6f:1d:c2:e2:46|0|7|0|0|0|0
f8:77:b8:53:10:e8|7|123|0|0|0|0
88:9f:6f:ab:69:ae|3|6|0|0|0|0
64:b3:10:aa:e3:3c|0|9|0|0|0|0
f0:5c:77:1a:f1:64|0|1|0|0|0|0
33:33:00:00:00:fb|0|0|0|3|0|828
f0:72:ea:da:42:c6|0|6|0|0|0|0
00:1c:bf:52:98:29|0|1|0|0|0|0
33:33:00:00:00:01|0|0|0|3|0|584
33:33:00:00:00:02|0|0|0|1|0|96
33:33:ff:1e:b6:60|0|0|0|1|0|112
2c:db:07:46:b4:19|0|2|0|0|0|0
9c:5d:12:d7:43:d4|0|6|0|0|0|0
01:80:c2:00:00:0e|0|0|0|1|0|94
c8:66:5d:1f:4f:54|0|6|0|0|0|0
