123
b4:e6:2d:f6:b6:a5
6a:02:98:1e:7f:1f|1591|0|0|0|0|0
ff:ff:ff:ff:ff:ff|0|3402|0|346|0|62348
d8:b6:b7:7a:3a:61|1361|0|27|83|3665|2329
68:02:b8:1e:7f:1f|1599|0|473|14|103553|360
b4:e6:2d:f6:b6:a5|0|11|0|8|0|2056
01:00:5e:7f:ff:fa|0|0|0|92|0|35848
b0:ac:d2:04:78:ff|1|0|0|0|0|0
02:aa:3f:a7:c9:b1|1|0|0|0|0|0
02:aa:3f:a7:c9:b2|1|0|0|0|0|0
70:2e:22:8d:72:74|46|0|1|0|499|0
da:fe:b3:6c:45:15|0|8|0|0|0|0
c6:74:ff:2e:81:aa|0|20|0|0|0|0
26:94:9b:c4:cd:39|19|133|0|0|0|0
01:00:5e:00:00:16|0|0|0|13|0|1202
ba:f4:c4:ec:0e:40|0|14|0|0|0|0
4e:f4:ba:f8:0e:f4|0|13|0|0|0|0
80:1f:02:b4:07:ae|0|0|12|0|312|0
c2:d2:91:06:a9:5f|0|14|0|0|0|0
b2:2e:56:af:9e:8c|1|7|0|0|0|0
02:6a:78:a8:9f:61|0|6|0|0|0|0
96:4b:eb:25:32:1b|0|6|0|0|0|0
0a:d9:a3:d2:80:a9|0|7|0|0|0|0
be:d2:61:69:e7:84|0|13|0|0|0|0
2e:d9:ca:1d:7d:50|0|1|0|0|0|0
ca:0e:15:b8:b4:29|0|6|0|0|0|0
ec:2e:98:f0:f5:27|0|11|0|0|0|0
e6:35:23:4e:ab:99|0|0|8|2|200|52
a4:3e:a0:a4:2a:46|0|157|0|0|0|0
26:17:dc:59:74:f7|0|0|31|2|744|52
bc:54:51:02:a4:f0|0|0|36|2|1193|52
2c:0e:3d:ac:4c:05|0|0|2|0|48|0
42:2f:92:c4:ac:f4|1|19|0|0|0|0
6e:24:ee:2f:5f:e9|0|13|0|0|0|0
0a:70:ee:72:f6:f9|0|1|0|0|0|0
da:a1:19:a6:d7:cb|0|14|0|0|0|0
c6:23:5b:59:13:28|0|14|0|0|0|0
0e:26:0a:2f:38:6b|0|0|8|0|192|0
1a:94:be:aa:05:d0|0|14|0|0|0|0
ba:8a:22:28:1e:de|0|6|0|0|0|0
8a:85:51:7e:2d:11|0|7|0|0|0|0
2e:c4:4a:f2:fe:87|0|7|0|0|0|0
c2:e5:eb:2e:98:ea|0|7|0|0|0|0
5c:f8:21:84:a4:31|0|2|0|0|0|0
a2:5f:c3:dd:d7:14|2|13|0|0|0|0
66:8b:8e:aa:9e:67|0|14|0|0|0|0
4a:6c:a1:f2:83:3d|1|7|0|0|0|0
4a:36:bf:54:20:aa|0|6|0|0|0|0
b6:7e:bf:e1:c9:85|0|14|0|0|0|0
c8:66:5d:1f:4f:54|0|18|0|0|0|0
b2:77:02:82:1f:61|0|7|0|0|0|0
36:26:df:16:20:c7|0|14|0|0|0|0
3a:b2:b4:bc:c9:00|0|13|0|0|0|0
c6:6e:93:c9:00:52|0|15|0|0|0|0
2a:0a:73:1e:34:79|0|12|0|0|0|0
52:17:f1:d5:ba:39|0|12|0|0|0|0
46:3e:d3:ff:74:fd|0|13|0|0|0|0
c2:48:5b:5e:8d:54|0|6|0|0|0|0
2a:a3:44:8c:9b:1e|0|13|0|0|0|0
01:00:5e:00:00:fb|0|0|0|12|0|2204
33:33:00:00:00:fb|0|0|0|9|0|1913
da:cd:d6:54:06:f4|0|7|0|0|0|0
4c:fc:aa:04:03:83|0|8|0|0|0|0
2e:af:4e:fc:f8:30|0|6|0|0|0|0
da:a1:19:d6:d5:fa|0|19|0|0|0|0
66:ea:b9:88:35:25|0|6|0|0|0|0
96:20:b8:4f:2d:e9|0|13|0|0|0|0
1a:87:40:d0:fe:ff|2|18|0|0|0|0
ea:66:56:e7:a2:b2|0|8|0|0|0|0
fe:e8:ef:9f:70:7e|0|5|0|0|0|0
4a:da:0f:95:a0:c4|0|6|0|0|0|0
b6:bb:cf:a2:7b:20|1|0|0|0|0|0
a6:2a:a7:74:12:73|0|6|0|0|0|0
12:9e:2f:10:72:82|0|7|0|0|0|0
9e:20:26:16:1f:84|0|14|0|0|0|0
8a:53:88:ff:34:40|0|8|0|0|0|0
36:64:86:b0:f4:c9|0|13|0|0|0|0
f8:77:b8:53:10:e8|6|59|0|0|0|0
0a:9c:d5:62:fb:66|0|13|0|0|0|0
64:b3:10:aa:e3:3c|0|1|0|0|0|0
7e:b2:a2:bd:ec:32|0|6|0|0|0|0
33:33:00:00:00:16|0|0|0|7|0|872
04:4e:af:fb:fd:77|0|14|0|0|0|0
ba:ed:c6:80:a6:d2|0|6|0|0|0|0
c2:ac:36:fa:1e:e3|0|12|0|0|0|0
33:33:00:01:00:03|0|0|0|1|0|129
1e:c9:3c:64:ff:93|0|1|0|0|0|0
01:00:5e:00:00:fc|0|0|0|1|0|109
6a:e0:22:4d:49:aa|0|13|0|0|0|0
96:35:b6:4a:e7:15|0|6|0|0|0|0
33:33:00:00:00:01|0|0|0|3|0|584
33:33:00:00:00:02|0|0|0|1|0|96
33:33:ff:1e:b6:60|0|0|0|1|0|112
aa:28:2c:3a:07:2c|0|1|0|0|0|0
26:55:3c:45:27:b4|0|6|0|0|0|0
01:00:5e:00:00:01|0|0|0|1|0|88
4e:8c:11:bc:2e:85|0|7|0|0|0|0
5a:49:e1:cd:23:77|0|13|0|0|0|0
84:16:f9:07:68:71|0|7|0|0|0|0
1e:95:11:55:51:1a|0|8|0|0|0|0
ea:da:5b:e6:64:ee|0|6|0|0|0|0
de:36:f4:4c:47:4c|0|6|0|0|0|0
8e:92:7c:11:4c:b9|0|13|0|0|0|0
ae:b1:0d:2c:35:85|0|6|0|0|0|0
d6:31:0d:53:2c:8b|0|7|0|0|0|0
72:ea:cb:24:7f:15|0|8|0|0|0|0
9a:5a:b4:75:f9:ca|0|6|0|0|0|0
f2:ad:9d:f7:20:d8|0|7|0|0|0|0
86:ba:d9:e3:10:6b|0|12|0|0|0|0
32:31:c1:5e:cf:b1|0|8|0|0|0|0
5a:1a:20:80:7b:4d|0|7|0|0|0|0
ea:a5:40:27:81:e3|0|6|0|0|0|0
46:88:be:ee:0f:a1|0|7|0|0|0|0
76:1c:da:de:b4:86|0|15|0|0|0|0
78:9f:70:2b:86:c6|2|0|0|0|0|0
76:4e:84:4b:f8:0c|0|14|0|0|0|0
b2:be:23:a2:18:91|0|6|0|0|0|0
4a:8c:82:27:99:59|2|32|0|0|0|0
9a:35:4c:b5:7b:d5|0|7|0|0|0|0
8a:7c:93:ca:43:f0|0|6|0|0|0|0
ca:7e:d8:ce:b9:c5|0|7|0|0|0|0
1a:02:61:28:8c:a2|0|6|0|0|0|0
d6:8a:4f:b2:15:cf|0|6|0|0|0|0
a6:ef:bc:09:17:6d|0|12|0|0|0|0
