77
b4:e6:2d:f6:c8:79
90:9a:4a:80:85:9e|1169|0|0|0|0|0
ff:ff:ff:ff:ff:ff|0|3190|0|45|0|7360
90:9a:4a:80:71:9a|1418|5|34|83|3932|11040
20:aa:4b:5b:e6:4b|917|0|47|0|7594|0
28:6d:cd:09:2a:ea|0|0|32|5|7063|633
c0:06:c3:8f:c0:7b|4|8|11|8|1108|866
b4:e6:2d:f6:c8:79|0|2|0|5|0|626
02:b7:16:dc:d9:d5|0|2|0|0|0|0
b8:27:eb:81:9a:d6|0|5|0|0|0|0
54:2a:a2:73:c6:e9|9|96|0|0|0|0
3e:75:21:64:8f:02|0|3|0|0|0|0
a8:34:6a:31:e6:88|2|0|0|0|0|0
24:77:03:d4:12:38|2|11|0|0|0|0
44:07:0b:70:9e:93|5|0|0|0|0|0
10:fe:ed:dd:08:06|13|0|0|0|0|0
12:01:21:66:ff:2d|0|3|0|0|0|0
e4:5f:01:5c:9d:89|0|1|0|0|0|0
d0:16:b4:25:43:b6|2|0|0|0|0|0
a4:50:46:4c:af:3b|1|3|32|12|2248|1333
7a:4d:80:46:e1:09|0|4|0|0|0|0
48:5a:b6:22:0c:7e|5|31|0|0|0|0
20:1f:3b:3a:bb:3d|1|0|0|0|0|0
f0:f6:c1:d5:cb:42|0|13|0|0|0|0
42:43:10:69:9a:87|1|8|0|0|0|0
c0:06:c3:8f:c7:99|0|0|8|4|621|474
44:07:0b:2f:49:8b|10|0|0|0|0|0
fe:82:3a:74:95:59|0|10|0|0|0|0
7e:c8:aa:d4:21:6f|2|15|0|0|0|0
f0:ef:86:06:76:35|0|2|0|0|0|0
3c:8d:20:4f:d8:e9|1|0|0|0|0|0
4a:f2:78:c3:e9:15|0|3|0|0|0|0
e6:fb:79:08:f9:da|0|8|0|0|0|0
d2:c5:11:46:08:64|0|3|0|0|0|0
33:33:00:00:00:01|0|0|0|1|0|120
d8:4c:90:d2:8d:03|36|0|1783|0|80918|0
00:31:92:b2:2f:8c|0|34|0|1783|0|80918
00:08:07:76:35:b7|0|5|0|0|0|0
f4:f5:d8:8d:f2:58|1|2|0|0|0|0
22:48:f8:26:26:64|4|6|0|0|0|0
7e:2e:b3:5f:41:f5|0|1|0|0|0|0
66:fc:04:83:8b:d6|0|12|0|0|0|0
3c:8d:20:19:41:be|1|3|0|0|0|0
ce:42:b4:1b:e5:57|0|5|0|0|0|0
3e:93:01:ad:bf:85|1|15|0|0|0|0
52:bb:57:72:7d:38|0|4|0|0|0|0
46:09:98:b0:89:e2|2|6|0|0|0|0
54:60:09:e2:ee:aa|0|15|0|0|0|0
1a:40:88:df:82:7e|0|1|0|0|0|0
e6:74:84:1d:13:e5|0|3|0|0|0|0
da:c9:7b:19:e0:1a|0|1|0|0|0|0
72:7c:bf:8e:43:d0|2|6|0|0|0|0
46:3b:78:62:ec:7e|1|10|7|0|168|0
c4:12:f5:d1:17:6c|0|0|0|7|0|168
7a:d9:a2:28:c5:ef|0|6|0|0|0|0
f4:f5:d8:84:58:92|0|1|0|0|0|0
da:fd:51:f0:d3:fb|2|8|0|0|0|0
5e:d9:b3:e4:f5:df|1|4|0|0|0|0
fa:a3:0b:3e:96:26|0|6|0|0|0|0
2a:88:d2:ed:c2:0a|0|4|0|0|0|0
82:cc:d6:f8:55:19|0|3|0|0|0|0
a2:c8:8f:9d:87:1c|0|5|0|0|0|0
5e:74:2d:33:47:f5|0|1|0|0|0|0
6a:5a:10:18:82:44|1|0|0|0|0|0
01:00:5e:00:00:fa|0|0|0|1|0|114
86:ad:55:db:18:79|1|0|10|0|240|0
f4:cf:e2:ea:1e:e2|0|0|0|10|0|240
26:a1:ca:ab:3d:ad|0|2|0|0|0|0
aa:1a:90:9d:6d:a7|0|6|0|0|0|0
5e:99:10:53:a2:0d|1|3|0|0|0|0
82:46:b9:a8:50:7a|0|9|0|0|0|0
44:07:0b:89:e4:ab|9|0|0|0|0|0
02:03:58:41:51:ea|0|1|0|0|0|0
30:07:4d:83:4d:ce|0|3|0|0|0|0
46:91:10:f1:98:cc|0|1|0|0|0|0
02:4e:a9:66:6e:29|0|3|0|0|0|0
52:cb:20:02:89:57|0|1|0|0|0|0
be:70:18:2a:18:f3|0|3|0|0|0|0
