49
b4:e6:2d:f6:c8:79
9e:ab:89:2d:82:91|9|38|314|4941|8396|6365012
90:9a:4a:80:85:9e|1126|8|4942|314|6365096|8396
90:9a:4a:80:71:9a|1396|12|315|1054|222154|263480
ff:ff:ff:ff:ff:ff|0|2595|0|8|0|1082
68:ff:7b:c5:ca:c9|292|0|0|0|0|0
b4:e6:2d:f6:c8:79|0|2|0|5|0|549
28:6d:cd:09:2a:ea|1|3|4|0|104|0
c0:06:c3:8f:c7:99|0|0|8|2|636|156
20:aa:4b:5b:e6:4b|85|0|8|0|1082|0
a4:50:46:4c:af:3b|7|15|1036|306|262255|221293
c0:06:c3:8f:c0:7b|4|9|6|2|485|156
56:f7:b0:2c:66:fc|4|8|0|0|0|0
54:2a:a2:73:c6:e9|0|63|0|0|0|0
3a:39:e9:0c:04:b3|0|3|0|0|0|0
54:60:09:e2:ee:aa|0|2|0|0|0|0
a6:25:a4:55:c7:60|0|3|0|0|0|0
f4:f5:d8:8d:f2:58|5|2|0|0|0|0
08:9e:08:bc:6c:2b|0|3|0|0|0|0
a6:23:9c:e5:b4:cb|3|10|0|0|0|0
9a:91:11:d8:72:ce|14|72|0|0|0|0
b8:27:eb:81:9a:d6|0|1|0|0|0|0
54:3a:d6:77:88:6e|0|9|0|0|0|0
74:df:bf:45:ac:65|0|7|0|0|0|0
50:e0:85:84:55:94|4|19|0|0|0|0
ec:5c:68:84:b1:4b|1|12|0|0|0|0
1a:94:9e:76:ee:d0|0|2|0|0|0|0
e4:5f:01:5c:9d:89|0|2|0|0|0|0
48:5a:b6:22:0c:7e|0|15|0|0|0|0
c2:fc:32:11:a8:e4|1|0|0|0|0|0
88:3d:24:10:7e:ce|0|1|0|0|0|0
6e:6c:38:79:16:05|0|3|0|0|0|0
44:07:0b:2f:49:8b|5|0|0|0|0|0
00:08:07:76:35:b7|0|1|0|0|0|0
ac:d6:18:05:2a:70|3|15|0|0|0|0
44:07:0b:70:9e:93|2|0|0|0|0|0
3e:9e:c1:ec:69:65|0|7|0|0|0|0
48:e7:da:44:78:57|0|1|0|0|0|0
7c:b2:7d:d3:ca:b1|0|3|0|0|0|0
8e:69:17:2c:28:60|0|3|0|0|0|0
90:0c:c8:ff:c0:3c|0|12|0|0|0|0
02:eb:45:c5:83:42|0|3|0|0|0|0
9a:51:ff:6b:bc:ac|0|1|0|0|0|0
3c:8d:20:4f:d8:e9|1|0|0|0|0|0
da:6e:8b:77:b6:7e|0|1|0|0|0|0
4a:f0:41:b5:3a:00|0|1|0|0|0|0
44:07:0b:6c:b6:e3|3|0|0|0|0|0
ac:67:84:52:fe:0b|2|0|0|0|0|0
b2:a9:cd:54:78:14|0|1|0|0|0|0
01:00:5e:00:00:01|0|0|0|1|0|84
