58
b4:e6:2d:f6:c8:79
90:9a:4a:80:85:9e|1207|0|530|41|382211|984
ff:ff:ff:ff:ff:ff|0|3217|0|56|0|10452
90:9a:4a:80:71:9a|1254|7|147|184|31623|44819
20:aa:4b:5b:e6:4b|907|0|59|0|10756|0
20:1f:3b:3a:bb:3d|4|0|0|0|0|0
b4:e6:2d:f6:c8:79|0|1|0|6|0|622
4a:d8:39:e3:d0:34|0|3|0|0|0|0
68:ff:7b:c5:ca:c9|36|0|0|0|0|0
28:6d:cd:09:2a:ea|0|0|40|41|8426|7585
fe:c4:8b:1d:c8:d8|4|44|0|0|0|0
a4:50:46:4c:af:3b|3|5|125|88|34583|22076
c0:06:c3:8f:c0:7b|4|8|11|8|1108|866
01:00:5e:00:00:01|0|0|0|2|0|160
92:45:d8:a3:56:75|1|7|0|0|0|0
60:1d:91:bc:0e:96|0|1|0|0|0|0
92:a3:80:2d:16:84|1|0|0|0|0|0
c0:06:c3:8f:c7:99|0|0|8|4|702|474
44:07:0b:70:9e:93|2|0|0|0|0|0
01:00:5e:00:00:fa|0|0|0|2|0|228
5a:3e:ca:d9:6f:e5|0|1|0|0|0|0
f4:f2:6d:90:44:3c|10|0|0|0|0|0
1c:bf:ce:e3:fb:45|0|3|0|0|0|0
e4:5f:01:5c:9d:89|0|8|0|0|0|0
9e:ab:89:2d:82:91|0|10|41|529|984|382127
9a:d5:f2:19:65:87|0|8|0|0|0|0
da:a1:19:4e:a2:c7|5|32|0|0|0|0
06:eb:7c:2c:5b:24|0|2|0|0|0|0
12:e8:29:e4:16:89|1|0|0|0|0|0
32:a9:cd:83:80:7f|2|7|0|0|0|0
36:ed:31:3e:98:9b|0|4|0|0|0|0
44:07:0b:2f:49:8b|12|0|0|0|0|0
9e:d8:f9:1b:1b:37|1|5|0|0|0|0
ba:86:5e:cc:15:fc|1|4|0|0|0|0
aa:38:99:bd:8e:40|0|3|0|0|0|0
24:77:03:d4:12:38|2|8|0|0|0|0
fa:5c:e5:12:31:20|0|3|0|0|0|0
f6:10:0b:dd:33:1e|0|3|0|0|0|0
ea:f6:91:12:52:86|2|4|0|0|0|0
fa:d7:60:85:80:5c|0|1|0|0|0|0
f4:f5:d8:8d:f2:58|0|5|0|0|0|0
60:1d:91:c6:b5:ab|0|3|0|0|0|0
1e:e8:29:e4:16:89|1|0|0|0|0|0
b8:27:eb:81:9a:d6|0|5|0|0|0|0
ca:60:f4:ab:5b:40|0|4|0|0|0|0
08:9e:08:bc:6c:2b|0|3|0|0|0|0
8e:41:94:25:7f:ae|0|1|0|0|0|0
3a:c1:88:8a:cb:15|0|2|0|0|0|0
a2:bb:63:26:52:b9|0|3|0|0|0|0
be:7b:c9:cb:1f:4b|0|6|0|0|0|0
f2:b2:80:0a:ea:79|2|16|0|0|0|0
f0:ef:86:06:76:35|0|2|0|0|0|0
00:08:07:76:35:b7|0|1|0|0|0|0
5e:b1:19:74:18:d2|0|4|0|0|0|0
5c:5f:67:4a:c7:2a|0|5|0|0|0|0
36:9b:e0:7d:61:92|0|6|0|0|0|0
ae:f6:cf:5e:8b:f8|1|0|0|0|0|0
26:13:52:b4:5a:87|1|0|0|0|0|0
0e:b9:05:87:64:95|1|0|0|0|0|0
