22
b4:e6:2d:f6:b6:a5
68:02:b8:1e:7f:1f|1336|0|286|12|29080|312
ff:ff:ff:ff:ff:ff|0|2358|0|244|0|23210
6a:02:98:1e:7f:1f|1334|0|0|0|0|0
70:ee:50:73:4e:36|0|0|27|0|702|0
b0:95:75:4b:b9:26|0|0|0|27|0|702
b4:e6:2d:f6:b6:a5|0|2|0|3|0|390
80:1f:02:b4:07:ae|0|0|12|0|312|0
01:00:5e:7f:ff:fa|0|0|0|20|0|2280
01:00:5e:00:00:16|0|0|0|4|0|360
4e:9b:05:55:9f:ce|1|0|0|0|0|0
64:b3:10:aa:e3:3c|0|18|0|0|0|0
a4:3e:a0:a4:2a:46|0|90|0|0|0|0
f8:77:b8:53:10:e8|12|138|0|0|0|0
01:00:5e:00:00:fb|0|0|0|4|0|860
33:33:00:00:00:fb|0|0|0|4|0|940
33:33:00:00:00:16|0|0|0|2|0|248
10:1c:0c:1a:10:10|1|12|0|0|0|0
00:0c:e7:33:56:49|0|30|0|0|0|0
1a:87:40:92:83:32|0|36|0|0|0|0
33:33:00:00:00:01|0|0|0|3|0|584
33:33:00:00:00:02|0|0|0|1|0|96
33:33:ff:1e:b6:60|0|0|0|1|0|112
