27
b4:e6:2d:f6:b6:a5
d8:b6:b7:7a:3a:61|1257|0|6|37|218|1118
ff:ff:ff:ff:ff:ff|0|3526|0|349|0|63044
68:02:b8:1e:7f:1f|1271|0|468|12|103294|312
6a:02:98:1e:7f:1f|1271|0|0|0|0|0
26:17:dc:59:74:f7|0|0|12|2|288|52
80:1f:02:b4:07:ae|0|0|12|3|312|294
b4:e6:2d:f6:b6:a5|0|1|0|4|0|485
a4:3e:a0:a4:2a:46|0|120|0|0|0|0
01:00:5e:7f:ff:fa|0|0|0|90|0|36708
4e:9b:05:55:9f:ce|2|25|0|0|0|0
01:00:5e:00:00:16|0|0|0|4|0|360
01:00:5e:00:00:fb|0|0|0|3|0|411
bc:54:51:02:a4:f0|0|0|17|1|630|26
01:00:5e:00:00:01|0|0|0|1|0|88
e6:35:23:4e:ab:99|0|0|8|2|200|52
f8:77:b8:53:10:e8|12|100|0|0|0|0
33:33:00:00:00:01|0|0|0|3|0|584
33:33:00:00:00:02|0|0|0|2|0|200
33:33:ff:1e:b6:60|0|0|0|1|0|112
c8:66:5d:1f:4f:54|0|12|0|0|0|0
3e:c4:4c:3f:5e:56|2|7|0|0|0|0
9c:5d:12:d7:43:d4|0|6|0|0|0|0
33:33:ff:c4:cd:39|0|0|0|2|0|224
33:33:00:00:00:16|0|0|0|5|0|640
33:33:ff:b6:34:20|0|0|0|2|0|232
64:b3:10:aa:e3:3c|0|20|0|0|0|0
9a:bd:8b:11:bb:09|2|0|0|0|0|0
