46
b4:e6:2d:f6:b6:a5
68:02:b8:1e:7f:1f|1332|0|83|0|34278|0
ff:ff:ff:ff:ff:ff|0|2399|0|3|0|826
6a:02:98:1e:7f:1f|1330|0|0|0|0|0
b4:e6:2d:f6:b6:a5|0|1|0|4|0|482
01:00:5e:7f:ff:fa|0|0|0|60|0|30806
a4:3e:a0:a4:2a:46|0|84|0|0|0|0
54:2a:a2:48:a3:f0|0|60|0|0|0|0
70:ee:50:73:4e:36|0|0|134|0|3472|0
b0:95:75:4b:b9:26|0|0|0|134|0|3472
c8:66:5d:1f:4f:54|0|6|0|0|0|0
33:33:ff:7f:80:dc|0|0|0|3|0|360
6e:dd:ac:57:c1:4c|2|0|0|0|0|0
10:1c:0c:1a:10:10|0|24|0|0|0|0
33:33:00:00:00:01|0|0|0|3|0|584
92:85:ee:d0:0f:d1|1|0|0|0|0|0
1a:cc:45:8c:9f:a0|6|0|0|0|0|0
f6:2d:13:af:b1:b1|4|0|0|0|0|0
da:d7:72:e7:ed:5b|6|0|0|0|0|0
6a:4c:d4:b6:ee:65|4|0|0|0|0|0
9a:f9:57:4c:2a:07|2|0|0|0|0|0
ae:87:11:33:ea:8e|6|0|0|0|0|0
62:4b:79:3b:02:b7|0|6|0|0|0|0
12:65:9f:c8:03:a7|23|0|63|0|1638|0
74:a7:8e:cc:4f:7c|0|23|0|63|0|1638
b2:50:1f:91:86:cb|0|12|0|0|0|0
9c:5d:12:d7:43:d4|0|5|0|0|0|0
cc:88:26:04:86:b1|1|0|0|0|0|0
0a:93:fb:11:5d:e7|2|0|0|0|0|0
fa:36:37:3b:d1:10|2|12|0|0|0|0
3e:31:02:f8:83:d5|2|0|0|0|0|0
78:9f:70:2b:86:c6|0|6|0|0|0|0
02:e7:82:65:b9:19|2|0|0|0|0|0
02:5d:08:5f:4b:fc|1|0|0|0|0|0
52:f9:0f:36:06:8f|2|0|0|0|0|0
82:07:a5:77:23:78|2|12|0|0|0|0
16:b0:4c:69:fe:30|2|12|0|0|0|0
06:c8:e0:dd:06:ef|0|6|0|0|0|0
4e:9b:05:8d:4b:61|1|24|0|0|0|0
4e:9b:05:0d:0a:57|2|24|0|0|0|0
1a:a4:2b:a6:3b:1f|2|18|0|0|0|0
33:33:ff:55:9f:ce|0|0|0|2|0|224
33:33:00:00:00:16|0|0|0|5|0|660
33:33:00:00:00:02|0|0|0|1|0|104
33:33:ff:a9:73:b6|0|0|0|2|0|232
1e:14:e0:a3:7d:70|2|6|0|0|0|0
2a:b8:9b:98:b6:2d|1|0|0|0|0|0
