37
b4:e6:2d:f6:c8:79
90:9a:4a:80:71:9a|1193|1|17|54|2495|8999
ff:ff:ff:ff:ff:ff|0|2157|0|10|0|1968
90:9a:4a:80:85:9e|521|0|4|6|312|144
68:ff:7b:c5:ca:c9|198|0|1|0|78|0
20:aa:4b:5b:e6:4b|309|0|10|0|1968|0
c0:06:c3:8f:c7:99|0|0|11|7|1029|789
66:19:c7:5f:ec:69|0|1|0|0|0|0
b4:e6:2d:f6:c8:79|0|2|0|3|0|376
28:6d:cd:09:2a:ea|0|0|32|4|6994|474
f0:ef:86:05:a3:fa|0|22|0|0|0|0
44:07:0b:2f:49:8b|12|0|0|0|0|0
20:1f:3b:3a:bb:3d|7|0|0|0|0|0
a4:50:46:4c:af:3b|0|0|7|2|518|230
9e:ab:89:2d:82:91|0|0|6|4|144|312
c0:06:c3:8f:c0:7b|1|2|4|1|458|626
34:c0:59:00:a0:8f|0|5|0|0|0|0
08:9e:08:bc:6c:2b|0|4|0|0|0|0
00:08:07:76:35:b7|0|4|0|0|0|0
7c:2e:bd:f4:94:ee|7|0|0|0|0|0
e4:5f:01:5c:9d:89|0|4|0|0|0|0
4e:d2:35:1c:1e:fe|2|3|0|0|0|0
44:07:0b:6c:b6:e3|1|0|0|0|0|0
b8:27:eb:3b:22:38|0|10|0|0|0|0
62:fb:f8:44:ae:2c|0|2|0|0|0|0
f0:ef:86:06:76:35|0|6|0|0|0|0
18:e8:29:91:3d:5e|5|0|0|0|0|0
10:fe:ed:dd:08:06|2|0|0|0|0|0
da:a1:19:cf:cf:cf|1|10|0|0|0|0
f6:d7:e3:c8:b4:df|0|2|0|0|0|0
7c:b2:7d:d3:ca:b1|0|2|0|0|0|0
54:60:09:e2:ee:aa|0|9|0|0|0|0
f0:5c:77:12:21:75|0|1|0|0|0|0
b8:27:eb:81:9a:d6|0|3|0|0|0|0
f4:f5:d8:8d:f2:58|0|7|0|0|0|0
f4:f5:d8:84:58:92|0|1|0|0|0|0
1a:a5:c3:61:4f:b6|0|0|0|1|0|78
1e:df:ba:53:b0:35|0|1|0|0|0|0
