31
b4:e6:2d:f6:b6:a5
68:02:b8:1e:7f:1f|1354|1|486|200|133817|5304
ff:ff:ff:ff:ff:ff|0|2363|0|270|0|54965
6a:02:98:1e:7f:1f|1350|0|0|0|0|0
26:94:9b:c4:cd:39|5|61|200|120|5304|42626
01:00:5e:00:00:16|0|0|0|7|0|646
b4:e6:2d:f6:b6:a5|0|3|0|3|0|390
10:1c:0c:1a:10:10|4|66|0|0|0|0
a4:3e:a0:a4:2a:46|0|114|0|0|0|0
e4:57:40:c4:7c:81|2|0|0|0|0|0
01:00:5e:7f:ff:fa|0|0|0|66|0|32084
c8:66:5d:1f:4f:54|0|17|0|0|0|0
54:2a:a2:48:a3:f0|0|30|0|0|0|0
16:77:7f:33:fe:81|1|0|0|0|0|0
64:b3:10:aa:e3:3c|0|18|0|0|0|0
33:33:00:00:00:16|0|0|0|7|0|908
01:00:5e:00:00:fb|0|0|0|4|0|648
33:33:00:00:00:fb|0|0|0|4|0|728
33:33:00:01:00:03|0|0|0|1|0|129
01:00:5e:00:00:fc|0|0|0|1|0|109
5e:66:ff:21:9a:b6|0|6|0|0|0|0
1e:3a:9c:c7:65:86|2|0|0|0|0|0
da:a1:19:78:75:74|2|0|0|0|0|0
de:ac:ab:13:e9:7c|0|6|0|0|0|0
