44
b4:e6:2d:f6:c8:79
90:9a:4a:80:85:9e|764|10|5|302|390|7904
ff:ff:ff:ff:ff:ff|0|2420|0|3|0|416
90:9a:4a:80:71:9a|1270|7|8|29|783|2420
68:ff:7b:c5:ca:c9|488|0|0|0|0|0
c0:06:c3:8f:c7:99|0|0|7|1|423|78
b4:e6:2d:f6:c8:79|0|3|0|4|0|471
c0:06:c3:8f:c0:7b|6|13|13|3|1443|234
9e:ab:89:2d:82:91|0|0|6|3|144|234
20:aa:4b:5b:e6:4b|9|0|5|0|836|0
3c:8d:20:4f:d8:e9|1|0|0|0|0|0
04:6c:59:1b:72:04|10|26|296|2|7760|156
04:d6:aa:40:9f:f4|0|2|0|0|0|0
50:eb:71:d0:6d:35|1|0|0|0|0|0
33:33:00:00:00:0c|0|0|0|2|0|420
a4:50:46:4c:af:3b|0|0|7|0|502|0
28:6d:cd:09:2a:ea|1|3|2|0|52|0
3e:57:f2:be:35:07|0|1|0|0|0|0
74:df:bf:45:ac:65|0|5|0|0|0|0
44:07:0b:89:e4:ab|10|0|0|0|0|0
20:1f:3b:3a:bb:3d|6|0|0|0|0|0
44:07:0b:2f:49:8b|13|0|0|0|0|0
66:c7:c5:ae:8a:5a|2|4|0|0|0|0
56:57:e9:83:f0:01|0|1|0|0|0|0
00:08:07:76:35:b7|0|3|0|0|0|0
50:e0:85:84:55:94|2|14|0|0|0|0
f0:72:ea:ef:27:ca|1|1|0|0|0|0
44:07:0b:70:9e:93|2|0|0|0|0|0
54:60:09:e2:ee:aa|0|3|0|0|0|0
be:9a:52:86:d3:99|3|19|0|0|0|0
f0:ef:86:06:76:35|0|2|0|0|0|0
12:20:6d:7c:16:b7|0|3|0|0|0|0
f4:f5:d8:8d:f2:58|0|3|0|0|0|0
10:fe:ed:dd:08:06|1|0|0|0|0|0
22:48:f8:26:26:64|6|20|0|0|0|0
8e:4f:f6:12:f7:0c|0|2|0|0|0|0
72:16:90:1d:83:67|0|4|0|0|0|0
32:f0:11:4f:6f:2b|0|8|0|0|0|0
e0:b6:55:51:29:ba|0|1|0|0|0|0
86:91:4a:21:45:bd|1|0|0|0|0|0
7c:2e:bd:f4:94:ee|6|0|0|0|0|0
be:50:66:51:9c:3a|1|4|0|0|0|0
76:78:27:bc:20:c6|0|3|0|0|0|0
7a:f4:a9:5a:17:f8|2|18|0|0|0|0
f0:ef:86:21:66:5f|0|3|0|0|0|0
