48
b4:e6:2d:f6:b6:a5
68:02:b8:1e:7f:1f|1338|0|317|12|60328|312
ff:ff:ff:ff:ff:ff|0|3533|0|210|0|20166
6a:02:98:1e:7f:1f|1337|0|0|0|0|0
d8:b6:b7:7a:3a:61|1339|0|18|41|1736|1214
bc:54:51:02:a4:f0|0|0|19|2|678|52
b4:e6:2d:f6:b6:a5|0|2|0|3|0|390
70:ee:50:73:4e:36|0|0|26|0|676|0
b0:95:75:4b:b9:26|0|0|0|26|0|676
54:88:0e:46:1b:78|0|36|0|0|0|0
ee:8d:a1:fb:d2:31|0|7|0|0|0|0
01:00:5e:7f:ff:fa|0|0|0|90|0|36708
a4:3e:a0:a4:2a:46|0|120|0|0|0|0
80:1f:02:b4:07:ae|0|0|12|1|312|96
1a:b4:ad:6a:34:b6|0|7|0|0|0|0
e6:35:23:4e:ab:99|0|0|8|2|200|52
9c:5d:12:d7:43:d4|0|6|0|0|0|0
00:0c:e7:55:57:59|0|8|0|0|0|0
4c:fc:aa:04:98:e5|10|0|0|0|0|0
26:17:dc:59:74:f7|0|0|13|2|312|52
0e:26:0a:2f:38:6b|0|0|1|2|24|52
01:00:5e:00:00:fb|0|0|0|9|0|1834
33:33:00:00:00:fb|0|0|0|9|0|2014
64:b3:10:aa:e3:3c|0|6|0|0|0|0
f8:77:b8:53:10:e8|12|128|0|0|0|0
b2:22:32:eb:9a:9e|0|6|0|0|0|0
c6:73:39:8a:2b:fa|0|6|0|0|0|0
5e:33:7a:57:f7:2d|0|6|0|0|0|0
52:07:50:4c:08:fc|0|6|0|0|0|0
01:00:5e:00:00:01|0|0|0|1|0|88
f2:f2:77:49:2e:51|0|6|0|0|0|0
1a:87:40:21:42:91|0|18|0|0|0|0
3e:82:d6:fe:c1:65|0|12|0|0|0|0
04:4e:af:fb:fd:77|4|0|0|0|0|0
86:b2:54:b8:25:44|0|12|0|0|0|0
74:40:bb:9e:c2:55|0|13|0|0|0|0
0a:70:4f:2a:19:47|0|12|0|0|0|0
f6:46:fa:8f:a3:5b|0|7|0|0|0|0
de:e5:42:17:d0:13|0|18|0|0|0|0
ee:eb:4e:b3:ef:d2|0|6|0|0|0|0
ca:82:be:42:c6:60|0|20|0|0|0|0
f6:3b:36:dc:85:84|0|6|0|0|0|0
66:2a:b5:18:6c:db|0|6|0|0|0|0
1e:8e:71:98:8e:f9|0|7|0|0|0|0
2e:f6:bf:2d:68:9a|0|7|0|0|0|0
b2:49:1e:56:dc:b6|0|13|0|0|0|0
33:33:00:00:00:01|0|0|0|2|0|352
33:33:00:00:00:02|0|0|0|1|0|96
33:33:ff:1e:b6:60|0|0|0|1|0|112
