41
b4:e6:2d:f6:c8:79
90:9a:4a:80:71:9a|1207|4|26|59|2930|9831
ff:ff:ff:ff:ff:ff|0|2704|0|2|0|340
90:9a:4a:80:85:9e|834|1|6|14|472|336
68:ff:7b:c5:ca:c9|683|0|1|0|78|0
b4:e6:2d:f6:c8:79|0|1|0|4|0|454
20:aa:4b:5b:e6:4b|53|0|1|0|264|0
1a:b6:4a:78:ce:bc|0|3|0|0|0|0
28:6d:cd:09:2a:ea|0|0|34|5|7654|633
a4:50:46:4c:af:3b|0|0|9|5|694|560
20:f4:78:24:ce:e8|0|4|0|0|0|0
9e:ab:89:2d:82:91|1|2|14|4|336|312
00:08:07:76:35:b7|0|5|0|0|0|0
00:08:03:bf:74:c3|0|1|0|0|0|0
d6:68:81:85:17:18|0|5|0|0|0|0
12:e8:29:e4:16:89|1|0|0|0|0|0
44:07:0b:70:9e:93|3|0|0|0|0|0
f0:ef:86:06:76:35|0|3|0|0|0|0
80:91:33:25:67:05|0|3|0|0|0|0
f2:27:04:ba:1e:5f|0|1|0|0|0|0
34:c0:59:00:a0:8f|0|4|0|0|0|0
54:60:09:e2:ee:aa|0|14|0|0|0|0
b8:27:eb:3b:22:38|0|4|0|0|0|0
10:fe:ed:dd:08:06|3|0|0|0|0|0
c0:06:c3:8f:c7:99|0|0|6|2|399|237
01:00:5e:00:00:01|0|0|0|1|0|84
14:f6:d8:d5:30:90|0|7|0|0|0|0
c0:06:c3:8f:c0:7b|4|8|10|10|1084|1046
3e:9b:d1:e9:9c:3f|0|6|0|0|0|0
1a:a5:c3:61:4f:b6|0|0|0|1|0|78
20:1f:3b:3a:bb:3d|6|0|0|0|0|0
b8:27:eb:81:9a:d6|0|7|0|0|0|0
08:9e:08:bc:6c:2b|0|5|0|0|0|0
44:07:0b:2f:49:8b|1|0|0|0|0|0
22:2c:d8:60:ce:62|0|1|0|0|0|0
ee:c4:4b:3c:3f:4c|0|1|0|0|0|0
f4:f5:d8:8d:f2:58|0|5|0|0|0|0
e4:5f:01:5c:9d:89|0|1|0|0|0|0
94:65:2d:d6:9c:46|0|3|0|0|0|0
92:a3:80:2d:16:84|0|3|0|0|0|0
a4:77:33:63:f5:7e|0|1|0|0|0|0
44:07:0b:89:e4:ab|11|0|0|0|0|0
