51
b4:e6:2d:f6:c8:79
68:ff:7b:c5:ca:c9|325|0|0|0|0|0
ff:ff:ff:ff:ff:ff|0|3391|0|53|0|10145
90:9a:4a:80:71:9a|1283|5|75|110|15939|17565
20:aa:4b:5b:e6:4b|774|0|78|2|35050|52
90:9a:4a:80:85:9e|1190|0|14|164|3347|4024
c0:06:c3:8f:c0:7b|4|8|10|16|917|1586
9e:ab:89:2d:82:91|0|16|164|13|4024|3263
a6:23:9c:e5:b4:cb|6|30|0|0|0|0
b4:e6:2d:f6:c8:79|0|1|0|3|0|376
28:6d:cd:09:2a:ea|0|0|27|8|5904|1110
26:4b:f5:19:a0:99|0|1|0|0|0|0
ec:5c:68:84:b1:4b|2|26|0|0|0|0
d8:47:32:54:de:63|0|6|0|0|0|0
8e:60:12:a1:c4:1a|2|10|0|0|0|0
46:15:75:3d:d8:84|0|2|0|0|0|0
e6:3d:2d:ec:2a:f3|0|4|0|0|0|0
44:07:0b:70:9e:93|3|0|0|0|0|0
c0:06:c3:8f:c7:99|0|0|7|4|612|474
01:00:5e:00:00:01|0|0|0|2|0|160
e6:1d:78:73:e4:e3|0|2|2|16|52|23012
12:e8:29:e4:16:89|1|0|0|0|0|0
a4:50:46:4c:af:3b|1|1|66|44|10132|12393
f4:f5:d8:8d:f2:58|1|5|0|0|0|0
5e:45:dd:87:1d:cb|1|8|0|0|0|0
01:00:5e:00:00:fb|0|0|0|5|0|1424
1e:e8:29:e4:16:89|1|0|0|0|0|0
b8:27:eb:81:9a:d6|0|1|0|0|0|0
00:08:07:76:35:b7|0|5|0|0|0|0
01:00:5e:00:00:fa|0|0|0|1|0|114
20:1f:3b:3a:bb:3d|5|0|0|0|0|0
44:07:0b:2f:49:8b|10|0|0|0|0|0
33:33:00:00:00:01|0|0|0|1|0|120
da:a1:19:ec:ec:ec|1|10|0|0|0|0
1c:bf:ce:e3:fb:45|0|9|0|0|0|0
6a:ea:51:41:8e:8b|2|11|0|0|0|0
a2:c6:13:07:4b:43|0|3|0|0|0|0
c0:87:eb:8e:48:ef|0|10|0|0|0|0
84:4b:f5:19:a0:99|0|1|0|0|0|0
44:07:0b:60:bf:75|1|0|0|0|0|0
da:a1:19:54:54:54|0|1|0|0|0|0
50:e0:85:84:55:94|4|23|0|0|0|0
ee:43:53:37:21:c8|2|7|0|0|0|0
aa:e5:87:3f:a3:76|0|3|0|0|0|0
9a:13:12:de:4c:91|0|3|0|0|0|0
08:9e:08:49:f2:bd|0|7|0|0|0|0
44:07:0b:89:e4:ab|7|0|0|0|0|0
