21
b4:e6:2d:f6:b6:a5
68:02:b8:1e:7f:1f|1264|0|80|0|33230|0
ff:ff:ff:ff:ff:ff|0|2350|0|8|0|821
6a:02:98:1e:7f:1f|1262|0|0|0|0|0
54:2a:a2:48:a3:f0|0|60|0|0|0|0
01:00:5e:7f:ff:fa|0|0|0|60|0|30806
b4:e6:2d:f6:b6:a5|0|2|0|4|0|482
70:ee:50:73:4e:36|0|0|9|0|234|0
b0:95:75:4b:b9:26|0|0|0|9|0|234
78:9f:70:2b:86:c6|0|6|0|0|0|0
33:33:00:00:00:01|0|0|0|3|0|584
33:33:00:00:00:02|0|0|0|1|0|96
33:33:ff:1e:b6:60|0|0|0|1|0|112
a4:3e:a0:a4:2a:46|0|66|0|0|0|0
d0:c6:37:81:ea:b1|0|6|0|0|0|0
10:1c:0c:1a:10:10|3|0|0|0|0|0
80:58:f8:93:88:29|0|0|0|3|0|329
00:0c:e7:c2:f8:b7|0|18|0|0|0|0
32:d7:5a:95:f3:5f|1|0|0|0|0|0
ae:70:41:cf:ef:a7|1|6|0|0|0|0
1a:87:40:56:85:d3|0|18|0|0|0|0
0a:c9:8b:b9:d8:be|1|0|0|0|0|0
