34
b4:e6:2d:f6:b6:a5
d8:b6:b7:7a:3a:61|1319|2|11|83|716|4586
ff:ff:ff:ff:ff:ff|0|3514|0|7|0|532
68:02:b8:1e:7f:1f|1233|0|26|0|2815|0
6a:02:98:1e:7f:1f|1231|0|0|0|0|0
b4:e6:2d:f6:b6:a5|0|1|0|3|0|390
70:ee:50:73:4e:36|0|0|22|0|572|0
b0:95:75:4b:b9:26|0|0|0|22|0|572
7c:2e:dd:52:86:e9|0|12|0|0|0|0
26:17:dc:59:74:f7|0|0|17|2|408|52
a4:3e:a0:a4:2a:46|0|127|0|0|0|0
0e:26:0a:2f:38:6b|2|3|16|2|384|52
8c:c5:b4:3b:6e:56|0|7|0|0|0|0
80:58:f8:93:88:29|0|0|0|11|0|1101
d8:8c:79:90:f4:9b|0|7|0|0|0|0
96:ae:e5:3d:ed:79|0|7|0|0|0|0
bc:54:51:02:a4:f0|0|0|43|4|3620|472
e6:35:23:4e:ab:99|0|0|7|2|174|52
c8:66:5d:1f:4f:54|0|19|0|0|0|0
80:30:49:55:d3:2f|0|7|0|0|0|0
82:db:78:0b:8f:10|0|2|0|0|0|0
ce:46:48:99:f3:e1|0|7|0|0|0|0
33:33:00:00:00:01|0|0|0|3|0|584
33:33:00:00:00:02|0|0|0|1|0|96
33:33:ff:1e:b6:60|0|0|0|1|0|112
ce:76:29:99:09:ed|0|1|0|0|0|0
78:9f:70:2b:86:c6|2|0|0|0|0|0
02:31:03:43:78:c5|2|18|0|0|0|0
ce:1d:cf:88:7c:40|0|7|0|0|0|0
24:46:c8:f7:fe:d9|0|7|0|0|0|0
64:b3:10:aa:e3:3c|0|8|0|0|0|0
32:98:db:7a:f8:70|0|8|0|0|0|0
01:00:5e:00:00:01|0|0|0|1|0|88
4a:4b:ac:83:8e:9b|0|8|0|0|0|0
1a:87:40:97:34:14|0|17|0|0|0|0
