28
b4:e6:2d:f6:b6:a5
68:02:b8:1e:7f:1f|1270|0|318|0|57398|0
ff:ff:ff:ff:ff:ff|0|2547|0|224|0|21456
6a:02:98:1e:7f:1f|1271|0|0|0|0|0
01:00:5e:7f:ff:fa|0|0|0|85|0|34554
02:aa:3f:a7:c9:b1|138|0|0|0|0|0
02:aa:3f:a7:c9:b2|111|0|19|0|5500|0
b4:e6:2d:f6:b6:a5|0|1|0|3|0|390
9c:32:ce:15:f6:3e|0|0|13|0|338|0
68:02:b8:2e:8d:67|0|0|0|13|0|338
a4:3e:a0:a4:2a:46|0|72|0|0|0|0
54:2a:a2:48:a3:f0|0|41|0|0|0|0
0a:0a:4d:d1:62:47|0|1|0|0|0|0
5c:f8:21:84:a4:31|0|4|0|0|0|0
33:33:00:00:00:0c|0|0|0|4|0|2300
10:1c:0c:1a:10:10|2|12|0|0|0|0
01:00:5e:00:00:fb|0|0|0|8|0|1844
00:f6:20:d0:d0:1d|0|4|0|0|0|0
e0:9d:31:02:83:40|0|12|0|0|0|0
f8:77:b8:53:10:e8|6|70|0|0|0|0
e4:5f:01:7e:fb:99|0|3|0|0|0|0
01:00:5e:00:00:fa|0|0|0|1|0|114
33:33:00:00:00:fb|0|0|0|4|0|1104
33:33:00:00:00:16|0|0|0|3|0|372
