20
b4:e6:2d:f6:b6:a5
68:02:b8:1e:7f:1f|1264|0|20|0|3854|0
ff:ff:ff:ff:ff:ff|0|2349|0|0|0|0
6a:02:98:1e:7f:1f|1262|0|0|0|0|0
b4:e6:2d:f6:b6:a5|0|2|0|4|0|482
10:1c:0c:1a:10:10|2|24|0|0|0|0
ba:5b:51:c4:13:fb|0|6|0|0|0|0
70:ee:50:73:4e:36|0|0|162|0|4208|0
b0:95:75:4b:b9:26|0|0|0|162|0|4208
a4:3e:a0:a4:2a:46|0|72|0|0|0|0
33:33:00:00:00:01|0|0|0|4|0|816
ae:eb:39:f1:fd:6c|2|12|0|0|0|0
c8:66:5d:1f:4f:54|0|12|0|0|0|0
58:b1:0f:56:36:08|0|12|0|0|0|0
64:b3:10:aa:e3:3c|1|12|0|0|0|0
01:00:5e:00:00:fb|0|0|0|4|0|1024
33:33:00:00:00:fb|0|0|0|4|0|1104
33:33:00:00:00:16|0|0|0|2|0|248
01:00:5e:00:00:16|0|0|0|2|0|180
a0:cb:fd:f1:d7:be|0|6|0|0|0|0
1a:87:40:3f:f0:1e|0|24|0|0|0|0
