34
b4:e6:2d:f6:c8:79
20:aa:4b:5b:e6:4b|395|0|26|0|4519|0
ff:ff:ff:ff:ff:ff|0|2890|0|25|0|4405
90:9a:4a:80:71:9a|1295|7|20|29|2326|1866
90:9a:4a:80:85:9e|1169|1|14042|11|17428673|264
68:ff:7b:c5:ca:c9|211|0|0|0|0|0
01:00:5e:00:00:fa|0|0|0|1|0|114
b4:e6:2d:f6:c8:79|0|1|0|14|0|1762
20:1f:3b:3a:bb:3d|10|66|0|0|0|0
44:46:87:a9:e4:4b|1|6|0|0|0|0
9e:ab:89:2d:82:91|1|25|11|14041|264|17428589
b8:27:eb:3b:22:38|1|7|0|0|0|0
c0:06:c3:8f:c7:99|0|0|8|2|702|156
00:08:07:76:35:b7|0|6|0|0|0|0
44:07:0b:70:9e:93|4|0|0|0|0|0
da:a1:19:ec:ec:ec|0|3|0|0|0|0
48:5a:b6:22:0c:7e|0|7|0|0|0|0
28:6d:cd:09:2a:ea|1|3|3|0|78|0
c0:06:c3:8f:c0:7b|6|12|7|4|644|408
a4:50:46:4c:af:3b|0|0|11|0|442|0
50:e0:85:84:55:94|3|21|0|0|0|0
f4:f2:6d:90:44:3c|1|0|0|0|0|0
42:75:70:29:00:63|1|9|0|0|0|0
ec:5c:68:84:b1:4b|0|24|0|0|0|0
01:00:5e:00:00:01|0|0|0|1|0|84
32:63:f8:0f:7a:c2|0|3|0|0|0|0
e4:5f:01:5c:9d:89|0|1|0|0|0|0
f4:f5:d8:8d:f2:58|6|4|0|0|0|0
a4:77:33:63:f5:7e|0|3|0|0|0|0
08:9e:08:bc:6c:2b|0|3|0|0|0|0
dc:03:98:23:ce:e6|1|0|0|0|0|0
b8:27:eb:81:9a:d6|0|1|0|0|0|0
44:07:0b:6c:b6:e3|1|0|0|0|0|0
9a:d5:f2:19:65:87|0|3|0|0|0|0
f0:ef:86:06:76:35|0|1|0|0|0|0
