45
b4:e6:2d:f6:c8:79
90:9a:4a:80:85:9e|816|2|15|72|6580|1728
ff:ff:ff:ff:ff:ff|0|3040|0|40|0|7147
90:9a:4a:80:71:9a|1263|6|9|100|844|15813
20:aa:4b:5b:e6:4b|678|0|44|18|7571|624
68:ff:7b:c5:ca:c9|407|0|0|0|0|0
f0:5c:77:2f:34:47|2|0|0|0|0|0
20:1f:3b:11:b9:af|0|1|0|0|0|0
b4:e6:2d:f6:c8:79|0|2|0|4|0|454
01:00:5e:00:00:fa|0|0|0|2|0|228
28:6d:cd:09:2a:ea|0|0|32|2|7154|156
a4:50:46:4c:af:3b|0|0|52|0|7176|0
9e:ab:89:2d:82:91|2|22|72|3|1728|234
44:07:0b:70:9e:93|13|44|0|0|0|0
c0:06:c3:8f:c0:7b|4|8|10|2|1084|156
b8:27:eb:81:9a:d6|0|1|0|0|0|0
e6:1d:78:73:e4:e3|0|0|18|0|624|0
f4:f5:d8:8d:f2:58|4|5|0|0|0|0
20:1f:3b:3a:bb:3d|4|0|0|0|0|0
9c:5a:81:3c:9b:3b|0|3|0|0|0|0
fe:1d:ac:50:27:a6|0|1|0|0|0|0
44:07:0b:2f:49:8b|7|0|0|0|0|0
00:08:03:bf:74:c3|0|2|0|0|0|0
c0:06:c3:8f:c7:99|2|4|6|1|399|78
f0:ef:86:06:76:35|0|3|0|0|0|0
12:28:9c:19:ca:49|0|2|0|0|0|0
48:c7:96:41:83:35|0|1|0|0|0|0
44:07:0b:89:e4:ab|5|0|0|0|0|0
88:3d:24:10:7e:ce|0|3|0|0|0|0
33:33:00:00:00:01|0|0|0|1|0|120
c6:ae:d7:50:ea:92|0|1|0|0|0|0
c2:de:f8:f4:19:5e|0|1|0|0|0|0
38:f9:d3:b3:0c:da|2|0|0|0|0|0
a4:02:b9:9a:55:06|1|0|0|0|0|0
01:00:5e:00:00:01|0|0|0|1|0|76
76:e8:22:1a:9d:5c|0|2|0|0|0|0
44:07:0b:6c:b6:e3|2|0|0|0|0|0
76:32:0c:95:80:07|0|1|0|0|0|0
ea:cb:72:49:34:60|0|1|0|0|0|0
da:a1:19:08:08:08|0|1|0|0|0|0
54:60:09:e2:ee:aa|0|7|0|0|0|0
22:48:f8:26:26:64|4|40|0|0|0|0
01:00:5e:7f:ff:fa|0|0|0|12|0|6346
ea:41:fc:1a:dc:1e|0|2|0|0|0|0
46:3b:78:62:ec:7e|0|4|0|0|0|0
a2:e0:6c:67:3c:21|0|6|0|0|0|0
