55
b4:e6:2d:f6:b6:a5
d8:b6:b7:7a:3a:61|1491|0|8|59|270|1704
ff:ff:ff:ff:ff:ff|0|3529|0|139|0|42649
68:02:b8:1e:7f:1f|1251|0|157|0|45580|0
6a:02:98:1e:7f:1f|1250|0|0|0|0|0
33:33:00:00:00:01|0|0|0|3|0|584
b4:e6:2d:f6:b6:a5|0|1|0|6|0|669
ba:39:3f:98:ba:9a|0|7|0|0|0|0
a4:3e:a0:a4:2a:46|0|135|0|0|0|0
70:ee:50:73:4e:36|0|0|17|0|442|0
b0:95:75:4b:b9:26|0|0|0|17|0|442
26:17:dc:59:74:f7|0|0|16|2|384|52
00:1c:bf:52:98:29|0|10|0|0|0|0
26:6f:1d:c2:e2:46|0|18|0|0|0|0
e6:35:23:4e:ab:99|0|0|8|2|200|52
01:00:5e:00:00:01|0|0|0|1|0|88
4a:08:20:84:b5:69|1|26|0|0|0|0
01:00:5e:00:00:fb|0|0|0|4|0|752
33:33:00:00:00:fb|0|0|0|4|0|832
bc:54:51:02:a4:f0|0|0|22|1|808|26
0e:26:0a:2f:38:6b|0|0|13|2|312|52
36:7f:80:f9:b6:b2|0|7|0|0|0|0
3a:3a:a1:bd:2c:f3|0|7|0|0|0|0
da:0a:3d:e8:d9:87|0|14|0|0|0|0
36:85:93:53:74:34|0|7|0|0|0|0
f4:71:90:09:85:7a|0|7|0|0|0|0
ae:3e:70:4d:ba:f5|0|2|0|0|0|0
5e:e3:9c:1a:2d:a3|3|7|0|0|0|0
e6:28:bf:3f:4a:8d|0|9|0|0|0|0
0a:dd:1a:33:d3:d6|0|7|0|0|0|0
d4:25:8b:33:b5:d5|0|7|0|0|0|0
fe:d7:f9:c0:2d:35|2|20|0|0|0|0
f6:2a:74:c3:ce:be|0|13|0|0|0|0
86:7b:d7:db:20:ae|0|7|0|0|0|0
01:80:c2:00:00:0e|0|0|0|1|0|94
c0:ee:fb:43:db:fb|0|7|0|0|0|0
82:15:30:de:9e:e2|0|7|0|0|0|0
84:16:f9:07:68:71|0|7|0|0|0|0
e6:5d:48:83:e5:19|0|14|0|0|0|0
d8:8c:79:90:f4:9b|0|7|0|0|0|0
9a:41:71:24:38:3e|0|6|0|0|0|0
c2:cd:89:d9:d8:b7|0|7|0|0|0|0
64:b3:10:aa:e3:3c|1|25|0|0|0|0
2c:db:07:46:b4:19|0|7|0|0|0|0
f0:72:ea:da:42:c6|0|14|0|0|0|0
c8:66:5d:1f:4f:54|0|6|0|0|0|0
da:a1:19:3a:2f:5a|0|10|0|0|0|0
4e:61:ba:fa:1a:28|1|0|0|0|0|0
46:3e:11:08:4e:ce|2|12|0|0|0|0
66:af:70:42:db:a5|2|7|0|0|0|0
72:1a:0a:25:cf:06|2|7|0|0|0|0
76:b9:e3:09:92:48|0|14|0|0|0|0
f6:05:72:3b:fc:d2|0|7|0|0|0|0
a6:ad:46:b7:5e:d6|0|2|0|0|0|0
a6:26:9d:de:be:fb|0|1|0|0|0|0
ca:8b:9b:e7:11:a8|1|0|0|0|0|0
