54
b4:e6:2d:f6:b6:a5
68:02:b8:1e:7f:1f|1380|0|494|18|112867|468
ff:ff:ff:ff:ff:ff|0|3568|0|368|0|64579
6a:02:98:1e:7f:1f|1384|0|0|0|0|0
d8:b6:b7:7a:3a:61|1485|0|14|48|1413|1270
70:2e:22:8d:72:74|46|0|1|0|475|0
80:1f:02:b4:07:ae|1|14|15|0|390|0
26:17:dc:59:74:f7|0|0|5|2|120|52
ca:61:89:73:be:f4|0|1|0|0|0|0
01:00:5e:7f:ff:fa|0|0|0|118|0|47489
da:a1:19:d6:d5:fa|2|20|0|0|0|0
a4:3e:a0:a4:2a:46|0|150|0|0|0|0
4c:fc:aa:04:03:83|0|22|0|0|0|0
bc:54:51:02:a4:f0|0|0|23|1|662|26
f8:77:b8:53:10:e8|11|143|0|0|0|0
54:2a:a2:48:a3:f0|0|119|0|0|0|0
e6:35:23:4e:ab:99|0|0|8|2|200|52
2c:0e:3d:ac:4c:05|0|0|3|0|78|0
5c:f8:21:84:a4:31|0|5|0|0|0|0
0e:26:0a:2f:38:6b|0|0|12|0|288|0
01:00:5e:00:00:16|0|0|0|2|0|184
01:00:5e:00:00:fb|0|0|0|7|0|1099
64:b3:10:aa:e3:3c|0|8|0|0|0|0
b4:e6:2d:f6:b6:a5|0|1|0|4|0|482
b6:d8:d0:d9:03:c9|0|6|0|0|0|0
33:33:00:00:00:01|0|0|0|3|0|584
33:33:00:00:00:02|0|0|0|1|0|96
33:33:ff:1e:b6:60|0|0|0|1|0|112
1e:0a:c5:cc:ba:32|0|7|0|0|0|0
d2:c8:27:56:09:3f|0|7|0|0|0|0
62:ce:cc:2c:84:04|0|7|0|0|0|0
1a:87:40:8c:8b:4a|2|30|0|0|0|0
0a:3e:ab:45:79:23|0|13|0|0|0|0
0c:54:15:5d:f1:f6|0|7|0|0|0|0
66:9e:45:78:ed:d6|0|8|0|0|0|0
16:c9:1f:94:4e:04|0|6|0|0|0|0
46:2f:ce:59:c4:5a|0|6|0|0|0|0
46:8a:bf:bd:ea:c3|0|12|0|0|0|0
b6:4b:53:2b:77:0c|0|7|0|0|0|0
22:16:59:97:d6:8c|0|14|0|0|0|0
92:ad:0d:f5:b9:73|0|6|0|0|0|0
92:6e:32:a6:a3:a6|0|7|0|0|0|0
76:cb:8c:07:d8:0d|0|6|0|0|0|0
62:77:75:2a:c2:85|0|9|0|0|0|0
ca:26:35:46:86:08|0|12|0|0|0|0
12:71:e6:4c:e3:12|0|13|0|0|0|0
1e:85:53:b8:8c:86|0|7|0|0|0|0
46:43:57:24:05:08|0|7|0|0|0|0
42:c2:0d:4c:02:e3|0|7|0|0|0|0
16:8c:5c:58:ad:1d|0|7|0|0|0|0
56:30:98:71:b2:8e|2|13|0|0|0|0
8a:2b:c6:75:be:76|0|12|0|0|0|0
6a:00:97:6f:7b:cc|0|14|0|0|0|0
be:b4:f2:94:5b:97|0|5|0|0|0|0
52:a9:8a:00:4b:30|0|7|0|0|0|0
