63
b4:e6:2d:f6:c8:79
90:9a:4a:80:71:9a|1288|7|17|35|1797|2636
02:00:00:00:00:00|4|7|0|0|0|0
20:aa:4b:5b:e6:4b|935|0|61|0|11096|0
ff:ff:ff:ff:ff:ff|0|3283|0|87|0|14754
90:9a:4a:80:85:9e|1258|25|5002|666|6538598|113100
68:ff:7b:c5:ca:c9|93|0|0|0|0|0
7e:28:91:2e:1c:f1|0|3|0|0|0|0
f0:f6:c1:d5:cb:42|0|6|0|0|0|0
9e:ab:89:2d:82:91|4|33|238|4860|42333|6508240
b4:e6:2d:f6:c8:79|0|2|0|4|0|454
01:00:5e:00:00:fa|0|0|0|2|0|228
66:bb:d2:42:7e:5c|1|0|0|0|0|0
c0:06:c3:8f:c7:99|0|0|9|2|861|156
26:5a:0e:f6:e0:37|0|2|0|0|0|0
a2:e0:6c:67:3c:21|0|4|0|0|0|0
c0:06:c3:8f:c0:7b|5|9|8|8|835|866
44:07:0b:70:9e:93|2|0|0|0|0|0
e2:42:1d:b7:29:fe|3|43|0|0|0|0
da:a1:19:c3:c3:c3|1|10|0|0|0|0
bc:54:2f:5e:b7:f3|2|17|0|0|0|0
da:a1:19:2d:89:28|0|9|0|0|0|0
3a:37:31:36:67:5d|0|6|0|0|0|0
a4:50:46:4c:af:3b|1|4|15|3|862|321
ca:f6:11:16:a6:b6|5|19|0|0|0|0
34:c0:59:00:a0:8f|1|0|0|0|0|0
86:d8:45:66:3e:f9|0|2|0|0|0|0
28:6d:cd:09:2a:ea|1|3|3|0|78|0
da:a1:19:9d:b2:e7|0|6|0|0|0|0
44:07:0b:2f:49:8b|14|0|0|0|0|0
e2:f0:d1:bb:9a:b3|1|2|0|0|0|0
f4:f5:d8:8d:f2:58|2|10|0|0|0|0
d6:68:81:85:17:18|1|17|0|0|0|0
f0:ef:86:05:a3:fa|0|9|0|0|0|0
c0:3c:59:93:37:44|1|0|0|0|0|0
92:08:cf:4e:5c:43|1|0|7|0|168|0
f0:79:59:d6:09:10|0|0|0|7|0|168
f0:ef:86:21:66:5f|0|3|0|0|0|0
cc:f4:11:a1:a0:2c|3|0|0|0|0|0
b8:27:eb:81:9a:d6|0|9|0|0|0|0
74:eb:80:1d:42:94|0|3|0|0|0|0
36:6d:c3:9b:d0:b4|0|1|0|0|0|0
96:81:50:77:d9:25|0|12|0|0|0|0
04:6c:59:1b:72:04|25|48|449|88|78471|27409
00:08:07:76:35:b7|0|6|0|0|0|0
01:00:5e:00:00:16|0|0|0|8|0|712
01:00:5e:00:00:fb|0|0|0|25|0|3843
16:53:6e:18:5b:61|0|1|0|0|0|0
44:46:87:a9:e4:4b|0|5|0|0|0|0
be:0f:a5:1c:ae:6a|0|1|0|0|0|0
62:ac:65:d4:de:2c|0|2|0|0|0|0
01:00:5e:7f:ff:fa|0|0|0|7|0|1548
01:00:5e:00:00:fc|0|0|0|6|0|588
54:60:09:e2:ee:aa|0|7|0|0|0|0
06:84:8f:48:b1:56|1|3|0|0|0|0
da:a1:19:a1:c9:c5|1|0|0|0|0|0
08:9e:08:bc:6c:2b|0|3|0|0|0|0
01:00:5e:00:00:01|0|0|0|1|0|76
f0:ef:86:06:76:35|0|1|0|0|0|0
3e:b3:4c:24:46:9a|0|1|0|0|0|0
fe:6d:39:b7:91:d3|0|2|0|0|0|0
c6:f9:19:ea:ad:73|0|3|0|0|0|0
42:b8:0a:e3:57:1f|0|3|0|0|0|0
1e:f8:b4:d7:7b:22|0|2|0|0|0|0
