38
b4:e6:2d:f6:b6:a5
68:02:b8:1e:7f:1f|1250|0|146|0|15238|0
ff:ff:ff:ff:ff:ff|0|3517|0|131|0|12613
6a:02:98:1e:7f:1f|1250|0|0|0|0|0
d8:b6:b7:7a:3a:61|1289|0|32|55|4391|1435
4a:eb:70:06:0b:5a|0|7|0|0|0|0
62:0f:17:bd:19:b4|0|12|0|0|0|0
b4:e6:2d:f6:b6:a5|0|1|0|3|0|390
0e:26:0a:2f:38:6b|0|0|33|2|792|52
e6:35:23:4e:ab:99|0|0|12|2|348|52
a4:3e:a0:a4:2a:46|0|92|0|0|0|0
0c:54:15:5d:f1:f6|0|7|0|0|0|0
c8:66:5d:1f:4f:54|0|6|0|0|0|0
33:33:00:00:00:01|0|0|0|3|0|584
26:94:9b:c4:cd:39|10|40|0|0|0|0
01:00:5e:00:00:16|0|0|0|8|0|724
01:00:5e:00:00:fb|0|0|0|15|0|2730
00:50:18:55:24:30|0|7|0|0|0|0
d8:8c:79:90:f4:9b|0|7|0|0|0|0
64:b3:10:aa:e3:3c|0|14|0|0|0|0
fa:2d:52:32:6e:54|0|7|0|0|0|0
33:33:00:00:00:fb|0|0|0|9|0|2088
2c:db:07:46:b4:19|0|7|0|0|0|0
8a:a9:33:68:4f:53|0|13|0|0|0|0
8e:b1:c2:40:c9:9b|0|12|0|0|0|0
72:a3:f6:7a:a7:60|0|7|0|0|0|0
bc:54:51:02:a4:f0|0|0|5|2|175|52
96:0c:b0:c0:78:29|0|7|0|0|0|0
d6:3b:e8:19:10:85|0|1|0|0|0|0
6e:b3:b0:51:3f:94|0|1|0|0|0|0
f2:06:27:10:ef:1c|1|0|0|0|0|0
01:00:5e:00:00:01|0|0|0|1|0|88
00:1c:bf:52:98:29|0|7|0|0|0|0
9e:28:e6:bc:73:b1|0|2|0|0|0|0
8c:c5:b4:3b:6e:56|0|13|0|0|0|0
70:5f:a3:1e:1a:2c|0|6|0|0|0|0
26:17:dc:59:74:f7|0|0|5|0|120|0
33:33:00:00:00:16|0|0|0|2|0|256
d2:62:80:e5:4e:8b|0|7|0|0|0|0
