33
b4:e6:2d:f6:b6:a5
68:02:b8:1e:7f:1f|1268|0|493|55|107073|1586
ff:ff:ff:ff:ff:ff|0|2492|0|319|0|60320
6a:02:98:1e:7f:1f|1264|0|0|0|0|0
d8:b6:b7:7a:3a:61|225|2|8|69|208|2080
b4:e6:2d:f6:b6:a5|0|2|0|4|0|485
00:1c:bf:52:98:29|0|2|0|0|0|0
80:58:f8:93:88:29|5|26|15|13|494|1519
bc:54:51:02:a4:f0|0|0|30|2|1136|52
8e:ce:84:5f:9c:42|1|19|0|0|0|0
26:94:9b:c4:cd:39|0|0|40|68|1092|33965
01:00:5e:00:00:fb|0|0|0|32|0|3360
33:33:00:00:00:fb|0|0|0|24|0|3008
26:17:dc:59:74:f7|0|0|12|2|288|52
c8:66:5d:1f:4f:54|0|12|0|0|0|0
e6:35:23:4e:ab:99|0|0|8|2|200|52
33:33:00:01:00:03|0|0|0|12|0|1432
01:00:5e:00:00:fc|0|0|0|12|0|1192
0e:26:0a:2f:38:6b|2|3|19|2|456|52
f8:77:b8:53:10:e8|11|114|0|0|0|0
f0:72:ea:da:42:c6|0|5|0|0|0|0
4a:1a:22:ab:5b:42|1|0|0|0|0|0
02:00:00:00:00:00|1|19|0|0|0|0
a4:3e:a0:a4:2a:46|0|40|0|0|0|0
d2:ed:a0:68:dd:d2|0|2|0|0|0|0
dc:41:a9:b1:30:a0|0|3|0|0|0|0
33:33:00:00:00:01|0|0|0|3|0|584
33:33:00:00:00:02|0|0|0|1|0|96
33:33:ff:1e:b6:60|0|0|0|1|0|112
ea:6c:2e:6c:c3:fa|2|20|0|0|0|0
01:00:5e:7f:ff:fa|0|0|0|4|0|1000
ca:a1:cd:f4:97:4e|0|9|0|0|0|0
76:96:41:ab:42:ca|0|7|0|0|0|0
a2:b8:f1:51:b3:df|0|3|0|0|0|0
