35
b4:e6:2d:f6:c8:79
90:9a:4a:80:85:9e|1187|0|4|6|312|144
ff:ff:ff:ff:ff:ff|0|2978|0|42|0|7407
90:9a:4a:80:71:9a|1216|5|23|38|2544|6458
20:aa:4b:5b:e6:4b|574|0|39|0|7250|0
b4:e6:2d:f6:c8:79|0|5|0|5|0|626
9c:5a:81:3c:9b:3b|0|12|0|0|0|0
44:07:0b:6c:b6:e3|4|0|0|0|0|0
68:ff:7b:c5:ca:c9|79|0|0|0|0|0
28:6d:cd:09:2a:ea|0|0|24|5|5326|633
fe:3c:0d:0f:c5:b3|2|17|0|0|0|0
f0:ef:86:06:76:35|0|4|0|0|0|0
c0:06:c3:8f:c7:99|4|8|7|4|612|474
c0:06:c3:8f:c0:7b|1|2|7|3|520|355
52:60:b8:2a:1d:11|0|1|0|0|0|0
9e:ab:89:2d:82:91|0|0|6|4|144|312
36:71:a3:8e:71:c5|0|1|0|0|0|0
e4:5f:01:78:c0:dc|0|2|0|0|0|0
00:08:03:bf:74:c3|0|1|0|0|0|0
01:00:5e:00:00:fa|0|0|0|1|0|114
08:9e:08:bc:6c:2b|0|3|0|0|0|0
20:df:b9:ac:28:3b|2|0|0|0|0|0
da:a1:19:d4:d4:d4|0|6|0|0|0|0
f4:f5:d8:8d:f2:58|0|4|0|0|0|0
44:07:0b:2f:49:8b|6|0|0|0|0|0
d6:68:81:85:17:18|0|2|0|0|0|0
fe:17:f1:a0:c4:ce|0|0|5|0|120|0
00:31:92:b2:52:69|0|0|0|5|0|120
d2:3f:70:ba:8f:22|0|6|0|0|0|0
01:00:5e:00:00:fb|0|0|0|1|0|109
0a:26:07:17:f8:71|5|0|0|0|0|0
54:60:09:e2:ee:aa|0|10|0|0|0|0
01:00:5e:00:00:01|0|0|0|1|0|76
22:48:f8:26:26:64|0|8|0|0|0|0
00:08:07:76:35:b7|0|4|0|0|0|0
b8:27:eb:81:9a:d6|0|1|0|0|0|0
