58
b4:e6:2d:f6:c8:79
68:ff:7b:c5:ca:c9|272|0|0|0|0|0
ff:ff:ff:ff:ff:ff|0|2774|0|4|0|680
90:9a:4a:80:85:9e|1200|0|0|0|0|0
90:9a:4a:80:71:9a|1253|6|16|37|1852|6181
b4:e6:2d:f6:c8:79|0|1|0|4|0|471
20:aa:4b:5b:e6:4b|191|0|6|0|908|0
54:60:09:e2:ee:aa|0|7|0|0|0|0
ec:5c:68:84:b1:4b|2|21|0|0|0|0
28:6d:cd:09:2a:ea|0|0|22|4|4905|474
82:1e:56:13:6b:5b|0|1|0|0|0|0
01:00:5e:00:00:fa|0|0|0|2|0|228
44:07:0b:2f:49:8b|10|0|0|0|0|0
c0:06:c3:8f:c0:7b|2|5|7|4|574|433
c0:06:c3:8f:c7:99|4|8|8|4|702|474
74:df:bf:45:ac:65|0|2|0|0|0|0
16:6f:83:3a:cf:ee|0|4|0|0|0|0
f2:9e:75:f6:f8:91|0|4|0|0|0|0
3c:f0:11:c4:ac:66|1|0|0|0|0|0
8a:6b:6a:0e:d3:ce|0|9|0|0|0|0
b8:27:eb:81:9a:d6|0|2|0|0|0|0
12:c6:b6:5b:1b:4a|0|1|0|0|0|0
32:e3:1b:e1:87:83|0|1|0|0|0|0
6e:ae:b4:bc:91:cd|1|4|0|0|0|0
ee:37:85:49:3b:6d|2|8|0|0|0|0
00:08:07:76:35:b7|0|2|0|0|0|0
1a:91:bf:c1:9c:bb|0|8|0|0|0|0
86:79:16:71:06:5e|0|4|0|0|0|0
6a:10:72:e3:20:c4|0|6|0|0|0|0
f6:11:f1:f9:2e:65|1|0|0|0|0|0
96:f5:19:9f:a7:3f|0|3|0|0|0|0
30:07:4d:83:4d:ce|0|1|0|0|0|0
84:4b:f5:19:a0:99|0|1|0|0|0|0
56:40:5a:55:88:5f|0|3|0|0|0|0
6e:02:5a:99:a2:6e|0|2|0|0|0|0
44:07:0b:6c:b6:e3|3|0|0|0|0|0
b6:6b:3e:f7:1c:9a|0|1|0|0|0|0
30:5a:3a:60:73:c8|1|0|0|0|0|0
d2:80:9e:64:87:5c|0|1|0|0|0|0
ee:85:2a:97:ad:6c|0|1|0|0|0|0
08:9e:08:bc:6c:2b|0|1|0|0|0|0
c2:37:dd:55:17:d6|0|1|0|0|0|0
02:00:00:00:00:00|0|9|0|0|0|0
be:ab:e5:f1:67:a0|0|0|20|0|480|0
2c:fd:a1:0b:1d:b8|0|0|0|20|0|480
b2:51:e7:dd:c4:f0|0|4|0|0|0|0
0a:26:07:17:f8:71|1|0|0|0|0|0
24:77:03:d4:12:38|2|15|0|0|0|0
02:09:1b:64:f4:24|0|8|0|0|0|0
c6:56:45:c2:a7:ce|0|6|0|0|0|0
6a:3d:6d:42:8b:c2|0|0|2|0|48|0
10:fe:ed:dd:08:06|0|0|0|2|0|48
fe:17:f1:a0:c4:ce|0|0|6|0|144|0
00:31:92:b2:52:69|0|0|0|6|0|144
32:13:73:af:13:3b|1|4|0|0|0|0
6e:33:f7:4f:e6:4d|0|1|0|0|0|0
f4:f5:d8:8d:f2:58|0|2|0|0|0|0
0a:91:79:87:54:09|0|3|0|0|0|0
52:5c:05:1a:3e:08|0|2|0|0|0|0
