31
b4:e6:2d:f6:b6:a5
68:02:b8:1e:7f:1f|1233|1|451|40|100474|1248
ff:ff:ff:ff:ff:ff|0|3462|0|337|0|60545
6a:02:98:1e:7f:1f|1220|0|0|0|0|0
d8:b6:b7:7a:3a:61|1278|0|17|41|2003|1272
70:ee:50:73:4e:36|0|0|34|0|884|0
b0:95:75:4b:b9:26|0|0|0|34|0|884
04:4e:af:fb:fd:77|2|0|0|0|0|0
26:17:dc:59:74:f7|0|0|11|2|264|52
bc:54:51:02:a4:f0|0|0|22|2|808|52
a4:3e:a0:a4:2a:46|0|139|0|0|0|0
b4:e6:2d:f6:b6:a5|0|12|0|8|0|2056
64:b3:10:aa:e3:3c|0|1|0|0|0|0
e4:57:40:c4:7c:81|2|0|0|0|0|0
f6:57:40:c4:7c:81|1|0|0|0|0|0
b0:ac:d2:04:78:ff|2|0|0|0|0|0
01:00:5e:7f:ff:fa|0|0|0|91|0|36097
80:1f:02:b4:07:ae|0|0|11|0|286|0
6e:4c:d4:00:3e:56|0|1|0|0|0|0
80:58:f8:93:88:29|1|1|29|16|962|2477
e6:35:23:4e:ab:99|0|0|8|3|200|78
0e:26:0a:2f:38:6b|0|0|0|2|0|52
26:6f:1d:c2:e2:46|0|31|0|0|0|0
1a:87:40:33:73:83|0|25|0|0|0|0
01:00:5e:00:00:16|0|0|0|2|0|188
01:00:5e:00:00:01|0|0|0|1|0|88
e0:9d:31:02:83:40|0|36|0|0|0|0
c8:66:5d:1f:4f:54|0|12|0|0|0|0
42:73:38:aa:63:86|2|13|0|0|0|0
80:be:05:5f:13:d9|0|7|0|0|0|0
01:00:5e:00:00:fb|0|0|0|2|0|376
33:33:00:00:00:fb|0|0|0|2|0|416
