40
b4:e6:2d:f6:c8:79
90:9a:4a:80:71:9a|1358|7|110|224|32709|36729
ff:ff:ff:ff:ff:ff|0|3174|0|2|0|152
20:aa:4b:5b:e6:4b|195|0|3|0|272|0
90:9a:4a:80:85:9e|1215|0|5|0|493|0
c0:06:c3:8f:c0:7b|4|9|9|3|881|234
68:ff:7b:c5:ca:c9|657|0|0|0|0|0
b4:e6:2d:f6:c8:79|0|2|0|4|0|471
20:1f:3b:3a:bb:3d|3|133|0|0|0|0
7e:3c:6a:92:b2:05|0|3|0|0|0|0
c6:9a:ba:ad:54:04|2|0|0|0|0|0
9e:ab:89:2d:82:91|0|2|0|5|0|493
28:6d:cd:09:2a:ea|1|3|3|0|78|0
c0:06:c3:8f:c7:99|0|0|8|2|702|156
f2:9e:75:f6:f8:91|0|2|0|0|0|0
a4:50:46:4c:af:3b|10|38|204|101|35068|31848
3c:8d:20:4f:d8:e9|3|0|0|0|0|0
00:08:07:76:35:b7|0|1|0|0|0|0
90:0c:c8:ff:c0:3c|0|2|0|0|0|0
c6:56:ba:12:70:fa|0|7|0|0|0|0
44:07:0b:70:9e:93|4|0|0|0|0|0
ac:67:84:52:fe:0b|1|0|0|0|0|0
33:33:00:00:00:01|0|0|0|1|0|120
5e:e9:2d:18:a7:3d|2|0|0|0|0|0
a8:6d:aa:73:88:1d|0|9|0|0|0|0
44:07:0b:2f:49:8b|11|0|0|0|0|0
ec:5c:68:84:b1:4b|2|27|0|0|0|0
50:e0:85:84:55:94|3|18|0|0|0|0
f4:f5:d8:8d:f2:58|4|0|0|0|0|0
9c:5a:81:3c:9b:3b|0|3|0|0|0|0
f0:ef:86:21:66:5f|0|3|0|0|0|0
08:9e:08:bc:6c:2b|0|3|0|0|0|0
54:60:09:e2:ee:aa|0|5|0|0|0|0
b8:27:eb:81:9a:d6|0|1|0|0|0|0
44:46:87:a9:e4:4b|0|14|0|0|0|0
4e:1c:01:90:92:79|0|2|0|0|0|0
f0:ef:86:06:76:35|0|1|0|0|0|0
a6:9f:f1:b3:a0:9b|0|3|0|0|0|0
18:e8:29:e4:16:89|1|0|0|0|0|0
3e:e6:4e:b5:71:fd|0|3|0|0|0|0
e4:5f:01:5c:9d:89|0|1|0|0|0|0
