62
b4:e6:2d:f6:c8:79
90:9a:4a:80:71:9a|1248|8|25|49|2905|7945
ff:ff:ff:ff:ff:ff|0|3168|0|41|0|7954
20:aa:4b:5b:e6:4b|864|0|45|0|8378|0
90:9a:4a:80:85:9e|864|0|0|0|0|0
68:ff:7b:c5:ca:c9|293|0|8|0|1384|0
b4:e6:2d:f6:c8:79|0|3|0|5|0|626
33:33:00:00:00:01|0|0|0|1|0|120
28:6d:cd:09:2a:ea|0|0|27|5|6064|633
3c:91:80:83:53:77|0|2|0|0|0|0
c0:06:c3:8f:c7:99|4|8|8|4|702|474
b4:75:0e:da:6c:72|3|0|0|0|0|0
b4:75:0e:da:6c:73|3|0|0|0|0|0
c0:06:c3:8f:c0:7b|4|8|9|9|893|944
a4:50:46:4c:af:3b|0|0|5|2|286|228
00:24:d6:f5:65:ef|0|3|0|0|0|0
01:00:5e:00:00:fa|0|0|0|2|0|228
20:df:b9:ac:28:3b|1|0|0|0|0|0
f4:f5:d8:8d:f2:58|4|6|0|0|0|0
14:c1:4e:07:26:d2|2|0|0|0|0|0
1c:bf:ce:e3:fb:45|0|17|0|0|0|0
da:a1:19:de:de:de|2|9|0|0|0|0
08:9e:08:bc:6c:2b|0|4|0|0|0|0
88:3d:24:10:7e:ce|0|3|0|0|0|0
46:17:6f:b5:a5:8c|1|0|0|0|0|0
c2:c0:9c:3e:ca:fa|0|2|0|0|0|0
76:bd:96:3f:e4:68|0|2|0|0|0|0
ca:f6:11:16:a6:b6|1|0|0|0|0|0
ac:67:84:5b:07:e3|1|0|0|0|0|0
44:07:0b:70:9e:93|3|0|0|0|0|0
44:07:0b:2f:49:8b|4|0|0|0|0|0
ba:9f:1c:e1:af:24|1|5|0|0|0|0
58:ef:68:2a:26:ec|2|0|0|0|0|0
01:00:5e:00:00:fb|0|0|0|5|0|1150
7c:2e:bd:f4:94:ee|5|0|0|0|0|0
e6:9d:a2:f2:21:02|0|6|0|0|0|0
42:5e:01:20:39:0f|0|3|0|0|0|0
a0:78:17:a1:19:64|0|0|0|3|0|234
12:ac:62:9f:eb:06|0|1|0|0|0|0
56:81:89:e6:f8:09|1|4|0|0|0|0
72:a5:58:c7:41:32|0|6|0|0|0|0
a6:24:93:30:6a:21|0|3|0|0|0|0
d6:0f:cf:db:41:eb|0|2|0|0|0|0
da:11:23:95:a2:83|0|3|0|0|0|0
f6:7a:5e:d7:51:48|1|3|0|0|0|0
aa:1d:a6:bb:0e:9d|0|3|0|0|0|0
f2:9e:75:f6:f8:91|0|2|0|0|0|0
54:60:09:e2:ee:aa|0|9|0|0|0|0
01:00:5e:00:00:01|0|0|0|2|0|156
18:e8:29:e4:16:89|0|0|1|0|80|0
2e:85:ca:5e:87:60|0|1|0|0|0|0
f6:94:6e:fb:b9:69|1|6|0|0|0|0
56:43:e7:fb:93:9b|0|3|0|0|0|0
72:cd:10:22:00:8e|2|6|0|0|0|0
aa:03:6a:75:40:80|0|5|0|0|0|0
20:1f:3b:3a:bb:3d|2|0|0|0|0|0
30:07:4d:83:4d:ce|0|3|0|0|0|0
00:08:07:76:35:b7|0|4|0|0|0|0
b8:27:eb:81:9a:d6|0|2|0|0|0|0
44:07:0b:89:e4:ab|11|0|0|0|0|0
d2:55:bb:58:b5:44|0|1|0|0|0|0
06:a2:14:94:1b:25|0|3|0|0|0|0
da:91:68:db:59:89|0|1|0|0|0|0
