32
b4:e6:2d:f6:b6:a5
d8:b6:b7:7a:3a:61|1182|0|12|57|1058|1596
ff:ff:ff:ff:ff:ff|0|3410|0|140|0|42411
68:02:b8:1e:7f:1f|1281|0|157|0|44852|0
6a:02:98:1e:7f:1f|1280|0|0|0|0|0
f8:77:b8:53:10:e8|4|131|0|0|0|0
b4:e6:2d:f6:b6:a5|0|2|0|3|0|390
01:00:5e:7f:ff:fa|0|0|0|6|0|1365
26:17:dc:59:74:f7|0|0|14|2|336|52
70:ee:50:73:4e:36|0|0|3|0|78|0
b0:95:75:4b:b9:26|0|0|0|3|0|78
16:c5:c3:8c:4c:2a|0|8|0|0|0|0
0e:26:0a:2f:38:6b|0|0|11|2|264|52
e6:35:23:4e:ab:99|0|0|13|2|318|52
36:23:d9:1a:f2:e1|0|7|0|0|0|0
a4:3e:a0:a4:2a:46|0|88|0|0|0|0
64:b3:10:aa:e3:3c|0|15|0|0|0|0
bc:54:51:02:a4:f0|0|0|19|2|678|52
4e:2d:3d:63:72:a7|0|2|0|0|0|0
76:4a:aa:18:0c:64|0|2|0|0|0|0
33:33:00:00:00:01|0|0|0|3|0|584
ae:16:74:bc:22:d6|2|0|0|0|0|0
fe:04:d5:35:34:e3|2|14|0|0|0|0
8e:ce:84:5f:9c:42|6|38|0|0|0|0
c8:66:5d:1f:4f:54|0|6|0|0|0|0
86:e1:90:ff:45:fe|2|12|0|0|0|0
fa:5c:b2:b3:5e:59|0|7|0|0|0|0
12:0f:21:5b:8b:05|0|7|0|0|0|0
d8:8c:79:90:f4:9b|0|3|0|0|0|0
06:1c:88:77:12:e4|0|7|0|0|0|0
01:00:5e:00:00:01|0|0|0|1|0|88
33:33:00:01:00:03|0|0|0|4|0|472
01:00:5e:00:00:fc|0|0|0|4|0|392
