43
b4:e6:2d:f6:c8:79
90:9a:4a:80:85:9e|1094|5|31|174|11828|4176
ff:ff:ff:ff:ff:ff|0|2562|0|17|0|2867
90:9a:4a:80:71:9a|1225|11|33|63|4023|8425
c0:06:c3:8f:c0:7b|6|12|12|11|1220|1221
c0:06:c3:8f:c7:99|5|12|9|8|711|1029
20:aa:4b:5b:e6:4b|306|0|20|20|3315|624
9e:ab:89:2d:82:91|5|15|174|5|4176|390
b4:e6:2d:f6:c8:79|0|2|0|5|0|549
56:68:61:2c:82:5b|0|2|0|0|0|0
01:00:5e:7f:ff:fa|0|0|0|25|0|11354
28:6d:cd:09:2a:ea|0|0|27|8|5732|1110
56:f7:b0:2c:66:fc|1|4|0|0|0|0
80:45:dd:a7:9e:f5|9|0|0|0|0|0
a4:50:46:4c:af:3b|0|0|15|1|762|114
4e:b8:7e:00:f4:0a|0|3|0|0|0|0
01:00:5e:00:00:01|0|0|0|2|0|160
e6:1d:78:73:e4:e3|0|0|20|0|624|0
2a:8e:7c:8a:50:40|0|1|0|0|0|0
b8:27:eb:81:9a:d6|1|0|0|0|0|0
44:07:0b:2f:49:8b|4|0|0|0|0|0
da:a1:19:e2:e2:e2|0|3|0|0|0|0
f4:f5:d8:8d:f2:58|6|0|0|0|0|0
44:07:0b:70:9e:93|4|0|0|0|0|0
01:00:5e:00:00:fb|0|0|0|2|0|372
24:77:03:d4:12:38|1|3|0|0|0|0
6e:b1:1a:ff:06:fb|1|5|0|0|0|0
da:a1:19:5c:69:0c|1|2|0|0|0|0
00:08:07:76:35:b7|0|3|0|0|0|0
be:71:06:fc:5a:a6|0|1|0|0|0|0
3a:47:b3:1d:1f:9e|0|1|0|0|0|0
54:60:09:e2:ee:aa|0|4|0|0|0|0
ea:fe:db:2e:06:83|0|1|0|0|0|0
68:ff:7b:c5:ca:c9|3|0|0|0|0|0
06:7a:6e:9e:bd:0b|2|0|0|0|0|0
aa:cc:cc:d0:97:76|0|3|0|0|0|0
16:fc:ce:41:67:d6|0|6|0|0|0|0
e6:3b:83:23:8c:cb|0|1|0|0|0|0
26:76:73:48:c4:8d|1|3|0|0|0|0
e6:09:33:6a:b6:d7|0|1|0|0|0|0
c2:90:08:f8:85:49|0|6|0|0|0|0
a0:2c:36:28:1e:19|0|3|0|0|0|0
0e:58:9f:9e:34:b1|0|1|0|0|0|0
f2:b2:80:0a:ea:79|1|0|0|0|0|0
