30
b4:e6:2d:f6:b6:a5
68:02:b8:1e:7f:1f|1300|0|286|0|87816|0
ff:ff:ff:ff:ff:ff|0|2349|0|151|0|44302
6a:02:98:1e:7f:1f|1295|0|0|0|0|0
b4:e6:2d:f6:b6:a5|0|2|0|3|0|390
01:00:5e:00:00:fb|0|0|0|14|0|2494
c8:66:5d:1f:4f:54|0|12|0|0|0|0
01:00:5e:7f:ff:fa|0|0|0|98|0|37470
a4:3e:a0:a4:2a:46|0|118|0|0|0|0
62:37:ca:2d:85:f5|0|6|0|0|0|0
ea:b2:ed:99:70:b5|0|5|0|0|0|0
00:0c:e7:28:17:8e|2|18|0|0|0|0
f2:55:ba:43:8d:72|0|6|0|0|0|0
33:33:00:00:00:fb|0|0|0|8|0|1832
33:33:00:00:00:16|0|0|0|5|0|620
01:00:5e:00:00:16|0|0|0|5|0|470
33:33:00:01:00:03|0|0|0|1|0|129
01:00:5e:00:00:fc|0|0|0|1|0|109
10:1c:0c:1a:10:10|1|24|0|0|0|0
ce:56:20:e5:c0:5d|0|6|0|0|0|0
86:e4:76:99:33:e0|0|6|0|0|0|0
54:2a:a2:48:a3:f0|0|24|0|0|0|0
e4:57:40:c4:7c:81|4|0|0|0|0|0
4e:9b:05:55:9f:ce|0|17|0|0|0|0
0c:23:69:5a:5e:f0|3|0|0|0|0|0
08:26:97:ed:6e:d1|0|1|0|0|0|0
62:45:bd:0f:13:87|0|12|0|0|0|0
f6:57:40:c4:7c:81|5|0|0|0|0|0
5c:f8:21:84:a4:31|0|1|0|0|0|0
7c:1c:4e:74:5f:32|1|0|0|0|0|0
26:94:9b:c4:cd:39|2|6|0|0|0|0
