52
b4:e6:2d:f6:c8:79
90:9a:4a:80:71:9a|1170|3|19|30|2246|2341
ff:ff:ff:ff:ff:ff|0|2051|0|37|0|6387
90:9a:4a:80:85:9e|461|0|0|0|0|0
20:aa:4b:5b:e6:4b|510|0|106|49|17414|1326
c0:06:c3:8f:c7:99|0|0|8|3|621|315
b4:e6:2d:f6:c8:79|0|2|0|5|0|549
00:08:07:76:35:b7|0|2|0|0|0|0
1e:e8:29:e4:16:89|1|0|0|0|0|0
d6:68:81:85:17:18|1|3|0|0|0|0
bc:54:2f:5e:b7:f3|1|4|0|0|0|0
e6:1d:78:73:e4:e3|1|6|49|59|1326|9299
e4:5f:01:5c:9d:89|0|1|0|0|0|0
cc:88:26:2e:79:55|2|3|0|0|0|0
1e:3f:d9:6f:95:a8|0|12|0|0|0|0
a4:50:46:4c:af:3b|0|0|14|9|1333|1214
c0:06:c3:8f:c0:7b|2|4|5|2|309|168
20:f4:78:24:ce:e8|1|4|0|0|0|0
74:e5:f9:00:9d:f3|0|3|0|0|0|0
52:af:32:a3:e1:f8|0|3|0|0|0|0
7e:93:af:c6:cd:42|0|4|0|0|0|0
28:6d:cd:09:2a:ea|1|3|3|0|78|0
33:33:00:00:00:01|0|0|0|1|0|120
44:07:0b:89:e4:ab|9|0|0|0|0|0
01:00:5e:00:00:fb|0|0|0|5|0|1175
33:33:00:00:00:fb|0|0|0|1|0|141
24:77:03:d4:12:38|1|20|0|0|0|0
54:60:09:e2:ee:aa|0|2|0|0|0|0
5a:59:c7:1d:bc:c2|0|2|0|0|0|0
f4:f5:d8:8d:f2:58|0|8|0|0|0|0
01:00:5e:00:00:01|0|0|0|1|0|76
6a:b9:99:94:8e:48|0|1|0|0|0|0
b8:27:eb:81:9a:d6|0|1|0|0|0|0
8e:4c:d5:8d:ed:58|0|1|0|0|0|0
f0:f6:c1:d5:cb:42|0|6|0|0|0|0
44:07:0b:2f:49:8b|9|0|0|0|0|0
da:a1:19:3f:ed:66|0|2|0|0|0|0
f0:ef:86:06:76:35|0|2|0|0|0|0
ec:5c:68:84:b1:4b|1|9|0|0|0|0
44:07:0b:70:9e:93|2|0|0|0|0|0
cc:f4:11:a1:a0:2c|2|0|0|0|0|0
02:21:7b:cf:88:14|0|5|0|0|0|0
54:60:09:01:a1:78|3|0|0|0|0|0
72:c1:35:00:ec:1e|0|1|0|0|0|0
6e:c5:65:50:fe:82|0|1|0|0|0|0
02:00:00:00:00:00|0|2|0|0|0|0
06:22:d7:9f:28:b1|1|0|0|0|0|0
33:33:00:01:00:03|0|0|0|1|0|118
30:74:96:94:d8:08|1|0|0|0|0|0
