39
b4:e6:2d:f6:c8:79
68:ff:7b:c5:ca:c9|984|0|0|0|0|0
ff:ff:ff:ff:ff:ff|0|3507|0|12|0|2228
90:9a:4a:80:71:9a|1311|22|481|928|453223|149750
90:9a:4a:80:85:9e|1296|0|86|9|6712|216
28:6d:cd:09:2a:ea|0|0|18|6|4249|693
20:aa:4b:5b:e6:4b|238|0|13|0|2348|0
a4:50:46:4c:af:3b|20|43|899|454|144707|450101
b4:e6:2d:f6:c8:79|0|2|0|10|0|1174
94:9f:3e:84:df:5a|0|19|0|0|0|0
a8:6d:aa:73:88:1d|0|55|0|0|0|0
44:07:0b:2f:49:8b|6|0|0|0|0|0
6a:a7:b9:89:64:11|17|0|0|0|0|0
80:91:33:25:67:05|14|102|0|0|0|0
01:00:5e:00:00:01|0|0|0|2|0|160
38:8b:59:29:24:78|4|0|0|0|0|0
c0:06:c3:8f:c7:99|3|6|5|4|240|456
9e:ab:89:2d:82:91|0|46|9|84|216|6552
d6:68:81:85:17:18|0|1|0|0|0|0
20:1f:3b:3a:bb:3d|24|91|0|0|0|0
b0:a7:b9:89:64:1f|18|0|0|0|0|0
54:60:09:01:a1:78|5|0|0|0|0|0
44:07:0b:60:bf:75|6|0|0|0|0|0
