40
b4:e6:2d:f6:b6:a5
d8:b6:b7:7a:3a:61|1317|0|17|64|7773|2909
ff:ff:ff:ff:ff:ff|0|3524|0|351|0|63181
bc:54:51:02:a4:f0|0|0|33|4|1993|5928
68:02:b8:1e:7f:1f|1314|0|515|12|118194|312
6a:02:98:1e:7f:1f|1232|0|0|0|0|0
a4:3e:a0:a4:2a:46|0|127|0|0|0|0
80:1f:02:b4:07:ae|0|0|12|0|312|0
b4:e6:2d:f6:b6:a5|0|1|0|3|0|390
d0:7f:a0:6c:72:79|0|7|0|0|0|0
01:00:5e:7f:ff:fa|0|0|0|126|0|49108
70:2c:1f:8a:7c:d7|7|0|0|0|0|0
70:ee:50:73:4e:36|0|0|10|0|260|0
b0:95:75:4b:b9:26|0|0|0|10|0|260
84:16:f9:07:68:71|0|14|0|0|0|0
e6:35:23:4e:ab:99|0|0|13|2|484|52
26:17:dc:59:74:f7|0|0|18|2|432|52
0e:26:0a:2f:38:6b|0|0|0|2|0|52
33:33:00:00:00:01|0|0|0|3|0|584
33:33:00:00:00:02|0|0|0|1|0|96
33:33:ff:1e:b6:60|0|0|0|1|0|112
34:7e:5c:38:ae:a0|0|1|0|0|0|0
01:00:5e:00:00:fb|0|0|0|10|0|2184
33:33:00:00:00:fb|0|0|0|10|0|2384
33:33:00:00:00:16|0|0|0|7|0|868
01:00:5e:00:00:16|0|0|0|7|0|650
da:a1:19:6f:e4:16|1|7|0|0|0|0
80:58:f8:93:88:29|0|82|0|0|0|0
04:27:28:b1:c0:16|0|7|0|0|0|0
64:b3:10:aa:e3:3c|0|15|0|0|0|0
e6:5b:6c:6f:23:b1|0|14|0|0|0|0
aa:04:ef:fe:cf:ea|0|1|0|0|0|0
c8:66:5d:1f:4f:54|0|6|0|0|0|0
ca:aa:1c:d0:dc:2c|4|37|0|0|0|0
01:00:5e:00:00:01|0|0|0|1|0|88
33:33:00:01:00:03|0|0|0|1|0|129
01:00:5e:00:00:fc|0|0|0|1|0|109
e0:9d:31:02:83:40|0|25|0|0|0|0
e8:2a:44:ce:a5:13|0|7|0|0|0|0
da:a1:19:a0:26:99|0|2|0|0|0|0
04:4e:af:fb:fd:77|2|0|0|0|0|0
