23
b4:e6:2d:f6:b6:a5
68:02:b8:1e:7f:1f|1248|8|368|3|80049|312
ff:ff:ff:ff:ff:ff|0|2350|0|181|0|17224
6a:02:98:1e:7f:1f|1223|0|0|0|0|0
01:00:5e:7f:ff:fa|0|0|0|66|0|32232
b4:e6:2d:f6:b6:a5|0|1|0|3|0|390
c8:66:5d:1f:4f:54|0|6|0|0|0|0
a4:3e:a0:a4:2a:46|0|42|0|0|0|0
10:1c:0c:1a:10:10|13|36|3|52|312|15130
aa:57:f7:ff:7e:41|0|6|0|0|0|0
70:ee:50:73:4e:36|0|0|1|0|26|0
44:fe:3b:a8:69:27|0|0|0|1|0|26
64:b3:10:aa:e3:3c|1|18|0|0|0|0
9c:5d:12:d7:43:d4|0|6|0|0|0|0
33:33:00:00:00:01|0|0|0|3|0|584
33:33:00:00:00:fb|0|0|0|26|0|6965
01:00:5e:00:00:fb|0|0|0|26|0|6232
33:33:00:00:00:16|0|0|0|4|0|536
01:00:5e:00:00:02|0|0|0|2|0|160
33:33:00:00:00:02|0|0|0|1|0|104
33:33:ff:47:43:51|0|0|0|1|0|120
33:33:ff:f5:a8:09|0|0|0|2|0|240
33:33:00:01:00:02|0|0|0|1|0|132
20:79:18:e7:01:8a|0|12|0|0|0|0
