51
b4:e6:2d:f6:c8:79
90:9a:4a:80:71:9a|1200|3|51|155|35115|67189
ff:ff:ff:ff:ff:ff|0|2527|0|27|0|5188
20:aa:4b:5b:e6:4b|414|0|30|0|5560|0
90:9a:4a:80:85:9e|1013|1|226|118|191728|2832
9e:ab:89:2d:82:91|1|34|118|174|2832|170908
00:31:92:b2:52:69|1|0|0|0|0|0
74:e5:f9:00:9d:f3|0|2|0|0|0|0
b8:27:eb:81:9a:d6|0|2|0|0|0|0
e6:1d:78:73:e4:e3|0|1|0|0|0|0
01:00:5e:00:00:fb|0|0|0|2|0|258
b4:e6:2d:f6:c8:79|0|2|0|3|0|376
01:00:5e:7f:ff:fa|0|0|0|51|0|20736
c0:06:c3:8f:c7:99|0|0|9|3|780|315
a4:50:46:4c:af:3b|2|6|140|45|66261|34424
d6:68:81:85:17:18|0|9|0|0|0|0
44:07:0b:2f:49:8b|3|0|0|0|0|0
c0:06:c3:8f:c0:7b|0|0|4|0|96|0
52:37:a2:62:af:00|1|0|0|0|0|0
da:f9:52:4e:a2:90|2|0|0|0|0|0
ec:5c:68:84:b1:4b|0|20|0|0|0|0
01:00:5e:00:00:01|0|0|0|1|0|84
01:00:5e:00:00:fa|0|0|0|1|0|114
1a:a1:64:df:5f:d4|0|6|0|0|0|0
44:07:0b:70:9e:93|6|0|0|0|0|0
8a:da:00:03:64:b7|1|1|0|0|0|0
e4:5f:01:5c:9d:89|0|1|0|0|0|0
28:6d:cd:09:2a:ea|1|3|2|0|52|0
bc:54:2f:5e:b7:f3|2|4|0|0|0|0
7c:2e:bd:f4:94:ee|5|0|0|0|0|0
f4:f5:d8:8d:f2:58|0|1|0|0|0|0
b2:b0:e6:4a:1a:44|0|1|0|0|0|0
94:65:2d:2f:6b:a1|0|3|0|0|0|0
00:08:07:76:35:b7|0|2|0|0|0|0
56:5f:20:78:2c:1b|0|2|0|0|0|0
cc:88:26:2e:79:55|1|0|0|0|0|0
f0:ef:86:06:76:35|0|1|0|0|0|0
cc:f4:11:a1:a0:2c|2|0|0|0|0|0
da:a1:19:1c:e7:41|0|1|0|0|0|0
56:f7:b0:2c:66:fc|4|10|0|0|0|0
0a:26:07:17:f8:71|1|0|0|0|0|0
18:e8:29:e4:16:89|1|0|0|0|0|0
44:07:0b:89:e4:ab|9|0|0|0|0|0
da:cd:05:cf:75:f6|0|3|0|0|0|0
ba:92:3e:fe:ff:fd|2|7|0|0|0|0
b6:a4:f2:ac:6f:40|0|2|0|0|0|0
7a:4d:9c:b3:cd:1f|0|1|0|0|0|0
24:77:03:d4:12:38|1|13|0|0|0|0
22:43:37:22:71:f3|0|1|0|0|0|0
ee:20:49:c9:af:68|0|1|0|0|0|0
8e:4c:c8:8d:aa:b0|0|3|0|0|0|0
52:cb:eb:12:10:10|1|0|0|0|0|0
