35
b4:e6:2d:f6:b6:a5
d8:b6:b7:7a:3a:61|1245|0|8|67|270|2651
ff:ff:ff:ff:ff:ff|0|3523|0|309|0|58224
68:02:b8:1e:7f:1f|1294|0|320|6|59738|156
6a:02:98:1e:7f:1f|1262|0|0|0|0|0
80:58:f8:93:88:29|0|0|6|2|156|237
b4:e6:2d:f6:b6:a5|0|1|0|4|0|485
70:ee:50:73:4e:36|0|0|12|0|312|0
b0:95:75:4b:b9:26|0|0|0|12|0|312
e6:35:23:4e:ab:99|0|0|28|1|1493|26
a4:3e:a0:a4:2a:46|0|90|0|0|0|0
26:94:9b:c4:cd:39|3|25|0|0|0|0
bc:54:51:02:a4:f0|0|0|19|2|678|52
dc:41:a9:b1:30:a0|0|33|0|0|0|0
78:9f:70:2b:86:c6|1|6|0|0|0|0
26:17:dc:59:74:f7|0|0|12|2|288|52
42:f6:80:85:ae:8e|0|7|0|0|0|0
26:15:b1:a0:f5:f7|0|11|0|0|0|0
36:0a:39:a4:c5:25|2|13|0|0|0|0
6e:ed:5f:20:f8:bd|2|8|0|0|0|0
fe:bc:d5:06:20:a8|0|6|0|0|0|0
fe:10:dd:ff:1f:83|0|6|0|0|0|0
ca:7f:d9:80:06:0e|2|14|0|0|0|0
0e:26:0a:2f:38:6b|0|0|8|2|192|52
c8:66:5d:1f:4f:54|0|12|0|0|0|0
de:d2:6b:54:09:cc|0|6|0|0|0|0
46:c7:97:3b:3c:44|2|14|0|0|0|0
36:0d:04:57:a8:f7|0|7|0|0|0|0
00:1c:bf:52:98:29|0|7|0|0|0|0
4e:9b:05:55:9f:ce|1|25|0|0|0|0
01:00:5e:00:00:01|0|0|0|1|0|88
02:00:00:00:00:00|1|0|0|0|0|0
33:33:00:00:00:01|0|0|0|3|0|584
33:33:00:00:00:02|0|0|0|1|0|96
33:33:ff:1e:b6:60|0|0|0|1|0|112
64:b3:10:aa:e3:3c|0|1|0|0|0|0
