58
b4:e6:2d:f6:c8:79
20:aa:4b:5b:e6:4b|918|0|32|0|5252|0
ff:ff:ff:ff:ff:ff|0|4012|0|75|0|11678
68:ff:7b:c5:ca:c9|794|0|0|0|0|0
9e:ab:89:2d:82:91|0|0|11|16|264|1656
90:9a:4a:80:85:9e|1225|13|134|67|22153|1958
90:9a:4a:80:71:9a|1281|11|484|519|254015|121586
34:2e:b7:95:ee:df|0|3|0|0|0|0
b4:e6:2d:f6:c8:79|0|4|0|3|0|376
28:6d:cd:09:2a:ea|0|0|29|11|6244|1587
44:07:0b:70:9e:93|7|0|0|0|0|0
a4:50:46:4c:af:3b|7|16|469|453|113148|249970
e4:5f:01:5c:9d:89|0|8|0|0|0|0
4a:96:ae:67:6d:66|0|4|0|0|0|0
b8:27:eb:81:9a:d6|0|3|0|0|0|0
7a:aa:03:f2:f0:a6|1|6|0|0|0|0
b2:ac:bc:e7:b9:86|0|3|0|0|0|0
c0:06:c3:8f:c7:99|0|0|10|7|951|951
72:fb:1e:93:a8:3a|0|3|0|0|0|0
16:73:a1:f6:0b:5a|0|5|0|0|0|0
f4:f5:d8:84:58:92|0|1|0|0|0|0
26:4b:f5:19:a0:99|0|1|0|0|0|0
9e:39:52:78:0a:67|0|3|0|0|0|0
08:9e:08:49:f2:bd|0|6|0|0|0|0
84:4b:f5:19:a0:99|0|2|0|0|0|0
c0:06:c3:8f:c0:7b|4|8|11|10|1243|1131
56:f7:b0:2c:66:fc|3|8|0|0|0|0
da:c7:14:94:b5:d2|0|6|0|0|0|0
3a:1f:a1:43:13:12|1|15|0|0|0|0
66:ae:5f:c8:a1:e9|3|10|0|0|0|0
f4:f2:6d:90:44:3c|8|0|1|0|113|0
3a:a9:3d:0a:16:4c|0|7|0|0|0|0
44:07:0b:89:e4:ab|7|0|0|0|0|0
ca:73:e0:89:39:58|1|0|0|0|0|0
ce:7c:57:f2:09:96|0|14|0|0|0|0
de:5f:f2:87:0f:ba|0|29|0|0|0|0
ca:47:94:ab:55:23|0|5|0|0|0|0
e2:35:ef:87:01:70|0|4|0|0|0|0
44:07:0b:2f:49:8b|9|0|0|0|0|0
f4:f5:d8:8d:f2:58|0|2|0|0|0|0
20:1f:3b:3a:bb:3d|4|0|0|0|0|0
c6:f5:0b:8c:5a:9c|0|2|0|0|0|0
5e:90:c5:cc:c4:20|0|1|0|0|0|0
08:9e:08:bc:6c:2b|0|4|0|0|0|0
00:24:d6:f5:65:ef|0|2|0|0|0|0
1c:bf:ce:e3:fb:45|0|4|0|0|0|0
01:00:5e:00:00:01|0|0|0|1|0|76
00:08:07:76:35:b7|0|11|0|0|0|0
f0:ef:86:06:76:35|0|2|0|0|0|0
34:c0:59:00:a0:8f|0|1|0|0|0|0
58:ef:68:2a:26:ec|1|0|0|0|0|0
04:6c:59:1b:72:04|16|37|81|34|10094|12008
be:41:6a:e0:57:3e|0|2|0|0|0|0
24:77:03:d4:12:38|1|12|0|0|0|0
96:ac:91:07:8b:b0|0|1|0|0|0|0
01:00:5e:00:00:16|0|0|0|8|0|720
01:00:5e:00:00:fc|0|0|0|13|0|1285
01:00:5e:7f:ff:fa|0|0|0|14|0|3323
01:00:5e:00:00:fb|0|0|0|31|0|5172
