35
b4:e6:2d:f6:b6:a5
68:02:b8:1e:7f:1f|1302|0|429|14|100014|468
ff:ff:ff:ff:ff:ff|0|2351|0|327|0|60287
6a:02:98:1e:7f:1f|1300|0|0|0|0|0
a4:3e:a0:a4:2a:46|0|71|0|0|0|0
01:00:5e:7f:ff:fa|0|0|0|73|0|35011
b4:e6:2d:f6:b6:a5|0|1|0|5|0|574
01:00:5e:00:00:fb|0|0|0|4|0|1032
33:33:00:00:00:fb|0|0|0|4|0|1112
64:b3:10:aa:e3:3c|0|12|0|0|0|0
80:1f:02:b4:07:ae|0|0|14|5|468|486
10:1c:0c:1a:10:10|3|0|0|0|0|0
33:33:ff:9d:ca:ce|0|0|0|6|0|720
72:cb:7a:f8:15:18|0|12|0|0|0|0
7e:3d:35:8f:0d:7c|0|6|0|0|0|0
c8:66:5d:1f:4f:54|0|12|0|0|0|0
fe:5a:ec:7d:c6:87|0|6|0|0|0|0
6a:e8:88:22:8d:ca|0|12|0|0|0|0
d0:c6:37:81:ea:b1|0|6|0|0|0|0
8e:4d:39:0a:ea:39|0|12|0|0|0|0
de:f2:d0:59:35:1d|0|6|0|0|0|0
2e:d5:ff:e8:ed:1e|0|12|0|0|0|0
42:9b:33:fb:a5:6c|0|6|0|0|0|0
6a:22:12:64:17:82|0|12|0|0|0|0
56:d2:ee:4d:bb:7d|2|12|0|0|0|0
22:c2:31:46:88:46|0|12|0|0|0|0
3a:2a:3c:22:be:4b|0|6|0|0|0|0
e2:4d:8f:95:0d:22|0|12|0|0|0|0
33:33:00:00:00:01|0|0|0|3|0|584
33:33:00:00:00:02|0|0|0|1|0|96
33:33:ff:1e:b6:60|0|0|0|1|0|112
70:ee:50:73:4e:36|0|0|2|0|52|0
b0:95:75:4b:b9:26|0|0|0|2|0|52
52:39:f9:3d:59:fd|0|6|0|0|0|0
0a:8d:97:ab:e1:74|0|6|0|0|0|0
4e:9b:05:55:9f:ce|2|18|0|0|0|0
