17
b4:e6:2d:f6:b6:a5
68:02:b8:1e:7f:1f|1254|0|254|16|49713|520
ff:ff:ff:ff:ff:ff|0|2354|0|181|0|17163
6a:02:98:1e:7f:1f|1253|0|0|0|0|0
b4:e6:2d:f6:b6:a5|0|2|0|4|0|482
8e:ce:84:5f:9c:42|5|41|0|0|0|0
01:00:5e:7f:ff:fa|0|0|0|60|0|30806
a4:3e:a0:a4:2a:46|0|66|0|0|0|0
80:58:f8:93:88:29|0|0|16|4|520|470
c8:66:5d:1f:4f:54|0|12|0|0|0|0
10:1c:0c:1a:10:10|2|0|0|0|0|0
66:99:52:11:ac:71|3|18|0|0|0|0
f0:5c:77:1a:f1:64|0|6|0|0|0|0
64:b3:10:aa:e3:3c|0|12|0|0|0|0
33:33:00:00:00:01|0|0|0|3|0|584
33:33:00:00:00:02|0|0|0|1|0|96
33:33:ff:1e:b6:60|0|0|0|1|0|112
c2:28:fe:b8:f5:c5|0|6|0|0|0|0
