31
b4:e6:2d:f6:c8:79
90:9a:4a:80:85:9e|1123|1|7|16|1096|384
ff:ff:ff:ff:ff:ff|0|2946|0|50|0|9333
90:9a:4a:80:71:9a|1195|5|54|109|9139|15847
20:aa:4b:5b:e6:4b|385|0|50|0|9371|0
28:6d:cd:09:2a:ea|0|0|31|4|6995|474
01:00:5e:00:00:01|0|0|0|2|0|160
68:ff:7b:c5:ca:c9|314|0|0|0|0|0
c0:06:c3:8f:c0:7b|5|12|11|9|1162|944
6a:27:3d:20:18:a5|0|1|0|0|0|0
54:60:09:e2:ee:aa|0|4|0|0|0|0
c0:06:c3:8f:c7:99|0|0|9|5|726|552
a4:50:46:4c:af:3b|0|0|58|32|6964|6715
44:07:0b:70:9e:93|6|0|0|0|0|0
f0:ef:86:06:76:35|0|12|0|0|0|0
9e:ab:89:2d:82:91|1|16|16|4|384|860
50:e0:85:84:55:94|5|16|0|0|0|0
44:07:0b:2f:49:8b|9|0|0|0|0|0
1c:bf:ce:e3:fb:45|0|5|0|0|0|0
20:1f:3b:3a:bb:3d|5|0|0|0|0|0
00:08:07:76:35:b7|0|6|0|0|0|0
b4:e6:2d:f6:c8:79|0|2|0|4|0|454
34:c0:59:00:a0:8f|0|3|0|0|0|0
01:00:5e:00:00:fa|0|0|0|1|0|114
