51
b4:e6:2d:f6:c8:79
20:aa:4b:5b:e6:4b|599|0|36|0|6058|0
ff:ff:ff:ff:ff:ff|0|3228|0|35|0|5938
90:9a:4a:80:71:9a|1383|14|60|80|10825|14672
90:9a:4a:80:85:9e|1127|0|135|0|26980|0
b4:e6:2d:f6:c8:79|0|8|0|6|0|730
68:ff:7b:c5:ca:c9|433|0|0|0|0|0
96:88:bb:60:84:3e|0|2|0|0|0|0
6a:a7:b9:89:64:11|1|0|1|0|534|0
33:33:00:00:00:0c|0|0|0|1|0|534
54:2a:a2:73:c6:e9|14|62|0|0|0|0
9e:ab:89:2d:82:91|0|52|0|87|0|6786
28:6d:cd:09:2a:ea|0|0|26|5|5460|655
94:9f:3e:84:df:5a|0|6|0|0|0|0
80:91:33:25:67:05|16|53|0|0|0|0
a8:6d:aa:73:88:1d|2|27|0|0|0|0
20:1f:3b:3a:bb:3d|31|91|0|0|0|0
b0:a7:b9:89:64:1f|2|0|1|0|244|0
c0:06:c3:8f:c7:99|6|12|8|8|692|982
a4:50:46:4c:af:3b|3|2|36|32|7311|7411
3c:8d:20:4f:d8:e9|1|0|0|0|0|0
01:00:5e:7f:ff:fa|0|0|0|48|0|20362
50:eb:71:d0:6d:35|1|0|0|0|0|0
f4:f5:d8:84:58:92|0|2|0|0|0|0
44:07:0b:2f:49:8b|4|0|0|0|0|0
c0:06:c3:8f:c0:7b|5|10|10|9|1209|1047
33:33:00:00:00:01|0|0|0|1|0|120
32:08:f6:be:15:96|0|3|0|0|0|0
50:e0:85:84:55:94|2|12|0|0|0|0
01:00:5e:00:00:01|0|0|0|1|0|76
a4:77:33:63:f5:7e|0|3|0|0|0|0
14:c1:4e:07:26:d2|2|0|0|0|0|0
7e:33:52:95:87:68|0|3|0|0|0|0
54:60:09:e2:ee:aa|0|4|0|0|0|0
44:07:0b:70:9e:93|2|0|0|0|0|0
e4:5f:01:5c:9d:89|0|1|0|0|0|0
b8:27:eb:81:9a:d6|0|3|0|0|0|0
44:07:0b:6c:b6:e3|1|0|0|0|0|0
16:93:3c:81:a9:0d|0|1|0|0|0|0
96:14:cd:98:7c:bc|0|1|0|0|0|0
44:07:0b:89:e4:ab|3|0|0|0|0|0
84:d8:1b:29:48:82|2|0|0|0|0|0
30:07:4d:83:4d:ce|0|1|0|0|0|0
f0:ef:86:06:76:35|0|5|0|0|0|0
f4:f5:d8:8d:f2:58|0|8|0|0|0|0
6a:ab:02:8d:4f:7f|0|1|0|0|0|0
66:4d:26:e1:6d:45|0|7|0|0|0|0
00:08:07:76:35:b7|0|1|0|0|0|0
1a:55:0d:ae:6e:e7|0|2|0|0|0|0
6e:91:62:8e:b5:45|1|12|0|0|0|0
0a:ad:e1:ab:0c:ed|0|1|0|0|0|0
16:8a:3a:bb:ae:c5|0|3|0|0|0|0
