19
b4:e6:2d:f6:b6:a5
68:02:b8:1e:7f:1f|1233|0|377|0|91340|0
ff:ff:ff:ff:ff:ff|0|2345|0|302|0|58264
6a:02:98:1e:7f:1f|1232|0|0|0|0|0
54:2a:a2:48:a3:f0|0|24|0|0|0|0
b4:e6:2d:f6:b6:a5|0|1|0|5|0|654
a4:3e:a0:a4:2a:46|0|42|0|0|0|0
01:00:5e:7f:ff:fa|0|0|0|60|0|30806
64:b3:10:aa:e3:3c|0|12|0|0|0|0
70:ee:50:73:4e:36|0|0|2|0|52|0
44:fe:3b:a8:69:27|0|0|0|2|0|52
c8:66:5d:1f:4f:54|0|6|0|0|0|0
33:33:00:00:00:16|0|0|0|2|0|248
01:00:5e:00:00:fb|0|0|0|3|0|564
33:33:00:00:00:fb|0|0|0|3|0|624
01:00:5e:00:00:16|0|0|0|2|0|180
9c:5d:12:d7:43:d4|0|6|0|0|0|0
10:1c:0c:1a:10:10|0|12|0|0|0|0
aa:d7:67:76:19:94|1|0|0|0|0|0
1a:87:40:db:bb:2c|0|18|0|0|0|0
