46
b4:e6:2d:f6:c8:79
68:ff:7b:c5:ca:c9|277|0|0|0|0|0
ff:ff:ff:ff:ff:ff|0|2406|0|9|0|1436
9e:ab:89:2d:82:91|3|24|1842|4|44208|415
90:9a:4a:80:85:9e|712|3|5|1842|499|44208
90:9a:4a:80:71:9a|1283|11|48|42|5809|5290
e6:1d:78:73:e4:e3|0|2|77|14|2002|1092
20:aa:4b:5b:e6:4b|314|0|26|77|3662|2002
c0:06:c3:8f:c0:7b|8|16|9|16|913|1839
28:6d:cd:09:2a:ea|0|0|15|11|3659|1389
33:33:00:00:00:fb|0|0|0|2|0|686
b4:e6:2d:f6:c8:79|0|1|0|8|0|1006
00:08:07:76:35:b7|0|1|0|0|0|0
a4:50:46:4c:af:3b|0|0|12|6|520|708
f0:ef:86:06:76:35|0|15|0|0|0|0
54:2a:a2:73:c6:e9|9|58|0|0|0|0
f0:ef:86:21:66:5f|0|3|0|0|0|0
44:07:0b:70:9e:93|2|0|0|0|0|0
c0:06:c3:8f:c7:99|3|6|6|7|198|867
b0:a7:b9:89:64:1f|1|0|0|0|0|0
44:07:0b:2f:49:8b|13|0|0|0|0|0
01:00:5e:00:00:fb|0|0|0|1|0|448
48:5a:b6:22:0c:7e|0|12|0|0|0|0
