65
b4:e6:2d:f6:b6:a5
68:02:b8:1e:7f:1f|1366|0|173|9|17893|286
ff:ff:ff:ff:ff:ff|0|3517|0|156|0|14400
d8:b6:b7:7a:3a:61|1440|0|25|73|3094|2034
6a:02:98:1e:7f:1f|1336|0|0|0|0|0
b4:e6:2d:f6:b6:a5|0|1|0|3|0|390
ae:ab:33:3e:9b:45|0|14|0|0|0|0
a4:3e:a0:a4:2a:46|0|124|0|0|0|0
e6:d3:af:27:1e:5c|2|18|0|0|0|0
56:1a:5a:1e:49:29|0|6|0|0|0|0
bc:54:51:02:a4:f0|0|0|29|2|918|52
84:16:f9:07:68:71|0|7|0|0|0|0
82:d6:02:ff:c9:10|0|7|0|0|0|0
78:9f:70:2b:86:c6|2|0|0|0|0|0
26:17:dc:59:74:f7|0|0|12|2|288|52
70:ee:50:73:4e:36|0|0|29|0|750|0
b0:95:75:4b:b9:26|0|0|0|29|0|750
cc:4b:73:b0:02:dc|0|7|0|0|0|0
2a:5c:3e:6a:dc:14|0|7|0|0|0|0
80:58:f8:93:88:29|0|0|9|3|286|329
e6:35:23:4e:ab:99|0|0|14|2|396|52
6e:b5:eb:b3:a6:1e|0|20|0|0|0|0
9a:f6:ab:3a:91:f7|0|4|0|0|0|0
2a:f9:7a:c9:6c:91|1|6|0|0|0|0
1e:8c:11:00:70:d1|0|7|0|0|0|0
be:6f:e7:ca:0e:cc|1|7|0|0|0|0
c8:66:5d:1f:4f:54|0|24|0|0|0|0
0e:26:0a:2f:38:6b|0|0|18|1|432|26
aa:1c:98:bc:87:16|2|0|0|0|0|0
1e:09:60:d4:9a:23|0|13|0|0|0|0
7e:dd:50:6c:80:38|0|10|0|0|0|0
dc:41:a9:b1:30:a0|0|30|0|0|0|0
e6:5f:b3:25:19:12|0|7|0|0|0|0
01:00:5e:00:00:fb|0|0|0|10|0|2164
33:33:00:00:00:fb|0|0|0|10|0|2364
3a:bd:61:09:55:88|0|32|0|0|0|0
3a:3e:d7:f5:36:ee|0|7|0|0|0|0
3e:e7:c3:76:03:c8|0|1|0|0|0|0
64:b3:10:aa:e3:3c|0|8|0|0|0|0
32:6f:97:41:78:21|0|19|0|0|0|0
c2:05:25:69:b1:36|0|27|0|0|0|0
00:1c:bf:52:98:29|0|20|0|0|0|0
46:2b:ee:98:01:ee|0|14|0|0|0|0
02:53:ad:64:48:ce|1|7|0|0|0|0
2e:ab:99:c3:16:9a|0|13|0|0|0|0
b2:b8:f5:f5:75:3e|0|6|0|0|0|0
01:80:c2:00:00:0e|0|0|0|1|0|94
b6:34:c2:7f:c0:c9|0|12|0|0|0|0
