18
b4:e6:2d:f6:b6:a5
68:02:b8:1e:7f:1f|1231|0|17|1|1733|78
ff:ff:ff:ff:ff:ff|0|2472|0|7|0|532
6a:02:98:1e:7f:1f|1229|0|0|0|0|0
a4:3e:a0:a4:2a:46|0|79|0|0|0|0
d8:b6:b7:7a:3a:61|160|0|4|91|104|2418
1e:cc:d6:dd:fe:07|0|6|0|0|0|0
70:ee:50:73:4e:36|0|0|13|0|338|0
b0:95:75:4b:b9:26|0|0|0|13|0|338
80:58:f8:93:88:29|0|0|1|6|78|719
b4:e6:2d:f6:b6:a5|0|2|0|4|0|482
bc:54:51:02:a4:f0|0|0|22|1|756|26
26:17:dc:59:74:f7|0|0|17|1|408|26
da:a1:19:c9:3d:8d|0|12|0|0|0|0
e6:35:23:4e:ab:99|0|0|7|2|174|52
0e:26:0a:2f:38:6b|0|0|45|0|1080|0
c8:66:5d:1f:4f:54|0|24|0|0|0|0
f2:47:96:f0:df:c8|0|6|0|0|0|0
64:b3:10:aa:e3:3c|0|19|0|0|0|0
