44
b4:e6:2d:f6:b6:a5
68:02:b8:1e:7f:1f|1310|0|165|9|45763|286
ff:ff:ff:ff:ff:ff|0|3477|0|153|0|44160
6a:02:98:1e:7f:1f|1310|0|0|0|0|0
d8:b6:b7:7a:3a:61|1346|1|9|35|1208|901
3e:cb:36:22:9b:a0|0|3|0|0|0|0
8a:23:b0:d5:8b:eb|2|34|0|0|0|0
6a:9e:d2:a7:82:7a|0|7|0|0|0|0
b4:e6:2d:f6:b6:a5|0|1|0|4|0|482
f8:77:b8:53:10:e8|12|151|0|0|0|0
42:00:51:bd:d0:64|0|1|0|0|0|0
c0:ee:fb:43:db:fb|0|1|0|0|0|0
e6:35:23:4e:ab:99|0|0|11|2|270|52
01:00:5e:00:00:01|0|0|0|1|0|88
2a:ba:bc:a3:4e:2a|0|6|0|0|0|0
0e:26:0a:2f:38:6b|1|0|17|0|408|0
a4:3e:a0:a4:2a:46|0|115|0|0|0|0
01:00:5e:7f:ff:fa|0|0|0|4|0|1016
58:16:d7:e4:a4:0f|0|34|0|0|0|0
64:b3:10:aa:e3:3c|0|15|0|0|0|0
a6:59:0d:52:06:de|0|10|0|0|0|0
02:00:00:00:00:00|0|16|0|0|0|0
ca:5c:c9:73:6f:f4|0|6|0|0|0|0
8e:e7:2a:6c:e8:fc|0|1|0|0|0|0
80:58:f8:93:88:29|0|0|9|3|286|329
33:33:00:00:00:01|0|0|0|3|0|584
33:33:00:00:00:02|0|0|0|1|0|96
33:33:ff:1e:b6:60|0|0|0|1|0|112
d6:4c:ce:79:aa:6b|0|6|0|0|0|0
80:be:05:5f:13:d9|0|7|0|0|0|0
bc:54:51:02:a4:f0|0|0|4|1|151|26
f0:72:ea:da:42:c6|0|7|0|0|0|0
fe:8d:40:5d:d0:4a|0|8|0|0|0|0
f2:f6:02:92:f7:ef|0|6|0|0|0|0
d8:8c:79:90:f4:9b|0|5|0|0|0|0
c8:66:5d:1f:4f:54|0|12|0|0|0|0
d2:56:1e:3b:e7:f8|0|12|0|0|0|0
f0:5c:77:1a:f1:64|0|1|0|0|0|0
1a:19:03:6a:31:f7|0|6|0|0|0|0
92:2c:2f:34:86:e6|0|6|0|0|0|0
26:17:dc:59:74:f7|0|0|3|1|72|26
00:1c:bf:52:98:29|0|6|0|0|0|0
0c:54:15:5d:f1:f6|0|7|0|0|0|0
1e:61:9e:61:40:56|0|7|0|0|0|0
2c:db:07:46:b4:19|0|6|0|0|0|0
