37
b4:e6:2d:f6:b6:a5
d8:b6:b7:7a:3a:61|1347|0|20|45|2308|1310
ff:ff:ff:ff:ff:ff|0|3542|0|226|0|21518
68:02:b8:1e:7f:1f|1219|0|286|2|30180|48
6a:02:98:1e:7f:1f|1218|0|0|0|0|0
bc:54:51:02:a4:f0|0|0|19|3|678|262
0e:26:0a:2f:38:6b|0|0|18|2|432|52
01:00:5e:00:00:fb|0|0|0|11|0|2323
33:33:00:00:00:fb|0|0|0|12|0|2751
70:2e:22:8d:72:74|32|0|3|0|857|0
01:00:5e:7f:ff:fa|0|0|0|21|0|2809
e6:35:23:4e:ab:99|0|0|8|2|200|52
b4:e6:2d:f6:b6:a5|0|1|0|5|0|574
01:00:5e:00:00:01|0|0|0|1|0|88
a4:3e:a0:a4:2a:46|0|193|0|0|0|0
5c:f8:21:84:a4:31|0|2|0|0|0|0
33:33:00:00:00:16|0|0|0|7|0|876
01:00:5e:00:00:16|0|0|0|7|0|654
f0:72:ea:da:42:c6|0|7|0|0|0|0
0c:54:15:5d:f1:f6|0|10|0|0|0|0
33:33:00:01:00:03|0|0|0|1|0|129
01:00:5e:00:00:fc|0|0|0|1|0|109
da:a1:19:1d:d0:25|0|7|0|0|0|0
84:16:f9:07:68:71|0|14|0|0|0|0
26:17:dc:59:74:f7|0|0|0|2|0|52
64:b3:10:aa:e3:3c|0|2|0|0|0|0
c8:66:5d:1f:4f:54|0|25|0|0|0|0
78:9f:70:2b:86:c6|2|0|0|0|0|0
80:58:f8:93:88:29|0|0|0|2|0|184
6c:ff:ce:e3:57:f6|0|1|0|0|0|0
d8:8c:79:90:f4:9b|0|7|0|0|0|0
33:33:00:00:00:01|0|0|0|3|0|584
33:33:00:00:00:02|0|0|0|1|0|96
33:33:ff:1e:b6:60|0|0|0|1|0|112
33:33:ff:35:9c:d0|0|0|0|1|0|120
ce:bf:f8:68:d9:30|0|1|0|0|0|0
26:46:c8:d0:ec:b1|0|6|0|0|0|0
2c:0e:3d:ac:4c:05|0|0|2|0|48|0
