39
b4:e6:2d:f6:c8:79
90:9a:4a:80:71:9a|1251|6|28|35|3636|3227
ff:ff:ff:ff:ff:ff|0|2248|0|23|0|3530
90:9a:4a:80:85:9e|991|0|14731|7|12421852|168
9e:ab:89:2d:82:91|0|11|7|14730|168|12421768
68:ff:7b:c5:ca:c9|77|0|3|0|234|0
20:aa:4b:5b:e6:4b|32|0|24|41|3671|1118
b4:e6:2d:f6:c8:79|0|3|0|6|0|704
a4:50:46:4c:af:3b|0|0|16|9|1321|1035
46:17:6f:b5:a5:8c|0|6|0|0|0|0
ca:e1:d7:0d:c7:d2|0|1|0|0|0|0
e6:1d:78:73:e4:e3|0|0|41|0|1118|0
44:07:0b:2f:49:8b|3|0|0|0|0|0
ba:a4:50:5d:7a:26|0|2|0|0|0|0
10:fe:ed:dd:08:06|21|0|0|0|0|0
48:5a:b6:22:0c:7e|0|3|0|0|0|0
44:07:0b:6c:b6:e3|3|0|0|0|0|0
33:33:00:00:00:fb|0|0|0|1|0|141
a0:2c:36:28:1e:19|0|6|0|0|0|0
1a:a5:c3:61:4f:b6|0|1|0|3|0|234
c0:06:c3:8f:c0:7b|5|10|10|9|1311|1492
c0:06:c3:8f:c7:99|0|0|7|4|543|405
00:08:07:76:35:b7|0|5|0|0|0|0
24:77:03:d4:12:38|4|22|0|0|0|0
da:a1:19:05:05:05|0|3|0|0|0|0
8c:70:5a:60:0e:bc|5|17|0|0|0|0
00:31:92:b2:52:69|3|0|0|0|0|0
28:6d:cd:09:2a:ea|1|3|2|0|52|0
74:eb:80:1d:42:94|1|5|0|0|0|0
44:07:0b:70:9e:93|3|0|0|0|0|0
ec:5c:68:84:b1:4b|2|9|0|0|0|0
da:a1:19:0a:6f:3d|0|8|0|0|0|0
da:a1:19:0a:33:6c|1|2|0|0|0|0
1c:bf:ce:e3:fb:45|0|8|0|0|0|0
20:df:b9:8e:c2:c7|1|0|0|0|0|0
01:00:5e:00:00:01|0|0|0|1|0|84
08:9e:08:49:f2:bd|0|6|0|0|0|0
44:46:87:a9:e4:4b|0|13|0|0|0|0
b8:27:eb:81:9a:d6|0|2|0|0|0|0
08:9e:08:bc:6c:2b|0|4|0|0|0|0
