41
b4:e6:2d:f6:c8:79
90:9a:4a:80:71:9a|1275|17|741|748|229392|659968
ff:ff:ff:ff:ff:ff|0|3126|0|56|0|10272
90:9a:4a:80:85:9e|1171|10|52|62|19648|1566
20:aa:4b:5b:e6:4b|650|0|54|0|10032|0
68:ff:7b:c5:ca:c9|192|0|0|0|0|0
9e:ab:89:2d:82:91|0|20|62|7|1566|690
b4:e6:2d:f6:c8:79|0|1|0|3|0|376
01:00:5e:00:00:16|0|0|0|1|0|88
28:6d:cd:09:2a:ea|0|0|36|7|8290|1418
84:4b:f5:19:a0:99|0|3|0|0|0|0
a4:50:46:4c:af:3b|13|26|697|716|650231|225818
ca:73:e0:89:39:58|0|0|2|0|48|0
2c:fd:a1:0b:1d:b8|0|0|0|2|0|48
44:07:0b:89:e4:ab|8|0|0|0|0|0
01:00:5e:7f:ff:fa|0|0|0|39|0|18396
44:07:0b:70:9e:93|4|0|0|0|0|0
44:07:0b:2f:49:8b|5|0|0|0|0|0
c0:06:c3:8f:c0:7b|4|12|9|11|925|1306
10:fe:ed:dd:08:06|4|0|0|0|0|0
04:6c:59:1b:72:04|10|20|0|3|0|234
da:a1:19:1e:35:71|0|7|0|0|0|0
da:a1:19:14:bf:b2|0|3|0|0|0|0
ec:5c:68:84:b1:4b|1|26|0|0|0|0
f0:ef:86:05:a3:fa|0|8|0|0|0|0
46:3b:78:62:ec:7e|0|5|0|0|0|0
1c:39:47:73:cf:56|1|8|0|0|0|0
c0:06:c3:8f:c7:99|0|0|6|4|522|474
20:1f:3b:3a:bb:3d|5|0|0|0|0|0
d8:47:32:54:de:63|0|4|0|0|0|0
b8:27:eb:81:9a:d6|0|2|0|0|0|0
44:07:0b:6c:b6:e3|2|0|0|0|0|0
4c:fc:aa:01:67:75|0|1|0|0|0|0
e4:5f:01:5c:9d:89|0|6|0|0|0|0
08:9e:08:bc:6c:2b|0|2|0|0|0|0
24:77:03:d4:12:38|4|15|0|0|0|0
c2:07:92:a5:d2:5f|5|13|0|0|0|0
26:4b:f5:19:a0:99|0|3|0|0|0|0
f4:f5:d8:8d:f2:58|1|4|0|0|0|0
76:8b:46:b2:dc:b5|0|3|0|0|0|0
54:60:09:e2:ee:aa|0|9|0|0|0|0
22:ed:66:42:a8:4c|0|1|0|0|0|0
