25
b4:e6:2d:f6:b6:a5
68:02:b8:1e:7f:1f|1231|0|384|0|72866|0
ff:ff:ff:ff:ff:ff|0|2269|0|173|0|18141
6a:02:98:1e:7f:1f|1169|0|0|0|0|0
b4:e6:2d:f6:b6:a5|0|12|0|8|0|2056
d8:b6:b7:7a:3a:61|1|0|0|0|0|0
b0:ac:d2:04:78:ff|3|0|0|0|0|0
10:1c:0c:1a:10:10|3|48|0|0|0|0
01:00:5e:7f:ff:fa|0|0|0|58|0|29790
1c:30:08:19:1b:90|3|36|0|0|0|0
64:b3:10:aa:e3:3c|0|12|0|0|0|0
04:4e:af:fb:fd:77|14|0|0|0|0|0
c8:66:5d:1f:4f:54|0|12|0|0|0|0
e4:57:40:c4:7c:81|3|0|0|0|0|0
5c:f8:21:84:a4:31|0|2|0|0|0|0
33:33:00:01:00:02|0|0|0|3|0|532
33:33:00:01:00:03|0|0|0|28|0|3340
33:33:ff:40:08:c5|0|0|0|2|0|224
33:33:00:00:00:02|0|0|0|1|0|96
33:33:ff:1e:b6:60|0|0|0|1|0|120
33:33:ff:cc:52:d2|0|0|0|2|0|232
01:00:5e:00:00:fb|0|0|0|46|0|10869
33:33:00:00:00:fb|0|0|0|31|0|4188
01:00:5e:00:00:fc|0|0|0|26|0|2566
