24
b4:e6:2d:f6:b6:a5
68:02:b8:1e:7f:1f|1265|0|334|11|42914|286
ff:ff:ff:ff:ff:ff|0|2340|0|266|0|25296
01:00:5e:7f:ff:fa|0|0|0|56|0|15988
6a:02:98:1e:7f:1f|1264|0|0|0|0|0
33:33:00:00:00:01|0|0|0|3|0|584
33:33:00:00:00:02|0|0|0|1|0|96
33:33:ff:1e:b6:60|0|0|0|1|0|112
b4:e6:2d:f6:b6:a5|0|2|0|7|0|838
80:1f:02:b4:07:ae|0|0|11|0|286|0
70:ee:50:73:4e:36|0|0|35|0|908|0
b0:95:75:4b:b9:26|0|0|0|35|0|908
d0:c6:37:81:ea:b1|0|52|0|0|0|0
44:fe:3b:06:5c:71|22|0|0|0|0|0
a4:3e:a0:a4:2a:46|0|65|0|0|0|0
10:1c:0c:1a:10:10|3|13|0|0|0|0
64:b3:10:aa:e3:3c|0|7|0|0|0|0
1a:87:40:3a:48:99|0|37|0|0|0|0
c8:66:5d:1f:4f:54|0|6|0|0|0|0
f0:72:ea:da:42:c6|0|6|0|0|0|0
1a:d1:12:aa:06:ac|0|1|0|0|0|0
26:6f:1d:c2:e2:46|0|6|0|0|0|0
36:46:2a:e5:aa:34|0|1|0|0|0|0
60:f2:62:7f:33:bb|0|12|0|0|0|0
9c:5d:12:d7:43:d4|0|6|0|0|0|0
