24
b4:e6:2d:f6:b6:a5
68:02:b8:1e:7f:1f|1317|0|363|0|86893|0
ff:ff:ff:ff:ff:ff|0|2402|0|304|0|58024
6a:02:98:1e:7f:1f|1312|0|0|0|0|0
b4:e6:2d:f6:b6:a5|0|1|0|3|0|390
01:00:5e:7f:ff:fa|0|0|0|54|0|28153
a4:3e:a0:a4:2a:46|0|144|0|0|0|0
5c:f8:21:84:a4:31|0|12|0|0|0|0
10:1c:0c:1a:10:10|2|42|0|0|0|0
e4:57:40:c4:7c:81|1|0|0|0|0|0
7e:0c:60:0f:48:ff|4|1|50|4|1456|312
ba:4c:d0:98:41:60|70|0|5|50|449|1456
4e:9b:05:55:9f:ce|2|48|0|0|0|0
c6:6b:aa:94:61:82|0|3|0|0|0|0
01:00:5e:00:00:fb|0|0|0|1|0|137
96:09:05:cf:07:4c|0|3|0|0|0|0
c8:66:5d:1f:4f:54|0|18|0|0|0|0
92:4b:a4:df:9d:3b|0|6|0|0|0|0
7c:1c:4e:74:5f:32|0|11|0|0|0|0
08:c5:e1:a2:c7:27|1|0|0|0|0|0
01:80:c2:00:00:0e|0|0|0|1|0|94
12:db:9d:00:79:c1|0|6|0|0|0|0
f0:5c:77:1a:f1:64|0|6|0|0|0|0
ae:9a:61:15:be:3a|0|6|0|0|0|0
