55
b4:e6:2d:f6:b6:a5
54:be:f7:19:78:e1|485|0|21|0|7668|0
ff:ff:ff:ff:ff:ff|0|5808|0|371|0|76490
68:02:b8:1e:7f:1f|1315|0|433|0|74550|0
6a:02:98:1e:7f:1f|1316|0|0|0|0|0
0c:54:a5:02:31:6d|1032|0|40|0|15311|0
0e:54:a5:02:31:6e|990|0|0|0|0|0
70:2e:22:8d:72:74|484|34|9|9|1334|338
01:00:5e:00:fc:80|0|0|0|1|0|80
b0:c2:87:78:a6:a2|400|0|96|0|26921|0
b2:c2:87:78:a6:a3|398|0|0|0|0|0
00:0c:43:18:8e:7b|34|18|9|0|338|0
5c:f8:21:84:a4:31|0|119|0|0|0|0
b4:fb:e3:fc:1e:95|0|131|0|0|0|0
a4:3e:a0:a4:2a:46|6|78|0|0|0|0
00:42:38:f2:d3:48|0|2|0|0|0|0
8e:ce:84:4b:4c:3b|2|24|0|0|0|0
18:35:d1:12:47:b9|2|0|0|0|0|0
01:00:5e:7f:ff:fa|0|0|0|87|0|32927
80:1f:02:c6:a5:9c|2|0|0|0|0|0
e0:76:d0:78:7a:16|0|6|0|0|0|0
33:33:00:00:00:01|0|0|0|3|0|584
68:02:b8:76:3c:e4|5|0|0|0|0|0
6a:02:98:76:3c:e4|2|0|0|0|0|0
64:b3:10:aa:e3:3c|4|30|0|0|0|0
c8:66:5d:1f:4f:54|0|6|0|0|0|0
33:33:ff:a9:73:b6|0|0|0|29|0|3480
84:16:f9:07:68:71|1|23|0|0|0|0
01:00:5e:00:00:01|0|0|0|4|0|332
b4:e6:2d:f6:b6:a5|0|2|0|4|0|482
01:80:c2:00:00:0e|0|0|0|5|0|470
10:1c:0c:1a:10:10|2|18|0|0|0|0
33:33:00:01:00:03|0|0|0|5|0|635
01:00:5e:00:00:fc|0|0|0|5|0|535
33:33:00:00:00:fb|0|0|0|8|0|1273
cc:88:26:2e:80:83|0|5|0|0|0|0
7c:38:ad:81:e0:39|15|18|0|0|0|0
70:bc:10:16:23:53|1|12|0|0|0|0
f0:72:ea:da:42:c6|0|11|0|0|0|0
94:e2:3c:3e:11:65|4|42|0|0|0|0
4c:dd:31:1a:15:c8|0|15|0|0|0|0
f8:77:b8:53:10:e8|9|48|0|0|0|0
d8:61:62:40:7e:9b|0|0|0|1|0|26
62:45:b6:2c:e3:29|0|10|0|0|0|0
01:00:5e:00:00:fb|0|0|0|75|0|8382
80:be:05:5f:13:d9|0|9|0|0|0|0
01:00:5e:00:00:16|0|0|0|1|0|88
48:f0:7b:85:41:bc|2|0|0|0|0|0
6c:ff:ce:e2:ae:86|0|3|0|0|0|0
96:1c:99:e6:8d:ed|0|4|0|0|0|0
a2:15:3c:8b:97:a1|1|0|0|0|0|0
4e:25:b5:eb:1d:cf|0|7|0|0|0|0
26:94:9b:c4:cd:39|4|18|0|0|0|0
4e:9b:05:8c:c7:75|0|6|0|0|0|0
dc:f7:56:40:0f:c6|0|4|0|0|0|0
38:8b:59:2f:be:b9|0|5|0|0|0|0
