37
b4:e6:2d:f6:b6:a5
d8:b6:b7:7a:3a:61|1398|0|9|51|296|1460
0a:d9:74:38:bf:a2|0|7|0|0|0|0
6a:02:98:1e:7f:1f|1249|0|0|0|0|0
ff:ff:ff:ff:ff:ff|0|3511|0|7|0|532
68:02:b8:1e:7f:1f|1254|1|427|194|299687|5200
26:94:9b:c4:cd:39|1|3|170|377|4472|292842
e6:35:23:4e:ab:99|0|0|10|2|252|52
0c:2f:b0:2e:30:34|2|104|0|0|0|0
b4:e6:2d:f6:b6:a5|0|2|0|3|0|390
9a:5d:8a:62:5a:a1|1|21|0|0|0|0
01:00:5e:00:00:fb|0|0|0|7|0|934
26:17:dc:59:74:f7|0|0|11|2|264|52
0e:26:0a:2f:38:6b|0|0|9|2|216|52
bc:54:51:02:a4:f0|0|0|21|2|728|52
02:ef:5e:d2:55:79|0|7|0|0|0|0
01:00:5e:00:00:01|0|0|0|1|0|88
80:58:f8:93:88:29|0|0|24|22|728|3471
54:2a:a2:48:a3:f0|0|67|0|0|0|0
a4:3e:a0:a4:2a:46|0|100|0|0|0|0
5e:7c:ab:9f:b2:63|2|0|0|0|0|0
e2:7f:ba:8f:e5:6a|1|0|0|0|0|0
36:04:1f:f4:7b:e3|1|6|0|0|0|0
c8:66:5d:1f:4f:54|0|26|0|0|0|0
33:33:00:00:00:01|0|0|0|3|0|584
33:33:00:00:00:02|0|0|0|1|0|96
33:33:ff:1e:b6:60|0|0|0|1|0|112
62:74:fb:70:a4:bb|0|7|0|0|0|0
c6:d2:69:ba:5f:1f|0|14|0|0|0|0
01:00:5e:00:00:02|0|0|0|1|0|90
33:33:00:00:00:16|0|0|0|1|0|124
33:33:00:00:00:fb|0|0|0|2|0|336
01:00:5e:00:00:16|0|0|0|2|0|176
2a:27:d1:72:b0:2e|0|6|0|0|0|0
12:5c:cc:fa:28:e7|1|7|0|0|0|0
7e:8c:2e:df:5a:f7|0|7|0|0|0|0
d8:8c:79:90:f4:9b|0|7|0|0|0|0
12:48:34:13:20:40|0|7|0|0|0|0
