36
b4:e6:2d:f6:b6:a5
68:02:b8:1e:7f:1f|1249|0|638|0|125036|0
ff:ff:ff:ff:ff:ff|0|3520|0|307|0|59665
6a:02:98:1e:7f:1f|1246|0|0|0|0|0
d8:b6:b7:7a:3a:61|1314|0|28|124|4213|3258
b4:e6:2d:f6:b6:a5|0|2|0|3|0|390
72:5f:a3:54:03:c4|2|5|0|0|0|0
e6:35:23:4e:ab:99|0|0|8|2|200|52
0e:26:0a:2f:38:6b|0|0|28|2|672|52
bc:54:51:02:a4:f0|0|0|42|2|1282|52
a4:3e:a0:a4:2a:46|0|70|0|0|0|0
ec:2e:98:f0:f5:27|0|14|0|0|0|0
70:ee:50:73:4e:36|0|0|40|0|1040|0
b0:95:75:4b:b9:26|0|0|0|40|0|1040
26:17:dc:59:74:f7|0|0|46|0|1104|0
c2:31:2a:ab:f4:10|2|0|0|0|0|0
54:2a:a2:48:a3:f0|0|122|0|0|0|0
33:33:00:00:00:02|0|0|0|1|0|108
01:00:5e:00:00:fb|0|0|0|108|0|12345
72:5f:a3:72:32:e2|2|0|0|0|0|0
33:33:00:00:00:0c|0|0|0|12|0|15372
01:00:5e:7f:ff:fa|0|0|0|22|0|16202
33:33:00:00:00:fb|0|0|0|102|0|13443
33:33:00:01:00:03|0|0|0|48|0|5664
01:00:5e:00:00:fc|0|0|0|48|0|4704
33:33:00:00:00:16|0|0|0|2|0|248
01:00:5e:00:00:16|0|0|0|3|0|280
c8:66:5d:1f:4f:54|0|6|0|0|0|0
b2:73:ba:b1:b3:86|2|14|0|0|0|0
84:16:f9:07:68:71|0|7|0|0|0|0
f0:72:ea:da:42:c6|0|7|0|0|0|0
64:b3:10:aa:e3:3c|0|21|0|0|0|0
33:33:00:00:00:01|0|0|0|3|0|584
01:00:5e:00:00:01|0|0|0|1|0|88
00:1c:bf:52:98:29|0|14|0|0|0|0
8e:07:c5:e7:ec:bd|0|2|0|0|0|0
26:62:9b:4a:2c:09|0|13|0|0|0|0
