26
b4:e6:2d:f6:b6:a5
68:02:b8:1e:7f:1f|1233|0|6|0|974|0
ff:ff:ff:ff:ff:ff|0|2347|0|0|0|0
6a:02:98:1e:7f:1f|1232|0|0|0|0|0
9c:5a:44:ec:4f:2d|0|24|0|0|0|0
b4:e6:2d:f6:b6:a5|0|1|0|3|0|390
44:fe:3b:06:5c:71|42|0|0|0|0|0
2c:db:07:46:b4:19|0|7|0|0|0|0
f0:72:ea:da:42:c6|0|6|0|0|0|0
33:33:00:00:00:01|0|0|0|3|0|584
70:ee:50:73:4e:36|0|0|17|0|442|0
b0:95:75:4b:b9:26|0|0|0|17|0|442
10:1c:0c:1a:10:10|3|15|0|0|0|0
64:b3:10:aa:e3:3c|0|13|0|0|0|0
1e:36:d3:b7:23:4b|0|1|0|0|0|0
7e:ee:25:9f:21:81|0|2|0|0|0|0
c8:66:5d:1f:4f:54|0|6|0|0|0|0
f0:5c:77:1a:f1:64|0|9|0|0|0|0
e2:82:a9:31:ec:6e|0|7|0|0|0|0
de:00:b1:9f:08:0f|0|2|0|0|0|0
72:e8:36:73:8e:d5|0|3|0|0|0|0
da:79:36:c9:74:16|0|6|0|0|0|0
a4:3e:a0:a4:2a:46|0|46|0|0|0|0
1e:70:2d:21:0e:19|0|6|0|0|0|0
d8:8c:79:90:f4:9b|0|6|0|0|0|0
9e:3a:3b:6c:e6:ae|0|2|0|0|0|0
30:35:ad:7a:2f:04|0|1|0|0|0|0
