19
b4:e6:2d:f6:b6:a5
68:02:b8:1e:7f:1f|1240|0|19|0|3601|0
ff:ff:ff:ff:ff:ff|0|2349|0|0|0|0
6a:02:98:1e:7f:1f|1238|0|0|0|0|0
b4:e6:2d:f6:b6:a5|0|2|0|3|0|390
1a:dc:a3:3a:42:c5|0|6|0|0|0|0
70:ee:50:73:4e:36|0|0|23|0|596|0
b0:95:75:4b:b9:26|0|0|0|23|0|596
a4:3e:a0:a4:2a:46|0|48|0|0|0|0
c8:66:5d:1f:4f:54|0|12|0|0|0|0
64:b3:10:aa:e3:3c|0|12|0|0|0|0
10:1c:0c:1a:10:10|3|36|0|0|0|0
f0:5c:77:1a:f1:64|0|6|0|0|0|0
01:00:5e:00:00:fb|0|0|0|3|0|768
33:33:00:00:00:fb|0|0|0|3|0|828
33:33:00:00:00:16|0|0|0|2|0|248
01:00:5e:00:00:16|0|0|0|2|0|180
01:00:5e:7f:ff:fa|0|0|0|3|0|603
33:33:00:00:00:01|0|0|0|3|0|584
ce:96:bd:42:d6:41|2|12|0|0|0|0
