51
b4:e6:2d:f6:c8:79
90:9a:4a:80:85:9e|942|1|216|105|254737|2640
ff:ff:ff:ff:ff:ff|0|2521|0|11|0|1785
90:9a:4a:80:71:9a|1265|5|21|24|2365|1847
20:aa:4b:5b:e6:4b|173|0|8|0|1425|0
68:ff:7b:c5:ca:c9|250|0|0|0|0|0
28:6d:cd:09:2a:ea|0|0|3|0|78|0
5a:1e:d3:15:62:2a|0|1|0|0|0|0
b4:e6:2d:f6:c8:79|0|2|0|6|0|732
46:3b:78:62:ec:7e|0|11|0|0|0|0
50:e0:85:84:55:94|4|10|0|0|0|0
3e:9e:c1:ec:69:65|0|2|0|0|0|0
9e:ab:89:2d:82:91|0|13|45|1|1080|78
c0:06:c3:8f:c7:99|0|0|6|3|399|343
c0:06:c3:8f:c0:7b|5|13|10|10|1084|1078
a4:50:46:4c:af:3b|0|0|5|2|286|212
bc:54:2f:5e:b7:f3|1|6|0|0|0|0
20:1f:3b:3a:bb:3d|3|0|0|0|0|0
54:60:09:e2:ee:aa|0|3|0|0|0|0
54:13:79:4a:51:ad|6|19|0|0|0|0
44:07:0b:2f:49:8b|6|0|0|0|0|0
7e:3c:6a:92:b2:05|0|6|0|0|0|0
d0:ab:d5:7e:f5:90|1|0|0|0|0|0
da:33:62:07:58:92|0|3|0|0|0|0
04:6c:59:1b:72:04|1|6|61|163|1992|239279
01:00:5e:00:00:01|0|0|0|2|0|168
01:00:5e:7f:ff:fa|0|0|0|38|0|13772
74:df:bf:45:ac:65|0|1|0|0|0|0
a0:2c:36:28:1e:19|0|3|0|0|0|0
5a:e6:9a:9b:00:5e|0|6|0|0|0|0
22:48:f8:26:26:64|1|8|0|0|0|0
da:a1:19:2a:2a:2a|1|6|0|0|0|0
01:00:5e:00:00:fb|0|0|0|6|0|1128
02:00:00:00:00:00|0|5|0|0|0|0
10:fe:ed:dd:08:06|2|0|0|0|0|0
01:ff:d4:d4:ad:4d|1|0|0|0|0|0
74:e5:f9:00:9d:f3|0|3|0|0|0|0
64:5d:86:d7:5d:f2|2|0|0|0|0|0
0a:bf:72:b4:cd:40|0|3|0|0|0|0
a2:e0:6c:67:3c:21|0|3|0|0|0|0
a2:be:b7:bf:07:05|0|2|0|0|0|0
f4:f5:d8:8d:f2:58|3|0|0|0|0|0
26:4b:f5:19:a0:99|0|2|0|0|0|0
84:4b:f5:19:a0:99|0|2|0|0|0|0
b8:08:cf:bc:dc:66|1|0|0|0|0|0
fa:04:38:51:0d:aa|0|3|0|0|0|0
3c:8d:20:4f:d8:e9|1|0|0|0|0|0
44:07:0b:70:9e:93|2|0|0|0|0|0
b8:27:eb:81:9a:d6|0|1|0|0|0|0
01:00:5e:00:00:16|0|0|0|3|0|264
33:33:00:00:00:01|0|0|0|1|0|120
a2:93:10:de:93:1b|0|1|0|0|0|0
