26
b4:e6:2d:f6:b6:a5
68:02:b8:1e:7f:1f|1239|0|24|4|5067|156
ff:ff:ff:ff:ff:ff|0|2413|0|8|0|612
6a:02:98:1e:7f:1f|1238|0|0|0|0|0
d8:b6:b7:7a:3a:61|107|0|5|86|457|2300
a4:3e:a0:a4:2a:46|0|82|0|0|0|0
e6:35:23:4e:ab:99|0|0|8|2|200|52
c8:66:5d:1f:4f:54|0|12|0|0|0|0
bc:54:51:02:a4:f0|0|0|21|0|732|0
26:17:dc:59:74:f7|0|0|33|0|792|0
80:58:f8:93:88:29|0|0|4|8|156|3261
70:ee:50:73:4e:36|0|0|25|0|642|0
b0:95:75:4b:b9:26|0|0|0|25|0|642
01:00:5e:00:00:01|0|0|0|1|0|88
9c:5d:12:d7:43:d4|0|12|0|0|0|0
0e:26:0a:2f:38:6b|0|0|24|0|576|0
b4:e6:2d:f6:b6:a5|0|1|0|4|0|482
f0:72:ea:da:42:c6|0|2|0|0|0|0
a2:bb:95:6e:9a:e0|0|7|0|0|0|0
33:33:00:00:00:01|0|0|0|3|0|584
33:33:00:00:00:02|0|0|0|1|0|96
33:33:ff:1e:b6:60|0|0|0|1|0|112
1e:cc:d6:f2:f6:d4|0|11|0|0|0|0
12:d9:30:ba:e6:4d|0|12|0|0|0|0
33:33:00:00:00:fb|0|0|0|1|0|237
da:a1:19:c9:3d:8d|0|12|0|0|0|0
64:b3:10:aa:e3:3c|0|20|0|0|0|0
