31
b4:e6:2d:f6:b6:a5
68:02:b8:1e:7f:1f|1212|0|145|0|43378|0
ff:ff:ff:ff:ff:ff|0|3508|0|140|0|42895
6a:02:98:1e:7f:1f|1211|0|0|0|0|0
d8:b6:b7:7a:3a:61|1271|0|22|79|2893|2132
26:17:dc:59:74:f7|0|0|34|2|816|52
01:00:5e:00:00:fb|0|0|0|3|0|651
33:33:00:00:00:fb|0|0|0|3|0|711
b4:e6:2d:f6:b6:a5|0|1|0|3|0|390
33:33:00:00:00:16|0|0|0|2|0|256
01:00:5e:00:00:16|0|0|0|2|0|184
70:ee:50:73:4e:36|0|0|29|0|746|0
b0:95:75:4b:b9:26|0|0|0|29|0|746
a4:3e:a0:a4:2a:46|0|84|0|0|0|0
01:80:c2:00:00:0e|0|0|0|1|0|94
e6:35:23:4e:ab:99|0|0|9|2|224|52
bc:54:51:02:a4:f0|0|0|21|3|732|262
80:be:05:5f:13:d9|0|7|0|0|0|0
33:33:00:00:00:01|0|0|0|3|0|584
0e:26:0a:2f:38:6b|0|0|15|2|360|52
ec:2e:98:f0:f5:27|0|13|0|0|0|0
c8:66:5d:1f:4f:54|0|13|0|1|0|26
64:b3:10:aa:e3:3c|0|7|0|0|0|0
68:5a:cf:fb:e5:65|5|0|1|0|26|0
4e:9b:05:55:9f:ce|2|27|0|0|0|0
01:00:5e:00:00:01|0|0|0|1|0|88
cc:4b:73:b0:02:dc|0|7|0|0|0|0
00:1c:bf:52:98:29|0|14|0|0|0|0
de:f6:6a:cd:de:8a|0|7|0|0|0|0
06:3f:da:18:91:50|0|7|0|0|0|0
86:4c:d8:d4:a6:21|1|0|0|0|0|0
f0:72:ea:da:42:c6|0|7|0|0|0|0
