41
b4:e6:2d:f6:c8:79
90:9a:4a:80:71:9a|1384|7|7|27|688|2001
ff:ff:ff:ff:ff:ff|0|2364|0|15|0|2387
68:ff:7b:c5:ca:c9|343|0|0|0|0|0
90:9a:4a:80:85:9e|773|0|0|0|0|0
54:2a:a2:73:c6:e9|5|153|0|0|0|0
20:aa:4b:5b:e6:4b|80|0|19|0|3227|0
10:fe:ed:dd:08:06|16|0|0|0|0|0
b4:e6:2d:f6:c8:79|0|2|0|4|0|454
ec:5c:68:84:b1:4b|2|9|0|0|0|0
a4:50:46:4c:af:3b|2|3|8|0|440|0
1c:bf:ce:e3:fb:45|0|7|0|0|0|0
33:33:00:00:00:0c|0|0|0|4|0|840
44:07:0b:70:9e:93|4|0|0|0|0|0
48:5a:b6:22:0c:7e|0|11|0|0|0|0
c0:87:eb:8e:48:ef|0|1|0|0|0|0
c0:06:c3:8f:c0:7b|4|8|10|2|1084|156
74:df:bf:45:ac:65|0|4|0|0|0|0
8c:70:5a:60:0e:bc|4|14|0|0|0|0
44:07:0b:60:bf:75|1|0|0|0|0|0
08:9e:08:bc:6c:2b|0|1|0|0|0|0
c0:06:c3:8f:c7:99|0|0|6|1|399|78
28:6d:cd:09:2a:ea|1|3|3|0|78|0
12:26:ba:5d:7a:3f|0|2|0|0|0|0
e6:09:33:6a:b6:d7|0|7|0|0|0|0
9a:d5:f2:19:65:87|0|1|0|0|0|0
44:07:0b:2f:49:8b|9|0|0|0|0|0
52:cf:0e:ff:c4:07|0|3|0|0|0|0
62:af:05:7d:80:f1|1|0|0|0|0|0
e4:5f:01:5c:9d:89|0|1|0|0|0|0
56:f7:b0:2c:66:fc|5|11|0|0|0|0
20:1f:3b:3a:bb:3d|6|0|0|0|0|0
5e:34:b0:bb:5a:21|0|6|0|0|0|0
06:7a:6e:9e:bd:0b|0|6|0|0|0|0
34:f6:4b:e3:9c:e8|0|2|0|0|0|0
7a:65:64:b6:c6:e3|0|3|0|0|0|0
94:e6:f7:f4:4b:ab|1|0|0|0|0|0
54:60:09:e2:ee:aa|0|4|0|0|0|0
ae:46:a7:ce:f2:3e|0|2|0|0|0|0
f0:ef:86:06:76:35|0|1|0|0|0|0
a4:77:33:63:f5:7e|0|3|0|0|0|0
f4:f5:d8:8d:f2:58|0|2|0|0|0|0
