26
b4:e6:2d:f6:b6:a5
6a:02:98:1e:7f:1f|1216|0|0|0|0|0
ff:ff:ff:ff:ff:ff|0|3512|0|7|0|532
d8:b6:b7:7a:3a:61|1252|0|11|56|716|1574
68:02:b8:1e:7f:1f|1218|0|23|0|2499|0
bc:54:51:02:a4:f0|0|0|21|4|726|472
70:ee:50:73:4e:36|0|0|28|0|728|0
b0:95:75:4b:b9:26|0|0|0|28|0|728
b4:e6:2d:f6:b6:a5|0|2|0|4|0|482
a2:27:7a:bd:08:c2|1|7|0|0|0|0
26:e3:44:d1:3d:7e|0|7|0|0|0|0
46:bb:1a:ed:28:92|0|3|0|0|0|0
d8:8c:79:90:f4:9b|0|7|0|0|0|0
a4:3e:a0:a4:2a:46|0|101|0|0|0|0
80:58:f8:93:88:29|0|0|0|7|0|693
64:b3:10:aa:e3:3c|0|7|0|0|0|0
e6:35:23:4e:ab:99|0|0|8|2|200|52
26:17:dc:59:74:f7|0|0|17|2|408|52
0e:26:0a:2f:38:6b|0|0|10|2|240|52
1a:87:40:1a:49:17|0|14|0|0|0|0
33:33:00:00:00:01|0|0|0|3|0|584
33:33:00:00:00:02|0|0|0|1|0|96
33:33:ff:1e:b6:60|0|0|0|1|0|112
5c:f5:da:55:8b:f6|0|7|0|0|0|0
01:00:5e:00:00:01|0|0|0|1|0|88
a2:1a:96:15:3f:ba|0|7|0|0|0|0
c8:66:5d:1f:4f:54|0|13|0|0|0|0
