34
b4:e6:2d:f6:c8:79
20:aa:4b:5b:e6:4b|729|0|52|0|9027|0
ff:ff:ff:ff:ff:ff|0|3342|0|49|0|8723
90:9a:4a:80:85:9e|1176|0|3|7|240|168
90:9a:4a:80:71:9a|1267|10|13811|6099|19197333|959242
68:ff:7b:c5:ca:c9|385|0|3|0|240|0
a4:50:46:4c:af:3b|22|48|6051|13787|950629|19194693
f0:ef:86:21:66:5f|0|2|0|0|0|0
b4:e6:2d:f6:c8:79|0|1|0|4|0|454
28:6d:cd:09:2a:ea|0|0|33|5|7220|633
f0:ef:86:06:76:35|0|21|0|0|0|0
80:91:33:25:67:05|11|110|0|0|0|0
f0:f6:c1:d5:cb:42|0|14|0|0|0|0
1e:0e:50:cd:6b:3e|0|8|0|0|0|0
9e:ab:89:2d:82:91|0|0|7|2|168|156
e4:5f:01:5c:9d:89|0|6|0|0|0|0
b8:27:eb:81:9a:d6|0|7|0|0|0|0
01:00:5e:00:00:fa|0|0|0|2|0|228
c0:06:c3:8f:c0:7b|4|8|10|13|1084|1316
c0:06:c3:8f:c7:99|0|0|5|2|309|237
14:f6:d8:d5:30:90|0|3|0|0|0|0
54:60:09:01:a1:78|1|0|0|0|0|0
1a:a5:c3:61:4f:b6|0|1|0|2|0|156
44:07:0b:2f:49:8b|5|0|0|0|0|0
de:65:7d:97:ec:bd|0|3|0|0|0|0
46:39:4c:08:a5:94|2|12|0|0|0|0
20:1f:3b:3a:bb:3d|5|0|0|0|0|0
44:07:0b:70:9e:93|1|0|0|0|0|0
01:00:5e:00:00:01|0|0|0|3|0|244
08:9e:08:bc:6c:2b|0|3|0|0|0|0
60:ab:14:68:89:98|0|0|1|0|24|0
50:d4:f7:59:b0:8b|0|0|0|1|0|24
f4:f5:d8:8d:f2:58|0|2|0|0|0|0
f4:f5:d8:84:58:92|0|2|0|0|0|0
a4:77:33:63:f5:7e|0|5|0|0|0|0
