31
b4:e6:2d:f6:b6:a5
68:02:b8:1e:7f:1f|1249|0|388|1|92390|78
ff:ff:ff:ff:ff:ff|0|3512|0|313|0|59471
6a:02:98:1e:7f:1f|1247|0|0|0|0|0
d8:b6:b7:7a:3a:61|1366|0|15|54|1897|1528
bc:54:51:02:a4:f0|0|0|18|2|656|52
e6:35:23:4e:ab:99|0|0|8|2|200|52
0e:26:0a:2f:38:6b|0|0|13|2|312|52
70:ee:50:73:4e:36|0|0|121|0|3138|0
b0:95:75:4b:b9:26|0|0|0|121|0|3138
26:17:dc:59:74:f7|0|0|15|2|360|52
54:2a:a2:48:a3:f0|0|81|0|0|0|0
b4:e6:2d:f6:b6:a5|0|2|0|5|0|577
80:30:49:55:d3:2f|0|14|0|0|0|0
a4:3e:a0:a4:2a:46|0|138|0|0|0|0
8e:ce:84:5f:9c:42|3|26|0|0|0|0
33:33:00:00:00:01|0|0|0|3|0|584
33:33:00:00:00:02|0|0|0|1|0|96
33:33:ff:1e:b6:60|0|0|0|1|0|112
01:00:5e:7f:ff:fa|0|0|0|68|0|32822
01:00:5e:00:00:01|0|0|0|1|0|88
ce:07:03:a9:62:48|1|0|0|0|0|0
d8:8c:79:90:f4:9b|0|7|0|0|0|0
66:3d:16:29:b6:72|1|0|0|0|0|0
7a:81:54:a7:ae:b8|0|14|0|0|0|0
f0:5c:77:1a:f1:64|0|7|0|0|0|0
64:b3:10:aa:e3:3c|0|8|0|0|0|0
2c:33:7a:7f:1d:55|0|43|0|0|0|0
92:21:9c:36:ab:c9|0|7|0|0|0|0
c8:66:5d:1f:4f:54|0|6|0|0|0|0
32:1f:c6:d8:16:74|0|2|0|0|0|0
80:58:f8:93:88:29|0|0|1|3|78|329
