28
b4:e6:2d:f6:b6:a5
68:02:b8:1e:7f:1f|1301|0|6|0|974|0
ff:ff:ff:ff:ff:ff|0|2325|0|3|0|282
6a:02:98:1e:7f:1f|1262|0|0|0|0|0
02:aa:3f:a7:c9:b2|8|0|6|0|1094|0
b4:e6:2d:f6:b6:a5|0|2|0|3|0|390
4e:9b:05:55:9f:ce|0|6|0|0|0|0
54:88:0e:46:1b:78|0|6|0|0|0|0
f2:cc:c6:12:79:e8|2|12|0|0|0|0
a4:3e:a0:a4:2a:46|0|120|0|0|0|0
26:94:9b:c4:cd:39|0|24|0|0|0|0
8e:13:21:08:71:c7|2|0|0|0|0|0
10:1c:0c:1a:10:10|3|18|0|0|0|0
58:b1:0f:56:36:08|0|18|0|0|0|0
c8:66:5d:1f:4f:54|0|12|0|0|0|0
fe:a8:3d:92:b7:0d|0|1|0|0|0|0
33:33:ff:ac:5e:07|0|0|0|1|0|120
01:00:5e:7f:ff:fa|0|0|0|2|0|692
a6:6c:a9:85:77:c7|1|0|0|0|0|0
b6:ed:6f:2d:e5:19|0|12|0|0|0|0
56:78:2c:fa:a1:58|2|0|0|0|0|0
3e:f7:1e:77:ef:b5|3|0|0|0|0|0
7c:16:89:dc:01:46|0|1|0|0|0|0
02:aa:3f:a7:c9:b1|4|0|0|0|0|0
04:d6:aa:3e:93:db|0|6|0|0|0|0
33:33:00:00:00:01|0|0|0|3|0|584
f2:c3:b6:a9:5d:c6|0|1|0|0|0|0
f2:7a:f1:1a:12:4a|0|6|0|0|0|0
64:b3:10:aa:e3:3c|0|18|0|0|0|0
