33
b4:e6:2d:f6:c8:79
90:9a:4a:80:85:9e|939|0|5|7|396|168
ff:ff:ff:ff:ff:ff|0|2375|0|32|0|5668
90:9a:4a:80:71:9a|1191|4|31|54|3629|9014
20:aa:4b:5b:e6:4b|117|0|32|0|5668|0
b4:e6:2d:f6:c8:79|0|5|0|5|0|549
28:6d:cd:09:2a:ea|0|0|31|10|6904|1428
a6:23:9c:e5:b4:cb|2|6|0|0|0|0
68:ff:7b:c5:ca:c9|171|0|1|0|78|0
c0:06:c3:8f:c0:7b|4|8|12|8|1186|866
9e:ab:89:2d:82:91|0|0|7|4|168|312
44:07:0b:2f:49:8b|7|0|0|0|0|0
e4:5f:01:5c:9d:89|0|3|0|0|0|0
a4:50:46:4c:af:3b|0|0|4|0|312|0
c2:df:8e:83:8f:a7|0|1|0|0|0|0
c0:06:c3:8f:c7:99|0|0|7|8|612|786
20:1f:3b:3a:bb:3d|2|0|0|0|0|0
00:08:07:76:35:b7|0|3|0|0|0|0
da:a1:19:22:22:22|2|3|0|0|0|0
7c:b2:7d:d3:ca:b1|0|3|0|0|0|0
f0:ef:86:05:a3:fa|0|3|0|0|0|0
2e:73:bd:d2:78:e9|1|0|0|0|0|0
34:c0:59:00:a0:8f|0|3|0|0|0|0
b8:27:eb:81:9a:d6|0|2|0|0|0|0
18:e8:29:e4:16:89|1|0|1|0|76|0
01:00:5e:00:00:01|0|0|0|2|0|160
1a:a5:c3:61:4f:b6|0|0|0|1|0|78
0e:56:2f:16:29:3f|2|0|0|0|0|0
44:46:87:a9:e4:4b|0|2|0|0|0|0
4e:0b:b6:8f:d0:52|0|5|0|0|0|0
2a:e1:66:ab:88:bf|1|0|0|0|0|0
ba:93:e9:91:b9:44|0|5|0|0|0|0
a4:77:33:63:f5:7e|0|10|0|0|0|0
22:18:40:b7:0c:28|1|0|0|0|0|0
