50
b4:e6:2d:f6:c8:79
90:9a:4a:80:71:9a|1204|5|10|29|1112|2147
ff:ff:ff:ff:ff:ff|0|2752|0|27|0|4689
90:9a:4a:80:85:9e|950|1|1087|221|1101675|13567
20:aa:4b:5b:e6:4b|536|0|28|0|4820|0
b4:e6:2d:f6:c8:79|0|2|0|3|0|376
9e:ab:89:2d:82:91|1|29|161|1043|11884|1087401
96:13:10:f5:6e:ff|1|0|3|0|72|0
30:5a:3a:60:73:c8|0|0|0|3|0|72
68:ff:7b:c5:ca:c9|206|0|0|0|0|0
f0:ef:86:05:a3:fa|0|21|0|0|0|0
b8:27:eb:81:9a:d6|0|5|0|0|0|0
44:07:0b:70:9e:93|3|0|0|0|0|0
04:6c:59:1b:72:04|1|6|60|4|1683|415
20:1f:3b:3a:bb:3d|2|0|0|0|0|0
10:fe:ed:dd:08:06|7|0|0|0|0|0
01:00:5e:7f:ff:fa|0|0|0|34|0|13271
08:9e:08:bc:6c:2b|0|3|0|0|0|0
44:07:0b:2f:49:8b|8|0|0|0|0|0
c0:06:c3:8f:c0:7b|4|8|10|4|1084|421
c0:06:c3:8f:c7:99|0|0|7|3|543|315
28:6d:cd:09:2a:ea|1|3|2|0|52|0
f0:ef:86:06:76:35|0|5|0|0|0|0
30:07:4d:7d:5d:46|1|8|0|0|0|0
a4:50:46:4c:af:3b|0|1|10|0|468|0
b6:6d:1a:d3:bd:ff|0|6|0|0|0|0
74:eb:80:1d:42:94|1|4|0|0|0|0
fa:ba:45:93:7c:e8|0|14|0|0|0|0
34:c0:59:00:a0:8f|1|0|0|0|0|0
c0:87:eb:8e:48:ef|0|2|0|0|0|0
66:48:26:98:6c:53|0|3|0|0|0|0
f4:f5:d8:8d:f2:58|0|7|0|0|0|0
8e:cc:d9:a3:63:13|0|2|0|0|0|0
50:e0:85:84:55:94|4|13|0|0|0|0
00:08:07:76:35:b7|0|3|0|0|0|0
24:77:03:d4:12:38|3|5|0|0|0|0
a6:42:b5:7b:d5:ec|0|1|0|0|0|0
6e:be:2b:fe:06:45|0|1|0|0|0|0
01:00:5e:00:00:01|0|0|0|1|0|84
a6:54:f5:24:58:78|0|1|0|0|0|0
01:00:5e:00:00:16|0|0|0|3|0|264
38:87:d5:8a:96:cf|0|3|0|0|0|0
01:00:5e:00:00:fb|0|0|0|2|0|230
33:33:00:00:00:fb|0|0|0|1|0|141
9a:db:34:3e:74:21|0|1|0|0|0|0
06:30:85:0f:33:ad|0|1|0|0|0|0
e4:5f:01:5c:9d:89|0|1|0|0|0|0
