37
b4:e6:2d:f6:c8:79
90:9a:4a:80:71:9a|1258|18|392|397|222654|53115
ff:ff:ff:ff:ff:ff|0|1975|0|11|0|1361
90:9a:4a:80:85:9e|616|5|4|243|312|5886
9e:ab:89:2d:82:91|5|32|243|4|5886|312
20:aa:4b:5b:e6:4b|175|0|15|0|1838|0
b4:e6:2d:f6:c8:79|0|2|0|3|0|376
68:ff:7b:c5:ca:c9|34|0|1|10|78|240
14:c1:4e:07:26:d2|2|0|0|0|0|0
33:33:00:00:00:fb|0|0|0|1|0|141
28:6d:cd:09:2a:ea|0|0|36|6|7743|711
c0:06:c3:8f:c0:7b|7|11|18|26|1605|3324
1a:a5:c3:61:4f:b6|0|0|10|1|240|78
54:2a:a2:73:c6:e9|0|21|0|0|0|0
c0:06:c3:8f:c7:99|0|0|8|3|702|396
44:07:0b:2f:49:8b|5|0|0|0|0|0
a4:50:46:4c:af:3b|11|7|335|354|43065|217847
48:5a:b6:22:0c:7e|0|5|0|0|0|0
b8:27:eb:81:9a:d6|0|1|0|0|0|0
ec:5c:68:84:b1:4b|4|12|0|0|0|0
54:60:09:e2:ee:aa|0|2|0|0|0|0
be:d2:24:b7:5e:cb|0|2|0|0|0|0
10:fe:ed:dd:08:06|5|0|0|0|0|0
50:e0:85:84:55:94|3|9|0|0|0|0
06:b5:db:ac:38:cf|0|3|0|0|0|0
3c:8d:20:4f:d8:e9|2|0|0|0|0|0
22:65:bd:4a:9f:75|0|3|0|0|0|0
24:77:03:d4:12:38|2|10|0|0|0|0
33:33:00:01:00:03|0|0|0|1|0|118
01:00:5e:00:00:fb|0|0|0|1|0|104
08:9e:08:49:f2:bd|0|1|0|0|0|0
a4:77:33:63:f5:7e|0|1|0|0|0|0
44:07:0b:70:9e:93|1|0|0|0|0|0
66:52:b3:de:8a:01|0|6|0|0|0|0
f0:f6:c1:d5:cb:42|0|2|0|0|0|0
f4:f5:d8:8d:f2:58|1|0|0|0|0|0
06:8b:7f:96:b9:32|0|3|0|0|0|0
01:00:5e:00:00:fa|0|0|0|1|0|114
