32
b4:e6:2d:f6:b6:a5
68:02:b8:1e:7f:1f|1249|1|310|23|59292|754
ff:ff:ff:ff:ff:ff|0|3516|0|283|0|55649
6a:02:98:1e:7f:1f|1214|0|0|0|0|0
d8:b6:b7:7a:3a:61|1304|0|18|155|1596|4218
70:ee:50:73:4e:36|0|0|64|0|1662|0
b0:95:75:4b:b9:26|0|0|0|64|0|1662
80:58:f8:93:88:29|38|51|23|17|754|2275
b4:e6:2d:f6:b6:a5|0|1|0|4|0|482
c8:66:5d:1f:4f:54|0|6|0|0|0|0
e6:35:23:4e:ab:99|0|0|8|2|200|52
bc:54:51:02:a4:f0|0|0|128|1|3562|26
01:00:5e:00:00:fb|0|0|0|6|0|942
0e:26:0a:2f:38:6b|0|0|3|2|72|52
a4:3e:a0:a4:2a:46|0|110|0|0|0|0
26:17:dc:59:74:f7|0|0|16|2|384|52
33:33:00:00:00:01|0|0|0|3|0|584
33:33:00:00:00:02|0|0|0|1|0|96
33:33:ff:1e:b6:60|0|0|0|1|0|112
86:7c:9c:0e:f0:f4|0|13|0|0|0|0
f0:5c:77:1a:f1:64|0|13|0|0|0|0
0a:a1:d4:9b:f0:71|0|7|0|0|0|0
52:2c:29:a5:5e:95|0|7|0|0|0|0
01:00:5e:00:00:01|0|0|0|1|0|88
01:00:5e:00:00:16|0|0|0|4|0|384
84:16:f9:07:68:71|0|7|0|0|0|0
d2:72:be:a5:a9:20|0|7|0|0|0|0
d8:8c:79:90:f4:9b|0|7|0|0|0|0
64:b3:10:aa:e3:3c|0|13|0|0|0|0
01:80:c2:00:00:0e|0|0|0|1|0|94
0c:54:15:5d:f1:f6|0|7|0|0|0|0
f0:72:ea:da:42:c6|0|7|0|0|0|0
68:02:b8:1e:7e:d3|0|32|0|0|0|0
