22
b4:e6:2d:f6:b6:a5
68:02:b8:1e:7f:1f|1288|0|68|0|32498|0
b4:e6:2d:f6:b6:a5|0|2|0|5|0|1108
6a:02:98:1e:7f:1f|1288|0|0|0|0|0
ff:ff:ff:ff:ff:ff|0|2358|0|0|0|0
9e:bc:31:6e:c0:6f|2|0|0|0|0|0
a4:3e:a0:a4:2a:46|0|84|0|0|0|0
70:ee:50:73:4e:36|0|0|76|0|1948|0
b0:95:75:4b:b9:26|0|0|0|76|0|1948
01:00:5e:7f:ff:fa|0|0|0|60|0|30806
b2:82:3c:f5:17:7a|1|0|0|0|0|0
64:b3:10:aa:e3:3c|0|6|0|0|0|0
cc:88:26:04:86:b1|6|0|0|0|0|0
54:2a:a2:48:a3:f0|0|60|0|0|0|0
33:33:00:00:00:01|0|0|0|3|0|584
8a:95:9a:a8:13:fd|0|6|0|0|0|0
10:1c:0c:1a:10:10|0|24|0|0|0|0
6e:48:e7:e1:20:79|0|6|0|0|0|0
78:9f:70:2b:86:c6|0|6|0|0|0|0
c8:66:5d:1f:4f:54|0|6|0|0|0|0
1a:87:40:81:e0:31|0|24|0|0|0|0
88:9f:6f:ab:69:ae|4|4|0|0|0|0
06:63:06:25:1b:89|2|5|0|0|0|0
