48
b4:e6:2d:f6:c8:79
90:9a:4a:80:85:9e|813|7|69|222|16916|5414
ff:ff:ff:ff:ff:ff|0|2415|0|48|0|5800
90:9a:4a:80:71:9a|1183|6|31|96|3391|13397
20:aa:4b:5b:e6:4b|419|0|30|1|5048|78
b4:e6:2d:f6:c8:79|0|2|0|10|0|1179
68:ff:7b:c5:ca:c9|104|0|0|0|0|0
e4:5f:01:5c:9d:89|0|1|0|0|0|0
28:6d:cd:09:2a:ea|0|0|36|3|7743|282
f4:f5:d8:8d:f2:58|2|7|0|0|0|0
54:60:09:e2:ee:aa|0|2|0|0|0|0
01:00:5e:7f:ff:fa|0|0|0|30|0|13320
c0:06:c3:8f:c7:99|0|0|7|1|785|78
3e:9e:c1:ec:69:65|0|3|0|0|0|0
c0:06:c3:8f:c0:7b|5|10|6|10|586|1082
da:a1:19:be:08:af|0|2|0|0|0|0
ec:5c:68:84:b1:4b|0|12|0|0|0|0
f2:b2:80:0a:ea:79|0|6|0|0|0|0
a4:50:46:4c:af:3b|1|1|47|7|4283|770
9e:ab:89:2d:82:91|5|18|218|7|5310|698
04:6c:59:1b:72:04|2|0|4|2|104|156
01:00:5e:00:00:fb|0|0|0|8|0|1616
4c:1d:96:a2:61:e7|0|2|0|0|0|0
44:46:87:a9:e4:4b|0|3|0|0|0|0
44:07:0b:2f:49:8b|7|0|0|0|0|0
74:df:bf:45:ac:65|0|1|0|0|0|0
00:08:07:76:35:b7|0|4|0|0|0|0
01:00:5e:00:00:fa|0|0|0|1|0|114
44:07:0b:70:9e:93|1|0|0|0|0|0
38:f9:d3:b3:0c:da|1|0|0|0|0|0
01:00:5e:00:00:01|0|0|0|1|0|84
01:00:5e:00:00:16|0|0|0|2|0|176
b8:27:eb:81:9a:d6|0|1|0|0|0|0
20:1f:3b:3a:bb:3d|1|0|0|0|0|0
a4:50:46:42:f3:41|0|3|0|0|0|0
ce:df:6c:d8:96:78|2|11|0|0|0|0
62:0b:0e:ae:b1:c6|0|1|0|0|0|0
80:4a:14:99:a7:4d|1|0|0|0|0|0
9e:e0:c7:4c:63:99|0|1|0|0|0|0
6e:1c:2a:dc:60:b6|0|3|0|0|0|0
a0:2c:36:28:1e:19|0|5|0|0|0|0
da:a1:19:f5:f5:f5|0|4|0|0|0|0
7a:61:d5:1b:77:b6|1|3|0|0|0|0
2a:dc:56:e3:a4:70|0|2|0|0|0|0
86:30:a8:ca:4d:62|0|4|0|0|0|0
e6:1d:78:73:e4:e3|0|0|1|0|78|0
a2:17:52:10:1a:9b|0|1|0|0|0|0
ca:f6:11:16:a6:b6|1|0|0|0|0|0
