36
b4:e6:2d:f6:c8:79
90:9a:4a:80:85:9e|1119|0|0|0|0|0
ff:ff:ff:ff:ff:ff|0|2421|0|3|0|249
90:9a:4a:80:71:9a|1242|15|87|59|10675|8566
68:ff:7b:c5:ca:c9|115|0|0|0|0|0
28:6d:cd:09:2a:ea|0|0|30|24|6654|2994
20:aa:4b:5b:e6:4b|29|0|3|0|249|0
ba:89:c6:32:2e:99|1|7|0|0|0|0
7e:63:ca:d2:dc:11|0|4|0|0|0|0
9a:c7:7a:21:7a:12|0|6|0|0|0|0
f0:f6:c1:d5:cb:42|0|3|0|0|0|0
a4:50:46:4c:af:3b|3|1|16|11|928|1374
d6:ef:0e:83:73:a4|0|4|0|0|0|0
7a:ae:8c:d6:e5:0b|1|7|0|0|0|0
f0:72:ea:ef:27:ca|5|6|0|0|0|0
1e:d8:15:25:d0:7c|0|2|0|0|0|0
c0:06:c3:8f:c7:99|6|13|8|15|702|1860
44:07:0b:70:9e:93|4|0|0|0|0|0
c0:06:c3:8f:c0:7b|6|10|5|23|282|2733
e2:42:1d:b7:29:fe|1|15|0|0|0|0
b4:e6:2d:f6:c8:79|0|1|0|14|0|1714
ba:e1:86:27:ea:54|1|4|0|0|0|0
44:07:0b:2f:49:8b|3|0|0|0|0|0
da:a1:19:5c:69:0c|0|3|0|0|0|0
ca:a8:3a:79:e9:72|0|3|0|0|0|0
ac:d1:b8:8d:4b:a1|0|1|0|0|0|0
da:a1:19:85:85:85|0|6|0|0|0|0
f4:f5:d8:8d:f2:58|3|1|0|0|0|0
54:60:09:e2:ee:aa|0|1|0|0|0|0
b8:81:98:41:b1:49|0|1|0|0|0|0
62:e8:50:36:b3:f3|2|0|0|0|0|0
da:a1:19:f8:ae:43|1|0|0|0|0|0
34:c0:59:00:a0:8f|2|0|0|0|0|0
62:1b:a8:55:e6:5c|0|1|0|0|0|0
d6:85:87:5b:be:92|0|6|0|0|0|0
d2:d2:0f:ee:cb:51|0|3|0|0|0|0
36:c4:ad:60:67:84|1|0|0|0|0|0
