29
b4:e6:2d:f6:b6:a5
d8:b6:b7:7a:3a:61|1081|0|20|44|2518|2650
ff:ff:ff:ff:ff:ff|0|3273|0|260|0|53840
68:02:b8:1e:7f:1f|1231|0|292|0|58796|0
6a:02:98:1e:7f:1f|1229|0|0|0|0|0
bc:54:51:02:a4:f0|0|0|35|2|2426|52
b4:e6:2d:f6:b6:a5|0|2|0|3|0|390
84:16:f9:07:68:71|0|21|0|0|0|0
a4:3e:a0:a4:2a:46|0|134|0|0|0|0
c8:66:5d:1f:4f:54|0|31|0|0|0|0
e6:35:23:4e:ab:99|0|0|8|2|200|52
00:1c:bf:52:98:29|0|13|0|0|0|0
cc:88:26:36:b9:a7|23|33|0|0|0|0
0e:26:0a:2f:38:6b|0|0|1|2|24|52
26:17:dc:59:74:f7|0|0|0|2|0|52
0c:54:15:5d:f1:f6|0|7|0|0|0|0
01:00:5e:7f:ff:fa|0|0|0|8|0|1786
33:33:00:00:00:16|0|0|0|7|0|876
01:00:5e:00:00:16|0|0|0|7|0|654
01:00:5e:00:00:fb|0|0|0|7|0|1299
33:33:00:00:00:fb|0|0|0|7|0|1439
33:33:00:01:00:03|0|0|0|1|0|129
01:00:5e:00:00:fc|0|0|0|1|0|109
64:b3:10:aa:e3:3c|0|19|0|0|0|0
cc:4b:73:b0:02:dc|0|6|0|0|0|0
ea:c4:57:0d:c3:07|0|7|0|0|0|0
33:33:00:00:00:01|0|0|0|3|0|584
f0:72:ea:da:42:c6|0|7|0|0|0|0
a6:cb:0f:a4:a4:23|0|7|0|0|0|0
d8:8c:79:90:f4:9b|0|4|0|0|0|0
