36
b4:e6:2d:f6:c8:79
90:9a:4a:80:85:9e|1043|1|6|6|570|144
ff:ff:ff:ff:ff:ff|0|2809|0|14|0|2403
90:9a:4a:80:71:9a|1231|6|12|25|1280|2382
20:aa:4b:5b:e6:4b|641|0|14|0|2403|0
c0:06:c3:8f:c0:7b|5|10|13|5|1443|511
f4:f5:d8:8d:f2:58|4|6|0|0|0|0
c0:06:c3:8f:c7:99|0|0|9|3|861|315
28:6d:cd:09:2a:ea|1|2|3|0|78|0
5c:5f:67:4a:d7:b0|1|10|0|0|0|0
f0:ef:86:21:66:5f|0|9|0|0|0|0
e2:42:1d:b7:29:fe|4|11|0|0|0|0
cc:f4:11:a1:a0:2c|1|0|0|0|0|0
ba:92:3e:fe:ff:fd|0|14|0|0|0|0
9e:ab:89:2d:82:91|1|27|6|5|144|486
44:07:0b:70:9e:93|6|0|0|0|0|0
3c:8d:20:4f:d8:e9|2|0|0|0|0|0
f0:ef:86:05:a3:fa|0|10|0|0|0|0
b8:27:eb:81:9a:d6|0|5|0|0|0|0
94:e2:3c:2c:75:7c|0|1|0|0|0|0
fe:a0:18:07:ff:1a|0|3|0|0|0|0
b4:e6:2d:f6:c8:79|0|1|0|4|0|454
44:07:0b:2f:49:8b|15|0|0|0|0|0
f0:ef:86:06:76:35|0|2|0|0|0|0
e4:5f:01:5c:9d:89|0|3|0|0|0|0
68:ff:7b:c5:ca:c9|2|0|0|0|0|0
a0:2c:36:28:1e:19|0|9|0|0|0|0
54:60:09:e2:ee:aa|0|3|0|0|0|0
92:dc:6c:41:9a:5a|0|3|0|0|0|0
34:c0:59:00:a0:8f|1|1|0|0|0|0
7c:2e:bd:f4:94:ee|6|0|0|0|0|0
b6:38:ca:7b:ca:d6|0|1|0|0|0|0
01:00:5e:00:00:01|0|0|0|1|0|84
00:08:07:76:35:b7|0|8|0|0|0|0
12:e8:29:91:3d:5e|1|0|0|0|0|0
b8:27:eb:3b:22:38|0|3|0|0|0|0
2e:53:4f:ba:56:50|1|8|0|0|0|0
