51
b4:e6:2d:f6:c8:79
90:9a:4a:80:85:9e|1111|0|10522|30|9204356|3378
9e:ab:89:2d:82:91|0|0|30|10521|3378|9204272
ff:ff:ff:ff:ff:ff|0|2397|0|1|0|287
90:9a:4a:80:71:9a|1288|4|7|21|688|1611
b4:e6:2d:f6:c8:79|0|2|0|3|0|376
68:ff:7b:c5:ca:c9|125|0|0|0|0|0
26:18:1d:70:ae:c2|3|0|0|0|0|0
54:3a:d6:77:88:6e|1|8|0|0|0|0
20:aa:4b:5b:e6:4b|12|0|1|0|287|0
1c:bf:ce:e3:fb:45|0|2|0|0|0|0
a4:50:46:4c:af:3b|0|0|4|0|312|0
54:60:09:e2:ee:aa|0|1|0|0|0|0
44:07:0b:2f:49:8b|8|0|0|0|0|0
f4:f5:d8:8d:f2:58|0|1|0|0|0|0
00:08:07:76:35:b7|0|3|0|0|0|0
28:6d:cd:09:2a:ea|1|3|3|0|78|0
54:2a:a2:73:c6:e9|0|18|0|0|0|0
9e:c7:32:00:f7:c1|0|3|0|0|0|0
32:ab:6a:30:d9:69|1|0|0|0|0|0
44:07:0b:6c:b6:e3|2|0|0|0|0|0
48:5a:b6:22:0c:7e|0|2|0|0|0|0
c0:06:c3:8f:c7:99|0|0|8|2|702|156
f0:ef:86:21:66:5f|0|3|0|0|0|0
20:1f:3b:3a:bb:3d|1|0|0|0|0|0
f0:ef:86:06:76:35|0|1|0|0|0|0
ec:5c:68:84:b1:4b|2|18|0|0|0|0
50:e0:85:84:55:94|1|5|0|0|0|0
a6:ca:51:15:9f:ee|0|1|0|0|0|0
c0:06:c3:8f:c0:7b|3|9|6|2|519|156
f2:c6:01:46:b6:09|0|6|0|0|0|0
5e:1b:01:ea:00:85|1|6|0|0|0|0
01:00:5e:00:00:01|0|0|0|1|0|84
2a:1a:92:33:97:18|0|1|0|0|0|0
44:07:0b:70:9e:93|1|0|0|0|0|0
86:7d:47:2f:8a:34|0|2|0|0|0|0
ac:d6:18:05:2a:70|3|15|0|0|0|0
7e:74:28:91:23:19|0|4|0|0|0|0
3a:19:b8:ae:27:9c|0|3|0|0|0|0
7c:b2:7d:d3:ca:b1|0|3|0|0|0|0
90:0c:c8:ff:c0:3c|1|9|0|0|0|0
3c:8d:20:4f:d8:e9|1|0|0|0|0|0
f6:f8:30:8e:30:89|0|3|0|0|0|0
8e:42:3c:06:9c:81|0|5|0|0|0|0
74:df:bf:45:ac:65|0|1|0|0|0|0
f6:c9:e6:96:78:e8|0|1|0|0|0|0
46:ed:0d:96:c4:38|0|9|0|0|0|0
6e:e4:40:b6:0f:20|0|4|0|0|0|0
62:8c:84:b6:f8:82|0|4|0|0|0|0
