39
b4:e6:2d:f6:c8:79
90:9a:4a:80:71:9a|1217|8|52|72|6453|10988
ff:ff:ff:ff:ff:ff|0|2696|0|33|0|5703
90:9a:4a:80:85:9e|838|0|0|0|0|0
20:aa:4b:5b:e6:4b|570|0|39|76|6527|2080
e4:5f:01:5c:9d:89|0|2|0|0|0|0
28:6d:cd:09:2a:ea|0|0|38|31|7926|4168
b4:e6:2d:f6:c8:79|0|2|0|4|0|454
e6:1d:78:73:e4:e3|0|0|76|0|2080|0
84:4b:f5:19:a0:99|0|1|0|0|0|0
be:a3:d2:b6:c5:3f|0|11|0|0|0|0
68:ff:7b:c5:ca:c9|148|0|0|0|0|0
a4:50:46:4c:af:3b|6|9|18|8|1579|899
c0:06:c3:8f:c0:7b|4|8|10|7|1084|776
f0:ef:86:06:76:35|0|4|0|0|0|0
01:00:5e:00:00:fa|0|0|0|1|0|114
f2:b2:80:0a:ea:79|7|0|0|0|0|0
c0:06:c3:8f:c7:99|0|0|6|2|399|156
06:b8:ce:ca:c6:57|0|1|0|0|0|0
44:07:0b:70:9e:93|3|0|0|0|0|0
82:c4:62:5a:53:de|0|2|0|0|0|0
44:07:0b:2f:49:8b|7|0|0|0|0|0
08:9e:08:49:f2:bd|0|3|0|0|0|0
08:9e:08:bc:6c:2b|0|4|0|0|0|0
