38
b4:e6:2d:f6:b6:a5
68:02:b8:1e:7f:1f|1229|0|181|0|18562|0
ff:ff:ff:ff:ff:ff|0|3520|0|130|0|12188
6a:02:98:1e:7f:1f|1229|0|0|0|0|0
d8:b6:b7:7a:3a:61|1345|0|34|165|8121|4357
bc:54:51:02:a4:f0|0|0|106|2|2711|3084
b4:e6:2d:f6:b6:a5|0|1|0|3|0|390
01:00:5e:00:00:01|0|0|0|1|0|88
64:b3:10:aa:e3:3c|0|12|0|0|0|0
33:33:ff:85:67:e7|0|0|0|45|0|5400
a4:3e:a0:a4:2a:46|0|102|0|0|0|0
70:ee:50:73:4e:36|0|0|11|0|282|0
b0:95:75:4b:b9:26|0|0|0|11|0|282
26:17:dc:59:74:f7|0|0|28|2|738|52
4e:9b:05:55:9f:ce|2|20|0|0|0|0
e6:35:23:4e:ab:99|0|0|28|0|836|0
16:71:3b:cf:a3:a7|0|13|0|0|0|0
6a:7a:d7:e1:60:8d|1|7|0|0|0|0
01:00:5e:7f:ff:fa|0|0|0|10|0|2065
01:00:5e:00:00:16|0|0|0|5|0|476
01:00:5e:00:00:fb|0|0|0|9|0|1593
b6:40:b1:5b:e7:2f|0|12|0|0|0|0
62:37:55:0e:f9:32|2|6|0|0|0|0
0e:26:0a:2f:38:6b|0|0|3|2|72|52
f0:72:ea:da:42:c6|0|7|0|0|0|0
33:33:00:00:00:01|0|0|0|3|0|584
00:0c:e7:53:e6:6a|0|7|0|0|0|0
ee:bd:37:09:1c:8a|0|13|0|0|0|0
c8:66:5d:1f:4f:54|0|6|0|0|0|0
84:16:f9:07:68:71|0|21|0|0|0|0
6e:24:8b:29:16:68|0|13|0|0|0|0
c6:e8:b3:cf:1a:10|0|7|0|0|0|0
00:1c:bf:52:98:29|0|13|0|0|0|0
b6:30:b9:1c:e0:5d|0|6|0|0|0|0
8e:55:e3:1a:13:16|0|4|0|0|0|0
33:33:00:00:00:fb|0|0|0|3|0|711
ea:93:50:48:e9:df|0|7|0|0|0|0
b6:59:ea:ef:27:65|0|7|0|0|0|0
c0:ee:fb:43:db:fb|0|4|0|0|0|0
