33
b4:e6:2d:f6:b6:a5
6a:02:98:1e:7f:1f|1292|0|0|0|0|0
ff:ff:ff:ff:ff:ff|0|3406|0|279|0|55809
bc:54:51:02:a4:f0|0|0|53|0|1600|0
d8:b6:b7:7a:3a:61|1198|0|22|72|2636|2064
01:00:5e:00:00:16|0|0|0|4|0|376
68:02:b8:1e:7f:1f|1291|0|303|0|59434|0
01:00:5e:00:00:fb|0|0|0|12|0|1961
01:00:5e:7f:ff:fa|0|0|0|3|0|603
b4:e6:2d:f6:b6:a5|0|1|0|6|0|746
62:f2:29:b1:91:8c|0|7|0|0|0|0
26:17:dc:59:74:f7|0|0|11|2|264|52
33:33:00:00:00:fb|0|0|0|7|0|1383
a4:3e:a0:a4:2a:46|0|82|0|0|0|0
e6:35:23:4e:ab:99|0|0|8|3|200|78
0e:26:0a:2f:38:6b|0|0|0|2|0|52
70:ee:50:73:4e:36|0|0|32|0|832|0
b0:95:75:4b:b9:26|0|0|0|32|0|832
f8:77:b8:53:10:e8|12|135|0|0|0|0
33:33:00:00:00:01|0|0|0|3|0|584
64:b3:10:aa:e3:3c|0|25|0|0|0|0
a0:cb:fd:f1:d7:be|0|20|0|0|0|0
80:58:f8:93:88:29|16|52|0|0|0|0
a4:97:33:5c:97:51|0|7|0|0|0|0
f0:72:ea:da:42:c6|0|9|0|0|0|0
80:be:05:5f:13:d9|0|12|0|0|0|0
f6:3d:72:aa:56:fa|0|7|0|0|0|0
26:6f:1d:c2:e2:46|0|7|0|0|0|0
f0:5c:77:1a:f1:64|0|7|0|0|0|0
33:33:00:00:00:16|0|0|0|2|0|248
01:00:5e:00:00:02|0|0|0|1|0|90
01:00:5e:00:00:01|0|0|0|1|0|88
8e:ce:84:5f:9c:42|0|25|0|0|0|0
a6:18:d9:40:05:a0|0|7|0|0|0|0
