33
b4:e6:2d:f6:b6:a5
68:02:b8:1e:7f:1f|1281|0|295|0|57843|0
ff:ff:ff:ff:ff:ff|0|2401|0|285|0|56094
6a:02:98:1e:7f:1f|1280|0|0|0|0|0
01:00:5e:00:00:fb|0|0|0|1|0|215
33:33:00:00:00:fb|0|0|0|1|0|235
b4:e6:2d:f6:b6:a5|0|2|0|5|0|577
70:ee:50:73:4e:36|0|0|63|0|1632|0
b0:95:75:4b:b9:26|0|0|0|63|0|1632
44:fe:3b:06:5c:71|61|0|1|0|94|0
f0:5c:77:1a:f1:64|0|6|0|0|0|0
d0:c6:37:81:ea:b1|0|53|0|0|0|0
00:1c:bf:52:98:29|0|2|0|0|0|0
10:1c:0c:1a:10:10|3|19|0|0|0|0
2c:db:07:46:b4:19|0|5|0|0|0|0
33:33:00:00:00:01|0|0|0|4|0|816
a4:3e:a0:a4:2a:46|0|95|0|0|0|0
72:fe:3b:06:5c:73|12|0|0|0|0|0
54:cd:10:55:ae:96|0|12|0|0|0|0
46:28:17:40:06:5d|0|6|0|0|0|0
e6:cd:ae:13:ea:f6|0|4|0|0|0|0
9c:5d:12:d7:43:d4|0|12|0|0|0|0
d6:4b:b8:d3:1e:41|1|0|0|0|0|0
2e:9d:5b:47:6e:5a|2|0|0|0|0|0
96:da:fb:4c:82:b4|2|0|0|0|0|0
2e:ba:3c:8e:5e:dc|1|0|0|0|0|0
16:b5:56:3c:3d:59|1|0|0|0|0|0
32:c9:7f:92:1a:05|1|0|0|0|0|0
72:6a:3e:3b:ac:ac|2|0|0|0|0|0
02:38:a1:7f:f5:23|2|0|0|0|0|0
2e:12:4c:1d:27:99|3|0|0|0|0|0
f0:72:ea:da:42:c6|0|6|0|0|0|0
26:94:9b:c4:cd:39|3|30|0|0|0|0
64:b3:10:aa:e3:3c|0|2|0|0|0|0
