32
b4:e6:2d:f6:b6:a5
d8:b6:b7:7a:3a:61|652|0|7|30|182|728
ff:ff:ff:ff:ff:ff|0|2924|0|7|0|532
68:02:b8:1e:7f:1f|1236|0|29|0|3920|0
6a:02:98:1e:7f:1f|1235|0|0|0|0|0
b4:e6:2d:f6:b6:a5|0|1|0|3|0|390
70:2e:22:8d:72:74|82|0|1|0|501|0
5c:f8:21:84:a4:31|0|8|0|0|0|0
80:58:f8:93:88:29|0|0|0|5|0|530
da:a1:19:a6:d7:cb|0|26|0|0|0|0
e6:35:23:4e:ab:99|0|0|8|2|200|52
c8:66:5d:1f:4f:54|0|6|0|0|0|0
1a:87:40:82:03:a1|1|13|0|0|0|0
f0:72:ea:da:42:c6|0|6|0|0|0|0
bc:54:51:02:a4:f0|0|0|4|2|96|52
a4:3e:a0:a4:2a:46|0|167|0|0|0|0
0e:26:0a:2f:38:6b|0|0|18|1|432|26
26:17:dc:59:74:f7|0|0|0|2|0|52
78:9f:70:2b:86:c6|0|7|0|0|0|0
4c:fc:aa:04:03:83|0|10|0|0|0|0
d8:8c:79:90:f4:9b|0|1|0|0|0|0
00:0c:e7:64:9d:18|0|7|0|0|0|0
33:33:00:00:00:01|0|0|0|3|0|584
33:33:00:00:00:02|0|0|0|1|0|96
33:33:ff:1e:b6:60|0|0|0|1|0|112
e6:91:69:21:d8:3b|0|3|0|0|0|0
0c:cb:85:ec:ad:59|0|5|0|0|0|0
01:00:5e:00:00:fb|0|0|0|4|0|752
33:33:00:00:00:fb|0|0|0|4|0|832
2c:0e:3d:ac:4c:05|0|0|0|1|0|92
64:b3:10:aa:e3:3c|0|15|0|0|0|0
01:00:5e:7f:ff:fa|0|0|0|1|0|501
0c:cb:85:69:49:28|0|7|0|0|0|0
