59
b4:e6:2d:f6:c8:79
90:9a:4a:80:85:9e|1189|1|184|32|81931|768
ff:ff:ff:ff:ff:ff|0|3573|0|63|0|11704
20:aa:4b:5b:e6:4b|934|0|67|0|12128|0
90:9a:4a:80:71:9a|1228|5|8|24|766|2094
68:ff:7b:c5:ca:c9|354|0|0|0|0|0
4a:00:bf:ed:fe:10|0|1|0|0|0|0
9e:ab:89:2d:82:91|1|4|32|183|768|81847
e2:42:1d:b7:29:fe|1|7|0|0|0|0
e4:5f:01:5c:9d:89|0|6|0|0|0|0
be:7f:82:cf:4c:1e|3|18|0|0|0|0
66:35:6d:0d:94:61|0|2|0|0|0|0
cc:f4:11:a1:a0:2c|4|0|0|0|0|0
28:6d:cd:09:2a:ea|1|2|3|0|78|0
01:00:5e:00:00:fa|0|0|0|2|0|228
66:95:17:60:87:84|0|3|0|0|0|0
f6:d1:17:d9:42:26|2|5|0|0|0|0
44:07:0b:2f:49:8b|15|0|0|0|0|0
33:33:00:00:00:01|0|0|0|1|0|120
c0:06:c3:8f:c7:99|0|0|7|2|624|156
52:ec:97:52:49:3a|2|2|0|0|0|0
32:d7:04:a3:24:2b|0|3|0|0|0|0
f0:ef:86:06:76:35|0|4|0|0|0|0
a6:23:9c:e5:b4:cb|5|29|0|0|0|0
22:b8:8c:79:39:39|2|1|0|0|0|0
14:c1:4e:86:4a:b6|0|1|0|0|0|0
44:07:0b:70:9e:93|3|0|0|0|0|0
46:66:1f:66:ee:8e|0|0|4|0|96|0
f4:cf:e2:ea:1e:e2|0|0|0|4|0|96
b4:e6:2d:f6:c8:79|0|2|0|4|0|454
c0:06:c3:8f:c0:7b|4|8|10|2|1084|156
01:00:5e:00:00:01|0|0|0|2|0|160
a2:e0:6c:67:3c:21|0|12|0|0|0|0
6a:40:a5:fd:97:f7|0|1|0|0|0|0
da:c7:14:94:b5:d2|0|2|0|0|0|0
f4:f5:d8:8d:f2:58|3|6|0|0|0|0
e0:dc:ff:db:25:97|0|2|0|0|0|0
f0:f6:c1:d5:cb:42|0|13|0|0|0|0
c0:3c:59:93:37:44|2|0|0|0|0|0
34:c0:59:00:a0:8f|3|2|0|0|0|0
00:08:10:80:dc:7a|0|2|0|0|0|0
62:29:93:e2:0e:f3|5|1|26|0|624|0
a4:50:46:4c:af:3b|0|0|4|0|308|0
b8:27:eb:81:9a:d6|0|1|0|0|0|0
da:a1:19:8d:8d:8d|0|3|0|0|0|0
da:a1:19:16:16:16|0|6|0|0|0|0
08:cc:68:53:a7:40|0|0|0|26|0|624
84:cf:bf:92:99:ab|0|2|0|0|0|0
