37
b4:e6:2d:f6:c8:79
90:9a:4a:80:71:9a|1205|2|69|59|8828|8670
ff:ff:ff:ff:ff:ff|0|2257|0|7|0|1284
90:9a:4a:80:85:9e|945|0|5|5|396|120
b4:e6:2d:f6:c8:79|0|1|0|15|0|1809
28:6d:cd:09:2a:ea|0|0|32|16|7063|1986
68:ff:7b:c5:ca:c9|108|0|0|0|0|0
50:d4:f7:dc:1f:d0|1|0|0|0|0|0
9e:ab:89:2d:82:91|0|0|5|4|120|312
44:07:0b:2f:49:8b|9|0|0|0|0|0
02:69:62:3f:ce:20|0|2|0|0|0|0
a4:50:46:4c:af:3b|0|0|16|14|833|2039
c0:06:c3:8f:c7:99|0|0|8|14|702|1734
20:1f:3b:3a:bb:3d|6|0|0|0|0|0
a0:2c:36:28:1e:19|0|18|0|0|0|0
01:00:5e:00:00:01|0|0|0|1|0|84
20:aa:4b:5b:e6:4b|66|0|7|0|1284|0
f0:ef:86:06:76:35|0|9|0|0|0|0
f0:ef:86:05:a3:fa|0|20|0|0|0|0
12:e8:29:e4:16:89|1|0|0|0|0|0
54:60:09:e2:ee:aa|0|6|0|0|0|0
c0:06:c3:8f:c0:7b|2|4|3|10|72|1260
b8:27:eb:81:9a:d6|0|8|0|0|0|0
6e:4b:5a:0d:81:ad|2|3|0|0|0|0
f4:f5:d8:8d:f2:58|0|10|0|0|0|0
e4:5f:01:5c:9d:89|0|5|0|0|0|0
f4:f5:d8:84:58:92|0|1|0|0|0|0
b8:27:eb:3b:22:38|0|5|0|0|0|0
44:07:0b:70:9e:93|2|0|0|0|0|0
0a:49:8a:80:f2:2d|0|2|0|0|0|0
ea:40:c2:93:27:ad|0|2|0|0|0|0
00:08:07:76:35:b7|0|2|0|0|0|0
34:c0:59:00:a0:8f|0|1|0|0|0|0
44:07:0b:89:e4:ab|8|0|0|0|0|0
b4:75:0e:da:6c:72|1|0|0|0|0|0
b4:75:0e:da:6c:73|2|0|0|0|0|0
14:c1:4e:07:26:d2|1|0|0|0|0|0
08:9e:08:bc:6c:2b|0|1|0|0|0|0
