31
b4:e6:2d:f6:b6:a5
68:02:b8:1e:7f:1f|1334|0|395|23|97265|650
ff:ff:ff:ff:ff:ff|0|2357|0|283|0|56962
6a:02:98:1e:7f:1f|1332|0|0|0|0|0
b4:e6:2d:f6:b6:a5|0|1|0|6|0|749
01:00:5e:7f:ff:fa|0|0|0|70|0|34408
1a:f8:02:58:dd:a0|2|12|0|0|0|0
a4:3e:a0:a4:2a:46|0|65|0|0|0|0
d2:23:34:26:ef:34|2|12|0|0|0|0
80:1f:02:b4:07:ae|0|0|11|4|286|541
2a:ff:08:14:98:89|1|0|0|0|0|0
8e:ce:84:5f:9c:42|2|36|0|0|0|0
c8:66:5d:1f:4f:54|0|6|0|0|0|0
80:58:f8:93:88:29|0|0|12|6|364|721
33:33:00:00:00:01|0|0|0|3|0|584
33:33:00:00:00:02|0|0|0|1|0|96
33:33:ff:1e:b6:60|0|0|0|1|0|112
02:f3:9a:0c:0b:65|1|18|0|0|0|0
10:1c:0c:1a:10:10|2|0|0|0|0|0
02:00:00:00:00:00|5|36|0|0|0|0
01:00:5e:00:00:fb|0|0|0|4|0|752
33:33:00:00:00:fb|0|0|0|4|0|832
33:33:00:00:00:16|0|0|0|2|0|248
01:00:5e:00:00:16|0|0|0|2|0|180
0a:35:72:03:54:40|0|18|0|0|0|0
ee:4c:46:d5:c7:24|0|12|0|0|0|0
33:33:ff:39:42:6e|0|0|0|9|0|1080
64:b3:10:aa:e3:3c|0|6|0|0|0|0
ee:09:98:69:c5:96|0|6|0|0|0|0
2c:33:7a:7f:1d:55|0|72|0|0|0|0
1a:87:40:51:ae:3e|0|18|0|0|0|0
12:8f:21:f4:7d:69|0|6|0|0|0|0
