42
b4:e6:2d:f6:c8:79
90:9a:4a:80:85:9e|592|0|0|0|0|0
ff:ff:ff:ff:ff:ff|0|2593|0|35|0|5938
90:9a:4a:80:71:9a|1236|6|18|36|1967|5689
20:aa:4b:5b:e6:4b|631|0|38|0|6286|0
68:ff:7b:c5:ca:c9|286|0|0|0|0|0
b4:e6:2d:f6:c8:79|0|4|0|5|0|549
28:6d:cd:09:2a:ea|0|0|16|2|3840|237
f0:ef:86:06:76:35|0|12|0|0|0|0
a8:6d:aa:73:88:1d|0|19|0|0|0|0
4c:66:41:95:c1:aa|5|9|0|0|0|0
54:2a:a2:73:c6:e9|5|72|0|0|0|0
a4:50:46:4c:af:3b|0|0|5|0|390|0
f2:b2:80:0a:ea:79|1|4|0|0|0|0
da:a1:19:e3:e3:e3|0|3|0|0|0|0
c0:06:c3:8f:c0:7b|4|8|10|9|1084|944
18:e8:29:91:3d:5e|2|0|0|0|0|0
01:00:5e:00:00:fa|0|0|0|2|0|228
94:65:2d:d6:9c:46|0|2|0|0|0|0
7e:21:a7:49:2d:a1|0|5|0|0|0|0
da:a1:19:10:b4:17|0|2|0|0|0|0
44:07:0b:2f:49:8b|10|0|0|0|0|0
44:07:0b:60:bf:75|3|0|0|0|0|0
c0:06:c3:8f:c7:99|2|4|5|2|375|237
33:33:00:00:00:01|0|0|0|1|0|120
f0:f6:c1:d5:cb:42|0|2|0|0|0|0
da:a1:19:ac:77:80|0|3|0|0|0|0
7c:2e:bd:f4:94:ee|7|0|0|0|0|0
44:07:0b:70:9e:93|2|0|0|0|0|0
50:d4:f7:dc:1f:d0|0|0|1|0|120|0
01:00:5e:00:00:fb|0|0|0|1|0|120
08:9e:08:bc:6c:2b|0|2|0|0|0|0
9e:e0:c7:4c:63:99|0|5|0|0|0|0
ac:67:84:52:fe:0b|3|0|0|0|0|0
a2:e0:6c:67:3c:21|0|3|0|0|0|0
3c:8d:20:4f:d8:e9|1|0|0|0|0|0
24:77:03:d4:12:38|0|7|0|0|0|0
00:08:07:76:35:b7|0|1|0|0|0|0
50:eb:71:d0:6d:35|0|4|0|0|0|0
74:df:bf:45:ac:65|0|3|0|0|0|0
f4:f5:d8:8d:f2:58|0|8|0|0|0|0
f4:f5:d8:9a:2d:b2|1|0|0|0|0|0
92:c0:4f:eb:94:49|0|10|0|0|0|0
