40
b4:e6:2d:f6:b6:a5
68:02:b8:1e:7f:1f|1346|0|376|0|90128|0
01:00:5e:7f:ff:fa|0|0|0|57|0|29238
6a:02:98:1e:7f:1f|1345|0|0|0|0|0
ff:ff:ff:ff:ff:ff|0|3512|0|317|0|60813
d8:b6:b7:7a:3a:61|1557|2|28|50|3911|1592
b4:e6:2d:f6:b6:a5|0|2|0|3|0|390
bc:54:51:02:a4:f0|0|0|28|2|892|52
70:ee:50:73:4e:36|0|0|51|0|1310|0
b0:95:75:4b:b9:26|0|0|0|51|0|1310
c0:ee:fb:43:db:fb|0|18|0|0|0|0
a4:3e:a0:a4:2a:46|0|121|0|0|0|0
0e:26:0a:2f:38:6b|2|2|10|2|240|52
54:2a:a2:48:a3:f0|0|112|0|0|0|0
f8:77:b8:53:10:e8|12|147|0|0|0|0
4e:9b:05:55:9f:ce|0|76|0|0|0|0
e6:35:23:4e:ab:99|0|0|12|2|460|52
ba:9f:31:f7:09:ae|0|8|0|0|0|0
64:b3:10:aa:e3:3c|0|14|0|0|0|0
1c:cc:d6:f7:de:a0|0|19|0|0|0|0
01:00:5e:00:00:01|0|0|0|1|0|88
01:00:5e:00:00:16|0|0|0|3|0|276
01:00:5e:00:00:fb|0|0|0|6|0|1162
33:33:00:00:00:fb|0|0|0|6|0|1282
fe:e9:00:12:03:37|1|0|0|0|0|0
9c:5d:12:d7:43:d4|0|12|0|0|0|0
33:33:00:00:00:16|0|0|0|2|0|256
16:6d:b5:86:e1:87|0|2|0|0|0|0
c8:66:5d:1f:4f:54|0|12|0|0|0|0
26:17:dc:59:74:f7|0|0|0|1|0|26
1a:87:40:8f:60:5f|0|16|0|0|0|0
1e:fc:32:bd:5c:f7|0|3|0|0|0|0
da:a1:19:cd:93:9e|0|15|0|0|0|0
a0:cb:fd:f1:d7:be|0|38|0|0|0|0
20:79:18:e7:01:8a|0|33|0|0|0|0
ec:2e:98:f0:f5:27|0|36|0|0|0|0
80:30:49:55:d3:2f|0|43|0|0|0|0
42:52:fc:27:dd:38|0|6|0|0|0|0
40:5b:d8:0a:2b:bb|0|7|0|0|0|0
33:33:00:00:00:01|0|0|0|2|0|352
f0:72:ea:da:42:c6|0|7|0|0|0|0
