44
b4:e6:2d:f6:c8:79
90:9a:4a:80:71:9a|1269|10|42|82|6458|12813
ff:ff:ff:ff:ff:ff|0|2759|0|24|0|3606
90:9a:4a:80:85:9e|1131|1|162|16|121480|384
20:aa:4b:5b:e6:4b|494|0|24|0|3606|0
b4:e6:2d:f6:c8:79|0|2|0|5|0|626
28:6d:cd:09:2a:ea|0|0|31|4|6892|474
9e:ab:89:2d:82:91|1|20|16|161|384|121396
c0:06:c3:8f:c0:7b|6|13|13|15|1443|1569
46:3b:78:62:ec:7e|0|6|23|0|552|0
c4:12:f5:d1:17:6c|0|0|0|23|0|552
54:2a:a2:73:c6:e9|9|42|0|0|0|0
44:07:0b:2f:49:8b|8|0|3|0|294|0
c0:06:c3:8f:c7:99|0|0|6|2|399|237
48:5a:b6:22:0c:7e|2|11|0|0|0|0
68:ff:7b:c5:ca:c9|13|0|0|0|0|0
a4:50:46:4c:af:3b|4|5|32|16|4079|3552
08:9e:08:49:f2:bd|0|5|0|0|0|0
f0:ef:86:06:76:35|0|4|0|0|0|0
0e:de:32:3c:be:fc|0|1|0|0|0|0
a4:6b:b6:08:4d:37|1|3|0|0|0|0
5c:f9:38:8c:66:e2|0|1|0|0|0|0
02:d7:a8:55:54:82|0|3|0|0|0|0
