24
b4:e6:2d:f6:b6:a5
68:02:b8:1e:7f:1f|1223|0|37|0|4721|0
ff:ff:ff:ff:ff:ff|0|3510|0|7|0|532
6a:02:98:1e:7f:1f|1222|0|0|0|0|0
d8:b6:b7:7a:3a:61|1250|0|9|56|296|1572
b4:e6:2d:f6:b6:a5|0|1|0|5|0|577
01:00:5e:00:00:fb|0|0|0|9|0|1216
33:33:00:00:00:fb|0|0|0|7|0|1176
33:33:00:00:00:16|0|0|0|2|0|248
01:00:5e:00:00:02|0|0|0|2|0|180
a4:3e:a0:a4:2a:46|0|107|0|0|0|0
e6:35:23:4e:ab:99|0|0|8|2|200|52
64:b3:10:aa:e3:3c|0|20|0|0|0|0
bc:54:51:02:a4:f0|0|0|24|2|796|52
01:00:5e:00:00:01|0|0|0|1|0|88
26:17:dc:59:74:f7|0|0|18|2|432|52
9c:5d:12:d7:43:d4|0|5|0|0|0|0
1a:87:40:43:c4:22|0|6|0|0|0|0
0e:26:0a:2f:38:6b|0|0|6|2|144|52
33:33:00:00:00:01|0|0|0|3|0|584
33:33:00:00:00:02|0|0|0|1|0|96
33:33:ff:1e:b6:60|0|0|0|1|0|112
c8:66:5d:1f:4f:54|0|25|0|0|0|0
22:f9:07:d1:8c:04|0|7|0|0|0|0
f0:72:ea:da:42:c6|0|14|0|0|0|0
