15
b4:e6:2d:f6:b6:a5
68:02:b8:1e:7f:1f|1242|0|11|0|1546|0
ff:ff:ff:ff:ff:ff|0|2347|0|0|0|0
6a:02:98:1e:7f:1f|1241|0|0|0|0|0
1a:c8:8d:42:1a:83|0|6|0|0|0|0
b4:e6:2d:f6:b6:a5|0|1|0|4|0|482
8e:ce:84:5f:9c:42|2|18|0|0|0|0
a4:3e:a0:a4:2a:46|0|66|0|0|0|0
64:b3:10:aa:e3:3c|1|12|0|0|0|0
10:1c:0c:1a:10:10|0|24|0|0|0|0
c8:66:5d:1f:4f:54|0|6|0|0|0|0
33:33:00:00:00:01|0|0|0|3|0|584
8c:c5:b4:3b:6e:56|0|6|0|0|0|0
70:ee:50:73:4e:36|0|0|1|0|26|0
44:fe:3b:a8:69:27|0|0|0|1|0|26
33:33:ff:68:73:01|0|0|0|4|0|480
