44
b4:e6:2d:f6:c8:79
90:9a:4a:80:85:9e|1221|6|107|336|33875|8492
ff:ff:ff:ff:ff:ff|0|3099|0|47|0|7619
90:9a:4a:80:71:9a|1281|7|22|36|2974|6248
04:6c:59:1b:72:04|6|12|214|3|5564|234
20:aa:4b:5b:e6:4b|575|0|39|27|6873|648
01:00:5e:00:00:fb|0|0|0|4|0|607
54:2a:a2:73:c6:e9|3|67|0|0|0|0
28:6d:cd:09:2a:ea|0|0|23|2|5064|156
9e:ab:89:2d:82:91|0|22|122|13|2928|1222
cc:50:e3:f0:6b:20|0|0|27|0|648|0
b4:e6:2d:f6:c8:79|0|2|0|8|0|1006
94:9f:3e:84:df:5a|0|6|0|0|0|0
3c:8d:20:4f:d8:e9|4|0|0|0|0|0
f4:f5:d8:84:58:92|0|1|0|0|0|0
68:ff:7b:c5:ca:c9|144|0|0|0|0|0
00:08:07:76:35:b7|0|1|0|0|0|0
44:07:0b:70:9e:93|37|7|0|0|0|0
c0:06:c3:8f:c0:7b|2|4|5|1|482|626
01:00:5e:7f:ff:fa|0|0|0|80|0|31261
b8:27:eb:81:9a:d6|0|3|0|0|0|0
c0:06:c3:8f:c7:99|5|10|8|4|702|441
48:5a:b6:22:0c:7e|0|7|0|0|0|0
