60
b4:e6:2d:f6:c8:79
90:9a:4a:80:85:9e|988|93|41|103|9505|2476
ff:ff:ff:ff:ff:ff|0|2761|0|36|0|5985
90:9a:4a:80:71:9a|1213|10|14|417|1351|367636
20:aa:4b:5b:e6:4b|601|0|39|0|6818|0
28:6d:cd:09:2a:ea|0|0|33|3|7404|315
0e:fd:79:2f:1d:6c|0|11|0|0|0|0
04:6c:59:1b:72:04|83|141|4|6|916|1176
68:ff:7b:c5:ca:c9|272|0|0|0|0|0
01:00:5e:7f:ff:fa|0|0|0|19|0|6598
ce:c5:e8:db:f2:2f|0|1|0|0|0|0
84:4b:f5:19:a0:99|0|2|0|0|0|0
fa:bf:d7:4c:ca:9a|0|6|0|0|0|0
08:9e:08:bc:6c:2b|0|1|0|0|0|0
a4:50:46:4c:af:3b|6|12|368|3|358749|258
c0:06:c3:8f:c7:99|0|0|6|1|399|78
c6:db:88:bf:73:db|0|1|0|0|0|0
7e:97:51:15:88:2b|0|12|0|0|0|0
c0:06:c3:8f:c0:7b|4|8|10|3|1084|246
9e:ab:89:2d:82:91|10|33|101|4|2424|713
01:00:5e:00:00:01|0|0|0|2|0|160
20:1f:3b:3a:bb:3d|2|0|0|0|0|0
01:00:5e:00:00:fb|0|0|0|9|0|1769
52:f9:97:b2:97:b5|0|6|0|0|0|0
da:a1:19:0f:d1:37|0|2|0|0|0|0
30:07:4d:83:4d:ce|0|16|0|0|0|0
b4:e6:2d:f6:c8:79|0|1|0|4|0|454
3e:bc:a6:a5:7e:55|0|3|0|0|0|0
f2:9e:75:f6:f8:91|0|8|0|0|0|0
44:07:0b:2f:49:8b|16|0|0|0|0|0
e4:5f:01:5c:9d:89|0|2|0|0|0|0
74:e5:f9:00:9d:f3|0|3|0|0|0|0
e6:1d:78:73:e4:e3|0|0|0|1|0|286
3c:8d:20:4f:d8:e9|2|0|0|0|0|0
44:07:0b:6c:b6:e3|7|0|0|0|0|0
01:00:5e:00:00:fa|0|0|0|2|0|228
20:df:b9:ac:28:3b|4|0|0|0|0|0
9a:21:4e:f7:14:56|0|2|0|0|0|0
12:e8:29:e4:16:89|1|0|0|0|0|0
44:07:0b:70:9e:93|6|0|0|0|0|0
20:f4:78:24:ce:e8|1|3|0|0|0|0
06:d0:7d:d5:7f:ec|0|2|0|0|0|0
54:60:09:e2:ee:aa|0|6|0|0|0|0
f4:f5:d8:8d:f2:58|2|3|0|0|0|0
ca:67:fd:aa:ac:9e|0|4|0|0|0|0
12:76:33:f2:7a:ff|0|1|0|0|0|0
32:16:1d:50:85:10|0|1|0|0|0|0
0c:a8:a7:32:f4:ee|0|1|0|0|0|0
82:ec:b6:fc:51:d9|0|4|0|0|0|0
62:b1:8d:67:a8:44|2|13|0|0|0|0
7e:ba:5d:9a:53:ea|0|1|0|0|0|0
b6:01:3b:7e:2d:dd|1|4|0|0|0|0
d2:37:6f:f9:17:30|2|0|0|0|0|0
52:cf:8f:b5:5d:87|0|13|0|0|0|0
9a:d5:f2:19:65:87|0|3|0|0|0|0
66:f0:22:73:2c:77|0|2|0|0|0|0
96:0e:a7:a1:1d:4b|2|5|0|0|0|0
da:a1:19:15:15:15|2|14|0|0|0|0
d8:47:32:54:de:63|0|11|0|0|0|0
00:08:07:76:35:b7|0|1|0|0|0|0
01:00:5e:00:00:16|0|0|0|3|0|272
