30
b4:e6:2d:f6:b6:a5
68:02:b8:1e:7f:1f|1335|0|353|0|68266|0
ff:ff:ff:ff:ff:ff|0|2351|0|304|0|58199
6a:02:98:1e:7f:1f|1317|0|0|0|0|0
a4:3e:a0:a4:2a:46|0|70|0|0|0|0
44:fe:3b:06:5c:71|24|0|0|0|0|0
b4:e6:2d:f6:b6:a5|0|1|0|5|0|654
10:1c:0c:1a:10:10|3|43|0|0|0|0
54:2a:a2:48:a3:f0|0|103|0|0|0|0
70:ee:50:73:4e:36|0|0|27|0|702|0
b0:95:75:4b:b9:26|0|0|0|27|0|702
dc:41:a9:b1:30:a0|0|18|0|12|0|4193
fa:c9:5c:7e:7a:3b|0|1|0|0|0|0
36:cb:23:a8:ed:57|0|2|0|0|0|0
01:80:c2:00:00:0e|0|0|0|1|0|94
26:94:9b:c4:cd:39|3|41|0|0|0|0
c8:66:5d:1f:4f:54|0|12|0|0|0|0
33:33:00:00:00:16|0|0|0|6|0|764
9c:5d:12:d7:43:d4|0|6|0|0|0|0
2c:db:07:46:b4:19|0|1|0|0|0|0
64:b3:10:aa:e3:3c|0|6|0|0|0|0
3e:3e:eb:41:c5:af|2|13|0|0|0|0
4a:b4:4f:fa:90:6b|0|1|0|0|0|0
01:00:5e:00:00:16|0|0|0|5|0|470
01:00:5e:7f:ff:fa|0|0|0|10|0|2278
01:00:5e:00:00:fb|0|0|0|4|0|648
33:33:00:00:00:fb|0|0|0|4|0|728
33:33:00:01:00:03|0|0|0|1|0|129
01:00:5e:00:00:fc|0|0|0|1|0|109
5a:36:ca:ad:07:78|0|6|0|0|0|0
c8:c7:50:54:2d:82|0|9|0|0|0|0
