33
b4:e6:2d:f6:b6:a5
68:02:b8:1e:7f:1f|1382|0|246|0|49144|0
ff:ff:ff:ff:ff:ff|0|2673|0|181|0|17653
6a:02:98:1e:7f:1f|1380|0|0|0|0|0
cc:88:26:36:b9:a7|62|31|0|0|0|0
d8:b6:b7:7a:3a:61|396|0|9|33|1255|1024
ba:9f:31:f7:09:ae|0|101|0|0|0|0
b4:e6:2d:f6:b6:a5|0|2|0|3|0|390
54:2a:a2:48:a3:f0|0|109|0|0|0|0
01:00:5e:7f:ff:fa|0|0|0|60|0|30806
bc:54:51:02:a4:f0|0|0|20|0|704|0
a4:3e:a0:a4:2a:46|0|75|0|0|0|0
ca:5c:c9:5c:dc:9c|1|6|0|0|0|0
e6:35:23:4e:ab:99|0|0|8|0|200|0
0e:26:0a:2f:38:6b|0|0|1|1|24|26
01:00:5e:00:00:fb|0|0|0|2|0|380
33:33:00:00:00:fb|0|0|0|2|0|420
26:17:dc:59:74:f7|0|0|4|2|96|52
70:ee:50:73:4e:36|0|0|8|0|208|0
b0:95:75:4b:b9:26|0|0|0|8|0|208
3e:c2:74:be:3c:38|0|6|0|0|0|0
c8:66:5d:1f:4f:54|0|24|9|9|279|279
1a:87:40:63:30:a0|0|24|0|0|0|0
9c:5d:12:d7:43:d4|0|12|0|0|0|0
02:c6:0c:55:20:d6|0|7|0|0|0|0
00:0c:e7:48:25:ed|0|24|0|0|0|0
4e:9b:05:55:9f:ce|7|49|0|0|0|0
f8:77:b8:53:10:e8|5|47|0|0|0|0
fe:49:17:65:81:dd|0|11|0|0|0|0
64:b3:10:aa:e3:3c|0|19|0|0|0|0
33:33:00:00:00:01|0|0|0|3|0|584
ec:2e:98:f0:f5:27|0|7|0|0|0|0
f0:5c:77:1a:f1:64|0|6|0|0|0|0
01:00:5e:00:00:01|0|0|0|1|0|88
