27
b4:e6:2d:f6:b6:a5
d8:b6:b7:7a:3a:61|1293|0|8|43|454|1211
ff:ff:ff:ff:ff:ff|0|3518|0|263|0|24996
68:02:b8:1e:7f:1f|1276|0|1209|12|499224|312
6a:02:98:1e:7f:1f|1262|0|0|0|0|0
bc:54:51:02:a4:f0|0|0|18|3|601|262
b4:e6:2d:f6:b6:a5|0|2|0|6|0|669
01:00:5e:7f:ff:fa|0|0|0|115|0|40121
01:00:5e:00:00:fb|0|0|0|25|0|7154
80:1f:02:b4:07:ae|0|0|12|0|312|0
80:58:f8:93:88:29|0|39|0|769|0|417905
33:33:00:00:00:fb|0|0|0|21|0|7073
33:33:00:00:00:16|0|0|0|2|0|248
01:00:5e:00:00:02|0|0|0|1|0|90
e6:35:23:4e:ab:99|0|0|10|2|250|52
a4:3e:a0:a4:2a:46|0|119|0|0|0|0
01:00:5e:00:00:16|0|0|0|2|0|176
64:b3:10:aa:e3:3c|0|13|0|0|0|0
26:17:dc:59:74:f7|0|0|15|2|360|52
84:16:f9:07:68:71|0|14|0|0|0|0
f8:77:b8:53:10:e8|10|116|0|0|0|0
33:33:00:00:00:01|0|0|0|3|0|584
33:33:00:00:00:02|0|0|0|1|0|96
33:33:ff:1e:b6:60|0|0|0|1|0|112
01:00:5e:00:00:01|0|0|0|1|0|88
c8:66:5d:1f:4f:54|0|6|0|0|0|0
80:30:49:55:d3:2f|0|7|0|0|0|0
d0:c6:37:81:ea:b1|0|7|0|0|0|0
