64
b4:e6:2d:f6:c8:79
90:9a:4a:80:85:9e|1161|0|0|0|0|0
ff:ff:ff:ff:ff:ff|0|2306|0|52|0|5347
90:9a:4a:80:71:9a|1306|5|8|27|766|1640
68:ff:7b:c5:ca:c9|10|0|0|0|0|0
4a:ad:42:cb:85:46|0|2|0|0|0|0
d2:6a:13:fa:15:e9|0|6|0|0|0|0
1a:b1:65:46:e7:30|0|3|0|0|0|0
b6:fa:61:ef:bc:29|1|0|0|0|0|0
28:6d:cd:09:2a:ea|1|3|3|0|78|0
20:1f:3b:3a:bb:3d|2|19|0|0|0|0
c0:06:c3:8f:c0:7b|4|8|5|2|228|156
20:aa:4b:5b:e6:4b|28|0|55|0|5681|0
22:a8:5a:72:07:d6|1|10|0|0|0|0
56:48:34:72:5f:0f|0|1|0|0|0|0
da:a1:19:64:7c:f1|0|7|0|0|0|0
54:60:09:e2:ee:aa|0|8|0|0|0|0
f4:f5:d8:8d:f2:58|4|4|0|0|0|0
6e:b6:a0:ec:34:16|0|1|0|0|0|0
a6:e3:52:f6:53:84|1|3|0|0|0|0
a2:e5:ad:18:dd:78|0|1|0|0|0|0
c0:06:c3:8f:c7:99|0|0|8|2|702|156
a4:50:46:4c:af:3b|0|0|11|0|632|0
9c:5a:81:3c:9b:3b|0|19|0|0|0|0
3c:8d:20:4f:d8:e9|1|0|0|0|0|0
7a:80:06:f0:ca:35|0|3|0|0|0|0
e2:ac:d9:03:75:39|0|3|0|0|0|0
00:05:cd:9f:33:12|0|2|0|0|0|0
22:c0:a5:60:13:4f|1|0|0|0|0|0
aa:74:8c:94:8d:b7|0|1|0|0|0|0
1e:7d:a9:21:80:56|0|3|0|0|0|0
b8:27:eb:81:9a:d6|0|2|0|0|0|0
56:9b:26:e0:db:ba|0|5|0|0|0|0
f0:ef:86:06:76:35|0|1|0|0|0|0
3a:ce:ad:68:35:6e|0|12|0|0|0|0
b4:e6:2d:f6:c8:79|0|1|0|4|0|454
8e:f3:b3:d6:75:e5|2|0|0|0|0|0
ba:34:88:2c:fd:22|1|4|0|0|0|0
ec:5c:68:84:b1:4b|2|5|0|0|0|0
01:00:5e:00:00:fa|0|0|0|1|0|114
33:33:00:00:00:16|0|0|0|1|0|144
52:e0:5d:3b:4e:ad|0|3|0|0|0|0
2a:0f:d2:5a:f5:84|0|1|0|0|0|0
3a:23:a4:88:30:39|0|2|0|0|0|0
44:07:0b:6c:b6:e3|4|0|0|0|0|0
44:07:0b:2f:49:8b|9|0|0|0|0|0
66:0a:90:2a:67:b1|1|3|0|0|0|0
fa:85:10:41:b1:3e|0|1|0|0|0|0
96:75:08:0d:bd:70|1|28|0|0|0|0
92:c0:4f:eb:94:49|2|21|0|0|0|0
90:0c:c8:ff:c0:3c|1|6|0|0|0|0
46:17:6f:b5:a5:8c|0|0|5|0|120|0
10:fe:ed:a2:a3:dc|0|0|0|5|0|120
44:07:0b:70:9e:93|1|0|0|0|0|0
76:ec:40:71:62:a8|0|3|0|0|0|0
b6:14:58:cd:d9:ab|0|3|0|0|0|0
00:08:07:76:35:b7|0|1|0|0|0|0
64:5d:86:d7:5d:f2|1|8|0|0|0|0
62:28:82:b4:cc:6b|0|1|0|0|0|0
22:48:f8:26:26:64|0|5|0|0|0|0
7c:2e:bd:f4:94:ee|3|0|0|0|0|0
2e:3b:75:ec:87:90|0|8|0|0|0|0
f0:f6:c1:d5:cb:42|0|3|0|0|0|0
01:00:5e:00:00:01|0|0|0|1|0|76
24:77:03:d4:12:38|1|5|0|0|0|0
