33
b4:e6:2d:f6:b6:a5
68:02:b8:1e:7f:1f|1312|0|28|0|4412|0
ff:ff:ff:ff:ff:ff|0|2335|0|6|0|826
6a:02:98:1e:7f:1f|1278|0|0|0|0|0
a4:3e:a0:a4:2a:46|0|132|0|0|0|0
02:aa:3f:a7:c9:b2|17|0|1|0|544|0
02:aa:3f:a7:c9:b1|14|0|0|0|0|0
33:33:00:00:00:01|0|0|0|3|0|584
1a:87:40:e3:a0:51|0|12|0|0|0|0
3a:d8:a0:0e:58:9e|0|6|0|0|0|0
10:1c:0c:1a:10:10|3|23|0|0|0|0
76:ce:38:8d:ab:19|0|12|0|0|0|0
b4:e6:2d:f6:b6:a5|0|2|0|5|0|574
33:33:ff:b4:fb:43|0|0|0|1|0|120
58:b1:0f:56:36:08|0|12|0|0|0|0
33:33:00:00:00:02|0|0|0|1|0|96
33:33:ff:24:16:26|0|0|0|1|0|120
33:33:ff:b3:c7:45|0|0|0|2|0|240
01:00:5e:00:00:fb|0|0|0|3|0|645
33:33:00:00:00:fb|0|0|0|3|0|705
33:33:00:00:00:16|0|0|0|2|0|368
33:33:00:01:00:02|0|0|0|1|0|134
1a:87:40:99:d8:a7|0|24|0|0|0|0
3e:88:1e:e7:31:71|0|6|0|0|0|0
