24
b4:e6:2d:f6:b6:a5
68:02:b8:1e:7f:1f|1376|0|281|49|57825|1430
ff:ff:ff:ff:ff:ff|0|2375|0|164|0|15485
6a:02:98:1e:7f:1f|1328|0|0|0|0|0
b4:e6:2d:f6:b6:a5|0|2|0|3|0|390
64:b3:10:aa:e3:3c|0|12|0|0|0|0
a4:3e:a0:a4:2a:46|0|144|0|0|0|0
26:94:9b:c4:cd:39|0|0|49|37|1430|7796
2e:1d:1c:f5:38:f2|14|48|0|0|0|0
01:00:5e:00:00:fb|0|0|0|4|0|1024
33:33:00:00:00:fb|0|0|0|4|0|1104
33:33:00:00:00:16|0|0|0|2|0|248
01:00:5e:00:00:16|0|0|0|2|0|180
c8:66:5d:1f:4f:54|0|6|0|0|0|0
01:00:5e:7f:ff:fa|0|0|0|60|0|30806
f8:77:b8:53:10:e8|11|118|0|0|0|0
10:1c:0c:1a:10:10|1|18|0|0|0|0
33:33:00:00:00:01|0|0|0|3|0|584
33:33:00:00:00:02|0|0|0|1|0|96
33:33:ff:1e:b6:60|0|0|0|1|0|112
68:02:b8:2e:8d:67|1|0|0|0|0|0
5c:f8:21:84:a4:31|0|6|0|0|0|0
d2:05:95:7e:3e:ce|1|6|0|0|0|0
e4:57:40:c4:7c:81|2|0|0|0|0|0
