55
b4:e6:2d:f6:c8:79
90:9a:4a:80:71:9a|1224|7|9|39|861|5952
ff:ff:ff:ff:ff:ff|0|3045|0|32|0|5370
90:9a:4a:80:85:9e|1106|38|116|685|33593|16926
20:aa:4b:5b:e6:4b|530|0|44|4|14118|260
68:ff:7b:c5:ca:c9|366|0|0|0|0|0
04:6c:59:1b:72:04|35|54|243|5|6318|938
9e:ab:89:2d:82:91|4|79|442|13|10608|1598
54:60:09:e2:ee:aa|0|4|0|0|0|0
b4:e6:2d:f6:c8:79|0|1|0|4|0|471
54:14:f3:b6:82:5d|0|2|0|0|0|0
01:00:5e:7f:ff:fa|0|0|0|57|0|23118
e6:1d:78:73:e4:e3|0|0|4|8|260|7052
c0:06:c3:8f:c0:7b|5|10|11|2|1243|156
84:e3:42:4b:9d:4f|21|0|0|0|0|0
28:6d:cd:09:2a:ea|0|0|19|2|4088|156
01:00:5e:00:00:fb|0|0|0|34|0|8618
bc:54:2f:5e:b7:f3|0|5|0|0|0|0
c0:06:c3:8f:c7:99|2|4|5|1|309|78
a4:50:46:4c:af:3b|0|0|4|0|312|0
f0:ef:86:21:66:5f|0|1|0|0|0|0
e4:5f:01:5c:9d:89|0|1|0|0|0|0
b8:81:98:41:b1:49|0|3|0|0|0|0
f4:f5:d8:84:58:92|0|1|0|0|0|0
72:8a:49:fc:60:a1|0|2|0|0|0|0
01:00:5e:00:00:01|0|0|0|1|0|84
74:df:bf:45:ac:65|0|2|0|0|0|0
da:15:cc:13:4a:7a|0|5|0|0|0|0
f6:1e:51:e7:8a:88|0|1|0|0|0|0
01:00:5e:00:00:16|0|0|0|8|0|704
33:33:00:00:00:01|0|0|0|1|0|120
44:07:0b:2f:49:8b|16|0|0|0|0|0
44:07:0b:70:9e:93|6|0|0|0|0|0
50:e0:85:84:55:94|2|16|0|0|0|0
7c:d9:5c:62:1d:99|2|0|0|0|0|0
b8:27:eb:81:9a:d6|0|3|0|0|0|0
c0:87:eb:8e:48:ef|0|4|0|0|0|0
3c:8d:20:4f:d8:e9|2|0|0|0|0|0
b0:a7:b9:89:64:1f|3|0|0|0|0|0
08:9e:08:bc:6c:2b|0|1|0|0|0|0
4a:43:ce:40:62:28|0|3|0|0|0|0
44:07:0b:60:bf:75|3|0|0|0|0|0
64:5d:86:d7:5d:f2|2|0|0|0|0|0
56:a5:02:69:a1:67|0|1|0|0|0|0
ca:47:94:ab:55:23|0|4|0|0|0|0
b2:a6:bf:5d:d4:84|0|3|0|0|0|0
de:91:b5:06:88:11|0|1|0|0|0|0
d2:e4:84:83:a0:c8|2|6|0|0|0|0
