48
b4:e6:2d:f6:c8:79
68:ff:7b:c5:ca:c9|727|0|0|0|0|0
ff:ff:ff:ff:ff:ff|0|3610|0|45|0|8655
90:9a:4a:80:71:9a|1351|13|22|66|2492|6595
90:9a:4a:80:85:9e|1188|0|43|2|17058|48
20:1f:3b:3a:bb:3d|25|138|0|0|0|0
20:aa:4b:5b:e6:4b|690|0|46|0|8769|0
80:91:33:25:67:05|10|89|0|0|0|0
a4:50:46:4c:af:3b|4|10|33|1|1445|78
b4:e6:2d:f6:c8:79|0|1|0|14|0|1808
a8:6d:aa:73:88:1d|0|48|0|0|0|0
28:6d:cd:09:2a:ea|0|0|19|2|4086|156
44:07:0b:60:bf:75|3|0|0|0|0|0
94:9f:3e:84:df:5a|0|38|0|0|0|0
01:00:5e:7f:ff:fa|0|0|0|38|0|16561
54:60:09:01:a1:78|3|0|0|0|0|0
c0:06:c3:8f:c7:99|3|6|7|1|489|78
c0:06:c3:8f:c0:7b|6|11|7|4|575|372
b0:a7:b9:89:64:1f|2|0|0|0|0|0
1c:bf:ce:e3:fb:45|0|4|0|0|0|0
e4:5f:01:5c:9d:89|0|4|0|0|0|0
da:a1:19:48:48:48|0|7|0|0|0|0
c6:dc:b5:72:b8:2f|0|2|0|0|0|0
e4:5f:01:78:c0:dc|0|3|0|0|0|0
9e:ab:89:2d:82:91|0|4|2|5|48|497
44:07:0b:2f:49:8b|10|0|0|0|0|0
f0:ef:86:06:76:35|0|7|0|0|0|0
8e:af:a6:54:3d:b8|0|4|0|0|0|0
3c:8d:20:4f:d8:e9|2|0|0|0|0|0
a2:1f:b4:9b:75:e4|0|4|0|0|0|0
4e:9d:bf:a8:29:1b|0|2|0|0|0|0
50:d4:f7:dc:1f:d0|1|0|0|0|0|0
84:d8:1b:29:48:82|0|0|4|0|527|0
01:00:5e:00:00:fb|0|0|0|4|0|527
f0:ef:86:21:66:5f|0|1|0|0|0|0
38:8b:59:29:24:78|1|0|0|0|0|0
02:c3:96:08:41:e6|0|1|0|0|0|0
7c:b2:7d:d3:ca:b1|0|5|0|0|0|0
f4:f5:d8:8d:f2:58|3|3|0|0|0|0
7c:2e:bd:f4:94:ee|4|0|0|0|0|0
d8:47:32:54:de:63|0|5|0|0|0|0
80:ea:23:0a:2f:6e|1|1|0|0|0|0
01:00:5e:00:00:fa|0|0|0|1|0|114
b6:24:dd:6f:48:30|0|2|0|0|0|0
6a:a7:b9:89:64:11|1|0|0|0|0|0
14:f6:d8:d4:ba:48|0|1|0|0|0|0
54:60:09:e2:ee:aa|0|5|0|0|0|0
da:a1:19:d6:d6:d6|1|6|0|0|0|0
