24
b4:e6:2d:f6:b6:a5
68:02:b8:1e:7f:1f|1240|0|9|0|1516|0
ff:ff:ff:ff:ff:ff|0|2350|0|0|0|0
6a:02:98:1e:7f:1f|1238|0|0|0|0|0
a4:3e:a0:a4:2a:46|0|105|0|0|0|0
44:fe:3b:06:5c:71|59|0|0|0|0|0
b4:e6:2d:f6:b6:a5|0|2|0|4|0|482
70:ee:50:73:4e:36|0|0|23|0|598|0
b0:95:75:4b:b9:26|0|0|0|23|0|598
ee:1f:78:f8:e3:e3|0|1|0|0|0|0
10:1c:0c:1a:10:10|2|0|0|0|0|0
9c:5d:12:d7:43:d4|0|12|0|0|0|0
64:b3:10:aa:e3:3c|0|8|0|0|0|0
58:b1:0f:56:36:08|0|22|0|0|0|0
2c:db:07:46:b4:19|0|6|0|0|0|0
1a:6e:72:54:92:c6|0|4|0|0|0|0
c8:66:5d:1f:4f:54|0|6|0|0|0|0
2a:6e:c4:e5:78:33|0|2|0|0|0|0
33:33:00:00:00:01|0|0|0|3|0|584
f0:5c:77:1a:f1:64|0|10|0|0|0|0
dc:dc:e2:b9:25:18|0|2|0|0|0|0
d6:2e:65:e0:a9:06|0|2|0|0|0|0
62:23:6d:10:55:4b|0|7|0|0|0|0
01:00:5e:00:00:fb|0|0|0|1|0|215
33:33:00:00:00:fb|0|0|0|1|0|235
