63
b4:e6:2d:f6:c8:79
90:9a:4a:80:71:9a|1378|11|17|35|1708|5672
ff:ff:ff:ff:ff:ff|0|3174|0|56|0|10976
90:9a:4a:80:85:9e|1300|0|3|0|234|0
20:aa:4b:5b:e6:4b|957|0|59|0|11324|0
c0:06:c3:8f:c7:99|6|12|10|4|939|312
c0:06:c3:8f:c0:7b|5|10|9|2|893|156
b4:e6:2d:f6:c8:79|0|2|0|9|0|1084
80:91:33:25:67:05|16|101|0|0|0|0
4e:d4:1d:fc:9d:8f|0|6|0|0|0|0
84:d8:1b:29:48:82|3|0|0|0|0|0
28:6d:cd:09:2a:ea|0|0|16|2|3840|156
9e:ab:89:2d:82:91|0|3|0|3|0|234
02:3d:46:80:89:34|0|10|0|0|0|0
72:39:1a:2b:b2:f9|0|15|0|0|0|0
38:00:25:e8:2f:88|0|40|0|0|0|0
ea:7c:bd:4a:c9:95|0|15|0|0|0|0
f0:ef:86:06:76:35|0|11|0|0|0|0
e6:48:c7:36:b5:44|0|1|0|0|0|0
01:00:5e:00:00:fa|0|0|0|2|0|228
e4:5f:01:5c:9d:89|0|3|0|0|0|0
a2:67:e7:43:aa:d1|0|9|0|0|0|0
33:33:00:00:00:01|0|0|0|1|0|120
e2:35:33:bb:ff:a3|0|6|0|0|0|0
44:07:0b:2f:49:8b|11|0|0|0|0|0
20:df:b9:8e:c2:c7|0|14|0|0|0|0
56:b6:40:15:38:83|0|9|0|0|0|0
3c:8d:20:4f:d8:e9|7|0|0|0|0|0
ea:f9:79:2e:9b:6d|0|3|0|0|0|0
20:1f:3b:3a:bb:3d|2|0|0|0|0|0
f4:f5:d8:8d:f2:58|1|5|0|0|0|0
46:3b:78:62:ec:7e|1|0|0|0|0|0
c2:d1:00:1e:99:71|0|8|0|0|0|0
b8:27:eb:81:9a:d6|0|16|0|0|0|0
16:a0:26:dd:37:0a|0|14|0|0|0|0
2e:13:ae:c5:0d:d1|0|8|0|0|0|0
7a:8b:42:ac:1a:09|0|6|0|0|0|0
96:b9:ee:01:ab:13|0|11|0|0|0|0
72:ac:c7:25:6c:b4|0|10|0|0|0|0
12:42:35:c4:3e:bc|1|9|0|0|0|0
62:21:1b:fb:5e:dc|2|9|0|0|0|0
e6:8c:65:5e:32:fc|0|8|0|0|0|0
46:98:d6:1c:b0:4d|0|20|0|0|0|0
3a:f4:9e:5f:e7:c2|0|10|0|0|0|0
9a:9c:a1:26:b0:52|0|17|0|0|0|0
c2:ef:4b:fe:7e:f9|0|4|0|0|0|0
8a:9b:60:93:95:98|0|4|0|0|0|0
ca:cb:2e:32:7e:12|0|9|0|0|0|0
44:07:0b:89:e4:ab|8|0|0|0|0|0
9a:fe:a7:6a:4e:bb|0|6|0|0|0|0
ce:0f:48:23:98:1f|0|5|0|0|0|0
56:28:55:b0:b0:78|0|9|0|0|0|0
d2:ef:e6:c4:03:18|0|6|0|0|0|0
b4:75:0e:da:6c:72|1|0|0|0|0|0
b4:75:0e:da:6c:73|2|0|0|0|0|0
e2:bb:f6:13:2e:cc|0|6|0|0|0|0
7e:f9:4d:81:c5:f4|0|8|0|0|0|0
6a:4f:9f:b4:d5:60|0|9|0|0|0|0
44:07:0b:60:bf:75|1|0|0|0|0|0
44:07:0b:6c:b6:e3|1|0|0|0|0|0
b6:7f:ab:90:ce:91|0|4|0|0|0|0
22:16:92:4e:3e:13|1|11|0|0|0|0
54:60:09:e2:ee:aa|0|6|0|0|0|0
be:84:3f:3f:0e:a5|0|11|0|0|0|0
