45
b4:e6:2d:f6:b6:a5
68:02:b8:1e:7f:1f|1335|0|310|10|58910|260
ff:ff:ff:ff:ff:ff|0|3522|0|214|0|20878
6a:02:98:1e:7f:1f|1331|0|0|0|0|0
d8:b6:b7:7a:3a:61|1488|0|13|72|1120|2034
01:00:5e:00:00:fb|0|0|0|4|0|692
01:00:5e:7f:ff:fa|0|0|0|93|0|37642
bc:54:51:02:a4:f0|0|0|61|2|1762|52
b4:e6:2d:f6:b6:a5|0|2|0|3|0|390
a4:3e:a0:a4:2a:46|0|130|0|0|0|0
46:a0:c4:8e:89:16|0|11|0|0|0|0
5e:db:c7:28:40:aa|0|8|0|0|0|0
54:2a:a2:48:a3:f0|0|117|0|0|0|0
c8:66:5d:1f:4f:54|0|12|0|0|0|0
ba:78:bc:77:a0:65|0|7|0|0|0|0
5a:b9:f6:af:5f:bb|0|14|0|0|0|0
9a:fa:c3:af:9d:fc|0|6|0|0|0|0
01:00:5e:00:00:16|0|0|0|2|0|184
80:1f:02:b4:07:ae|0|0|10|0|260|0
e6:35:23:4e:ab:99|0|0|8|2|200|52
da:79:f3:a5:a4:a9|0|14|0|0|0|0
b6:e3:a2:be:6b:f2|0|13|0|0|0|0
f0:72:ea:da:42:c6|0|21|0|0|0|0
0e:26:0a:2f:38:6b|0|0|3|0|72|0
