29
b4:e6:2d:f6:b6:a5
68:02:b8:1e:7f:1f|1273|0|169|0|47701|0
ff:ff:ff:ff:ff:ff|0|3526|0|154|0|44911
6a:02:98:1e:7f:1f|1271|0|0|0|0|0
d8:b6:b7:7a:3a:61|1337|0|18|92|2094|2526
f8:77:b8:53:10:e8|12|145|0|0|0|0
01:00:5e:00:00:01|0|0|0|1|0|88
b4:e6:2d:f6:b6:a5|0|2|0|3|0|390
0e:26:0a:2f:38:6b|0|0|41|0|984|0
a4:3e:a0:a4:2a:46|0|112|0|0|0|0
e6:35:23:4e:ab:99|0|0|15|2|454|52
bc:54:51:02:a4:f0|0|0|24|3|800|262
26:17:dc:59:74:f7|0|0|12|2|288|52
70:ee:50:73:4e:36|0|0|58|0|1508|0
b0:95:75:4b:b9:26|0|0|0|58|0|1508
c8:66:5d:1f:4f:54|0|12|0|0|0|0
8e:ce:84:5f:9c:42|3|19|0|0|0|0
33:33:00:00:00:01|0|0|0|4|0|816
64:b3:10:aa:e3:3c|0|19|0|0|0|0
d8:8c:79:90:f4:9b|0|7|0|0|0|0
84:16:f9:07:68:71|0|14|0|0|0|0
01:00:5e:00:00:fb|0|0|0|7|0|1322
33:33:00:00:00:fb|0|0|0|7|0|1462
32:a2:63:33:94:78|0|7|0|0|0|0
33:33:00:00:00:16|0|0|0|2|0|256
01:00:5e:00:00:16|0|0|0|2|0|184
d6:8e:d7:fd:29:57|0|6|0|0|0|0
da:fa:15:b6:ca:46|0|13|0|0|0|0
f0:72:ea:da:42:c6|0|7|0|0|0|0
12:12:37:c8:cc:0d|0|7|0|0|0|0
