48
b4:e6:2d:f6:c8:79
90:9a:4a:80:85:9e|1202|1|15|35|1552|840
ff:ff:ff:ff:ff:ff|0|3709|0|40|0|6898
90:9a:4a:80:71:9a|1326|5|9|35|861|2816
68:ff:7b:c5:ca:c9|664|0|18|0|3278|0
20:aa:4b:5b:e6:4b|728|0|42|0|7088|0
b4:e6:2d:f6:c8:79|0|1|0|4|0|471
9e:ab:89:2d:82:91|1|17|35|14|840|1468
e4:5f:01:78:c0:dc|0|1|0|0|0|0
b2:1e:11:30:c6:5e|5|0|0|0|0|0
a4:50:46:4c:af:3b|0|0|12|1|703|78
c0:06:c3:8f:c7:99|0|0|10|2|951|156
e2:c2:6d:a0:3d:4c|3|9|0|0|0|0
20:1f:3b:3a:bb:3d|12|135|0|0|0|0
28:6d:cd:09:2a:ea|1|3|3|0|78|0
c6:45:33:4a:ed:9f|0|7|0|0|0|0
44:07:0b:2f:49:8b|9|0|0|0|0|0
54:60:09:e2:ee:aa|0|4|0|0|0|0
d2:2e:c7:7a:af:fc|4|11|0|0|0|0
01:00:5e:00:00:fa|0|0|0|1|0|114
00:08:07:76:35:b7|0|4|0|0|0|0
3c:8d:20:4f:d8:e9|5|0|0|0|0|0
de:dc:30:19:75:45|1|0|0|0|0|0
c0:06:c3:8f:c0:7b|4|8|10|2|1084|156
