20
b4:e6:2d:f6:b6:a5
68:02:b8:1e:7f:1f|1241|1|3807|132|720732|18824
80:58:f8:93:88:29|9|39|132|3512|18824|663128
ff:ff:ff:ff:ff:ff|0|3057|0|285|0|56064
6a:02:98:1e:7f:1f|1238|0|0|0|0|0
d8:b6:b7:7a:3a:61|772|0|8|34|208|1040
e6:35:23:4e:ab:99|0|0|12|2|290|52
b4:e6:2d:f6:b6:a5|0|2|0|4|0|516
33:33:00:00:00:01|0|0|0|4|0|816
33:33:00:00:00:02|0|0|0|1|0|96
33:33:ff:1e:b6:60|0|0|0|1|0|112
a4:3e:a0:a4:2a:46|0|75|0|0|0|0
bc:54:51:02:a4:f0|0|0|22|2|750|52
64:b3:10:aa:e3:3c|0|10|0|0|0|0
26:6f:1d:c2:e2:46|0|15|0|0|0|0
0e:26:0a:2f:38:6b|0|3|0|2|0|52
26:17:dc:59:74:f7|0|0|0|2|0|52
84:16:f9:07:68:71|0|7|0|0|0|0
c8:66:5d:1f:4f:54|0|6|0|0|0|0
f0:72:ea:da:42:c6|0|13|0|0|0|0
8e:ce:84:5f:9c:42|5|37|0|0|0|0
