25
b4:e6:2d:f6:b6:a5
68:02:b8:1e:7f:1f|1247|0|8|0|1161|0
ff:ff:ff:ff:ff:ff|0|2485|0|2|0|188
6a:02:98:1e:7f:1f|1244|0|0|0|0|0
b4:e6:2d:f6:b6:a5|0|2|0|5|0|577
02:aa:3f:a7:c9:b1|95|0|0|0|0|0
02:aa:3f:a7:c9:b2|73|0|10|0|2707|0
8a:7f:03:d5:e3:d4|0|1|0|0|0|0
01:00:5e:00:00:fb|0|0|0|2|0|467
a4:3e:a0:a4:2a:46|0|92|0|0|0|0
58:b1:0f:56:36:08|0|18|0|0|0|0
e4:5f:01:7e:fb:99|0|4|0|0|0|0
b8:27:eb:e1:37:8b|0|1|0|0|0|0
c8:66:5d:1f:4f:54|0|12|0|0|0|0
10:1c:0c:1a:10:10|2|6|0|0|0|0
b2:06:92:2a:4a:41|0|1|0|0|0|0
01:00:5e:7f:ff:fa|0|0|0|2|0|1148
5c:f8:21:84:a4:31|0|9|0|0|0|0
00:0c:e7:dc:d8:ae|0|23|0|0|0|0
3e:45:05:de:1d:b1|0|6|0|0|0|0
33:33:ff:02:17:66|0|0|0|3|0|360
9a:ae:ee:b0:df:0c|0|1|0|0|0|0
33:33:00:00:00:01|0|0|0|3|0|584
8a:2e:18:bf:08:0f|0|2|0|0|0|0
33:33:00:00:00:0c|0|0|0|1|0|544
