35
b4:e6:2d:f6:c8:79
68:ff:7b:c5:ca:c9|273|0|0|0|0|0
ff:ff:ff:ff:ff:ff|0|2314|0|24|0|3533
90:9a:4a:80:71:9a|1264|14|200|151|91161|25288
90:9a:4a:80:85:9e|589|46|83|565|24480|13861
04:6c:59:1b:72:04|47|78|50|5|1300|390
20:aa:4b:5b:e6:4b|345|0|22|0|3243|0
01:00:5e:7f:ff:fa|0|0|0|51|0|20705
b4:e6:2d:f6:c8:79|0|2|0|3|0|376
64:5d:86:d7:5d:f2|4|0|0|0|0|0
28:6d:cd:09:2a:ea|0|0|29|4|6404|474
c0:06:c3:8f:c7:99|5|10|7|5|531|552
54:2a:a2:73:c6:e9|9|32|0|0|0|0
01:00:5e:00:00:01|0|0|0|2|0|160
ec:5c:68:84:b1:4b|0|9|0|0|0|0
da:a1:19:25:25:25|0|1|0|0|0|0
9e:ab:89:2d:82:91|0|1|515|6|12561|468
a4:50:46:4c:af:3b|5|6|105|180|17200|88893
c0:06:c3:8f:c0:7b|4|9|10|8|1153|866
01:00:5e:00:00:fb|0|0|0|12|0|2001
50:e0:85:84:55:94|3|16|0|0|0|0
44:07:0b:89:e4:ab|7|0|0|0|0|0
e2:3a:e0:6c:a4:48|0|4|0|0|0|0
54:60:09:e2:ee:aa|0|1|0|0|0|0
c2:07:92:a5:d2:5f|1|0|0|0|0|0
da:a1:19:1c:1c:1c|1|4|0|0|0|0
44:07:0b:2f:49:8b|2|0|0|0|0|0
44:07:0b:70:9e:93|1|0|0|0|0|0
00:08:07:76:35:b7|0|2|0|0|0|0
24:77:03:d4:12:38|0|5|0|0|0|0
01:00:5e:00:00:fa|0|0|0|1|0|114
44:07:0b:6c:b6:e3|1|0|0|0|0|0
01:00:5e:00:00:16|0|0|0|4|0|352
84:cf:bf:8f:18:40|0|1|0|0|0|0
54:3a:d6:77:88:6e|2|7|0|0|0|0
2a:81:f2:b9:1a:97|0|1|0|0|0|0
