27
b4:e6:2d:f6:b6:a5
68:02:b8:1e:7f:1f|1247|0|135|0|48259|0
ff:ff:ff:ff:ff:ff|0|2361|0|7|0|532
6a:02:98:1e:7f:1f|1247|0|0|0|0|0
b4:e6:2d:f6:b6:a5|0|1|0|3|0|390
01:00:5e:7f:ff:fa|0|0|0|62|0|31208
a4:3e:a0:a4:2a:46|0|72|0|0|0|0
54:2a:a2:48:a3:f0|0|53|0|0|0|0
01:00:5e:00:00:fb|0|0|0|5|0|1076
33:33:00:00:00:fb|0|0|0|5|0|1176
33:33:00:00:00:16|0|0|0|1|0|124
01:00:5e:00:00:16|0|0|0|2|0|180
10:1c:0c:1a:10:10|3|0|0|0|0|0
70:ee:50:73:4e:36|0|0|4|0|104|0
b0:95:75:4b:b9:26|0|0|0|4|0|104
c8:66:5d:1f:4f:54|0|12|0|0|0|0
33:33:00:00:00:01|0|0|0|3|0|584
33:33:00:00:00:02|0|0|0|1|0|96
33:33:ff:1e:b6:60|0|0|0|1|0|112
4a:d0:f8:74:67:c3|1|0|0|0|0|0
80:58:f8:93:88:29|0|0|0|45|0|12781
ce:18:30:3e:f1:a7|0|6|0|0|0|0
be:27:20:07:21:80|1|0|0|0|0|0
04:4e:af:fb:37:34|8|0|0|0|0|0
86:4e:3b:49:15:41|2|0|0|0|0|0
b6:b0:91:29:07:93|1|0|0|0|0|0
9e:1b:d6:f6:79:44|0|6|0|0|0|0
4a:0f:0a:51:73:93|1|0|0|0|0|0
