25
b4:e6:2d:f6:b6:a5
02:aa:3f:a7:c9:b2|32|0|6|0|1595|0
ff:ff:ff:ff:ff:ff|0|2358|0|218|0|41983
68:02:b8:1e:7f:1f|1274|0|234|0|44411|0
6a:02:98:1e:7f:1f|1224|0|0|0|0|0
02:aa:3f:a7:c9:b1|37|0|0|0|0|0
b4:e6:2d:f6:b6:a5|0|1|0|3|0|390
7e:5d:35:16:55:2b|0|2|0|0|0|0
5c:f8:21:84:a4:31|0|1|0|0|0|0
0e:5f:1c:68:8a:b3|0|0|0|5|0|460
a4:3e:a0:a4:2a:46|0|94|0|0|0|0
c8:66:5d:1f:4f:54|0|6|0|0|0|0
64:b3:10:aa:e3:3c|0|12|0|0|0|0
33:33:ff:02:17:66|0|0|0|4|0|480
0e:ec:e1:95:a7:10|0|1|0|0|0|0
10:1c:0c:1a:10:10|2|30|0|0|0|0
01:00:5e:00:00:fb|0|0|0|4|0|860
33:33:00:00:00:fb|0|0|0|2|0|470
33:33:00:00:00:16|0|0|0|2|0|248
26:94:9b:c4:cd:39|2|48|0|0|0|0
33:33:00:00:00:0c|0|0|0|1|0|599
01:00:5e:7f:ff:fa|0|0|0|1|0|516
7e:6f:86:d8:ba:a4|0|1|0|0|0|0
06:e5:2c:b5:e8:72|1|0|0|0|0|0
