50
b4:e6:2d:f6:c8:79
90:9a:4a:80:85:9e|1295|0|0|0|0|0
ff:ff:ff:ff:ff:ff|0|2857|0|48|0|8133
90:9a:4a:80:71:9a|1336|4|20|22|2051|3640
b4:e6:2d:f6:c8:79|0|3|0|4|0|471
20:aa:4b:5b:e6:4b|505|0|39|25|7297|600
54:2a:a2:73:c6:e9|9|75|0|0|0|0
48:d6:d5:7c:5a:40|1|0|0|0|0|0
f6:78:34:de:69:a8|0|9|0|0|0|0
da:a1:19:d2:0f:61|11|51|0|0|0|0
28:6d:cd:09:2a:ea|0|0|15|2|3418|156
84:e3:42:4b:9d:4f|28|0|0|0|0|0
cc:50:e3:f0:6b:20|0|0|25|0|600|0
be:49:dc:d4:53:9d|0|11|0|0|0|0
f0:ef:86:05:a3:fa|0|10|0|0|0|0
48:5a:b6:22:0c:7e|0|11|0|0|0|0
c0:06:c3:8f:c0:7b|0|0|4|0|96|0
54:60:09:01:a1:78|1|0|0|0|0|0
f4:f5:d8:8d:f2:58|8|2|0|0|0|0
94:9f:3e:84:df:5a|0|15|0|0|0|0
2a:bb:f3:42:e2:b5|0|9|0|0|0|0
3e:9e:c1:ec:69:65|0|13|0|0|0|0
54:3a:d6:77:88:6e|2|8|0|0|0|0
8e:49:3d:4b:34:0a|1|6|0|0|0|0
c0:06:c3:8f:c7:99|4|8|3|4|126|474
9e:e0:c7:4c:63:99|0|3|0|0|0|0
2e:e1:5e:d1:af:04|0|10|0|0|0|0
44:07:0b:70:9e:93|5|1|0|0|0|0
56:68:61:2c:82:5b|0|4|0|0|0|0
24:77:03:d4:12:38|3|21|0|0|0|0
96:3f:03:b5:7e:4e|0|10|0|0|0|0
12:e8:29:e4:16:89|1|0|0|0|0|0
44:07:0b:60:bf:75|3|0|0|0|0|0
1c:bf:ce:e3:fb:45|0|10|0|0|0|0
84:d8:1b:29:48:82|4|0|0|0|0|0
68:ff:7b:c5:ca:c9|8|0|0|0|0|0
7e:dc:af:d9:0a:e0|1|6|0|0|0|0
4e:e6:88:15:f9:00|0|9|0|0|0|0
24:77:03:69:70:f4|0|3|0|0|0|0
da:a1:19:6b:6b:6b|2|6|0|0|0|0
08:9e:08:bc:6c:2b|0|2|0|0|0|0
64:1c:ae:5c:48:4a|0|1|0|0|0|0
26:5c:6a:4d:6d:76|0|10|0|0|0|0
14:c1:4e:07:26:d2|3|0|0|0|0|0
96:d9:38:e2:27:01|0|6|0|0|0|0
f6:27:ab:15:3c:39|0|3|0|0|0|0
f2:b2:80:0a:ea:79|2|25|0|0|0|0
bc:54:2f:5e:b7:f3|1|1|0|0|0|0
01:00:5e:00:00:fa|0|0|0|1|0|114
54:60:09:e2:ee:aa|0|5|0|0|0|0
aa:50:f5:5a:cb:04|0|6|0|0|0|0
