39
b4:e6:2d:f6:b6:a5
68:02:b8:1e:7f:1f|1279|0|156|0|15785|0
ff:ff:ff:ff:ff:ff|0|3525|0|146|0|13811
6a:02:98:1e:7f:1f|1247|0|0|0|0|0
d8:b6:b7:7a:3a:61|1338|0|24|141|4548|3556
bc:54:51:02:a4:f0|0|0|53|6|1436|2470
b4:e6:2d:f6:b6:a5|0|2|0|3|0|390
01:00:5e:00:00:fb|0|0|0|8|0|1322
a4:3e:a0:a4:2a:46|0|109|0|0|0|0
0e:26:0a:2f:38:6b|0|0|9|2|216|52
33:33:00:00:00:fb|0|0|0|2|0|420
00:1c:bf:52:98:29|0|7|0|0|0|0
26:17:dc:59:74:f7|6|5|71|2|1704|52
e6:35:23:4e:ab:99|0|0|8|2|200|52
70:ee:50:73:4e:36|0|0|46|0|1192|0
b0:95:75:4b:b9:26|0|0|0|46|0|1192
26:18:20:e4:19:46|0|2|0|0|0|0
dc:41:a9:b1:30:a0|0|30|0|0|0|0
2a:d7:d6:4f:fc:4b|0|7|0|0|0|0
fe:49:cf:45:30:37|0|50|0|0|0|0
c8:66:5d:1f:4f:54|0|13|0|0|0|0
b2:9b:98:de:82:4c|0|6|0|0|0|0
6e:1b:88:47:a6:33|0|7|0|0|0|0
ee:27:64:18:0e:f7|0|7|0|0|0|0
ca:a6:c8:a6:a1:e2|1|12|0|0|0|0
d2:0b:fd:32:ad:bf|0|7|0|0|0|0
12:98:d7:f7:ed:cc|0|7|0|0|0|0
64:b3:10:aa:e3:3c|1|12|0|0|0|0
58:91:cf:92:95:be|0|3|0|0|0|0
33:33:00:00:00:01|0|0|0|3|0|584
fe:f6:fc:2b:af:3f|0|9|0|0|0|0
f0:72:ea:da:42:c6|0|7|0|0|0|0
01:00:5e:7f:ff:fa|0|0|0|4|0|1000
4a:6f:dc:86:33:bb|1|18|0|0|0|0
36:95:b5:d4:b4:e1|2|20|0|0|0|0
01:00:5e:00:00:01|0|0|0|1|0|88
be:b5:3e:27:07:1b|2|6|0|0|0|0
01:00:5e:00:00:16|0|0|0|1|0|92
0e:d9:ca:77:60:7e|0|7|0|0|0|0
78:9f:70:2b:86:c6|1|0|0|0|0|0
