27
b4:e6:2d:f6:b6:a5
68:02:b8:1e:7f:1f|1213|0|30|1|4827|78
ff:ff:ff:ff:ff:ff|0|3035|0|7|0|532
6a:02:98:1e:7f:1f|1211|0|0|0|0|0
d8:b6:b7:7a:3a:61|724|0|2|49|52|1408
70:ee:50:73:4e:36|0|0|62|0|1612|0
b0:95:75:4b:b9:26|0|0|0|62|0|1612
0e:26:0a:2f:38:6b|0|0|9|0|216|0
b4:e6:2d:f6:b6:a5|0|2|0|3|0|390
bc:54:51:02:a4:f0|0|0|19|0|680|0
b2:d2:76:3e:b7:6b|0|12|0|0|0|0
d2:bd:9d:6d:a2:a6|0|14|0|0|0|0
a4:3e:a0:a4:2a:46|0|45|0|0|0|0
2c:db:07:46:b4:19|0|5|0|0|0|0
26:17:dc:59:74:f7|0|0|14|0|336|0
e6:35:23:4e:ab:99|0|0|7|2|176|52
f0:72:ea:da:42:c6|0|1|0|0|0|0
01:00:5e:00:00:fb|0|0|0|6|0|1332
33:33:00:00:00:fb|0|0|0|6|0|1452
c8:66:5d:1f:4f:54|0|6|0|0|0|0
80:58:f8:93:88:29|0|0|1|3|78|329
5c:f5:da:55:8b:f6|0|6|0|0|0|0
d6:27:88:d5:74:5c|0|1|0|0|0|0
33:33:00:00:00:01|0|0|0|3|0|584
33:33:00:00:00:02|0|0|0|1|0|96
33:33:ff:1e:b6:60|0|0|0|1|0|112
f0:5c:77:1a:f1:64|0|7|0|0|0|0
64:b3:10:aa:e3:3c|0|14|0|0|0|0
