77
b4:e6:2d:f6:c8:79
90:9a:4a:80:85:9e|1301|0|5|6|396|144
ff:ff:ff:ff:ff:ff|0|3040|0|44|0|7758
20:aa:4b:5b:e6:4b|720|0|48|0|8182|0
68:ff:7b:c5:ca:c9|133|0|0|0|0|0
90:9a:4a:80:71:9a|1425|10|11|46|1081|7848
26:96:4e:f2:c9:da|1|9|0|0|0|0
c0:06:c3:8f:c7:99|6|13|13|3|1880|315
b4:e6:2d:f6:c8:79|0|2|0|4|0|454
b8:27:eb:81:9a:d6|0|1|0|0|0|0
38:00:25:e8:2f:88|0|40|0|0|0|0
28:6d:cd:09:2a:ea|0|0|23|2|4884|156
9e:ab:89:2d:82:91|0|0|6|4|144|312
22:cc:ef:07:0d:46|0|8|0|0|0|0
01:00:5e:00:00:01|0|0|0|2|0|160
56:28:bf:1f:93:8a|1|20|0|0|0|0
f0:ef:86:06:76:35|0|24|0|0|0|0
80:91:33:25:67:05|12|122|0|0|0|0
a0:c9:a0:c1:eb:b8|0|8|0|0|0|0
d2:a9:3f:01:92:7d|1|10|0|0|0|0
c0:06:c3:8f:c0:7b|4|8|10|2|1084|156
f4:f5:d8:8d:f2:58|3|10|0|0|0|0
ee:44:91:9d:53:b1|1|7|0|0|0|0
12:e8:29:91:3d:5e|1|0|0|0|0|0
1e:fa:99:b4:59:eb|1|4|0|0|0|0
54:60:09:e2:ee:aa|0|1|0|0|0|0
42:a5:b2:59:8c:2d|0|1|0|0|0|0
96:81:3c:cd:69:66|2|15|0|0|0|0
e4:5f:01:78:c0:dc|0|1|0|0|0|0
82:15:e7:56:9d:59|0|1|0|0|0|0
42:61:c5:a1:42:96|1|16|0|0|0|0
01:00:5e:00:00:fa|0|0|0|2|0|228
ac:d1:b8:8d:4b:a1|0|3|0|0|0|0
9a:48:4d:27:f3:e6|0|12|0|0|0|0
54:60:09:11:c0:68|0|8|0|0|0|0
5a:77:4d:18:fb:55|0|2|0|0|0|0
46:a9:07:40:d6:ac|0|1|0|0|0|0
26:90:c7:b3:dd:6c|0|1|0|0|0|0
ee:e8:7d:56:97:0f|1|8|0|0|0|0
e6:15:ec:af:57:9d|0|3|0|0|0|0
d2:03:d3:a6:44:c6|2|15|0|0|0|0
14:c1:4e:07:26:d2|2|0|0|0|0|0
42:06:6e:00:1d:24|1|9|0|0|0|0
76:41:2b:88:25:da|1|10|0|0|0|0
2e:de:c1:1d:ac:2f|2|12|0|0|0|0
6e:77:88:c1:3e:0b|0|1|0|0|0|0
42:78:c4:7d:a3:31|0|1|0|0|0|0
0a:15:c4:e7:ff:df|0|1|0|0|0|0
f0:ef:86:21:66:5f|0|2|0|0|0|0
62:29:82:d9:34:a7|2|11|0|0|0|0
62:5d:08:e0:1f:78|1|5|0|0|0|0
3c:22:fb:60:87:53|1|0|0|0|0|0
9e:0e:0c:f7:cc:33|0|5|0|0|0|0
36:75:69:a3:51:9e|0|2|0|0|0|0
7a:18:3c:30:76:d6|0|6|0|0|0|0
44:07:0b:2f:49:8b|7|0|0|0|0|0
00:24:d6:f5:65:ef|0|1|0|0|0|0
12:e8:51:72:6b:ab|0|17|0|0|0|0
3c:8d:20:4f:d8:e9|1|0|0|0|0|0
52:80:c2:74:6b:c3|0|4|0|0|0|0
8e:4b:7a:92:11:6e|0|5|0|0|0|0
22:48:f8:26:26:64|3|24|0|0|0|0
62:56:fe:fa:c4:74|0|7|0|0|0|0
d6:8a:6a:fd:7f:ad|1|10|0|0|0|0
08:9e:08:bc:6c:2b|0|2|0|0|0|0
33:33:00:00:00:01|0|0|0|1|0|120
32:b6:f7:5c:23:b4|0|10|0|0|0|0
7a:78:50:fb:77:47|2|7|0|0|0|0
46:3b:78:62:ec:7e|2|10|0|0|0|0
ba:12:43:21:23:be|2|10|0|0|0|0
62:f9:c0:bb:b3:03|0|1|0|0|0|0
36:f0:69:9e:3e:d0|0|1|0|0|0|0
46:bc:09:6b:a1:9d|0|2|0|0|0|0
0e:ef:6f:90:4b:91|0|1|0|0|0|0
e6:81:75:60:11:5e|1|13|0|0|0|0
8e:80:7c:db:d2:2b|2|14|0|0|0|0
4a:b5:79:bc:c1:ef|2|12|0|0|0|0
5a:b3:71:bc:fe:5e|1|10|0|0|0|0
