40
b4:e6:2d:f6:b6:a5
6a:02:98:1e:7f:1f|1291|0|0|0|0|0
ff:ff:ff:ff:ff:ff|0|3543|0|413|0|69552
d8:b6:b7:7a:3a:61|1318|0|13|58|1671|1676
68:02:b8:1e:7f:1f|1291|0|551|13|110998|390
01:00:5e:7f:ff:fa|0|0|0|93|0|36146
80:1f:02:b4:07:ae|0|0|13|12|390|1327
bc:54:51:02:a4:f0|0|0|19|2|678|52
b4:e6:2d:f6:b6:a5|0|1|0|4|0|482
01:00:5e:00:00:fb|0|0|0|9|0|1475
33:33:00:00:00:fb|0|0|0|5|0|963
a4:3e:a0:a4:2a:46|0|96|0|0|0|0
1a:0d:76:d7:cc:a9|2|0|0|0|0|0
70:ee:50:73:4e:36|0|0|62|0|1602|0
b0:95:75:4b:b9:26|0|0|0|62|0|1602
7a:11:f8:97:67:f7|12|0|0|0|0|0
33:33:00:00:00:16|0|0|0|5|0|620
01:00:5e:00:00:16|0|0|0|9|0|830
33:33:00:01:00:03|0|0|0|1|0|129
01:00:5e:00:00:fc|0|0|0|1|0|109
f8:77:b8:53:10:e8|12|149|0|0|0|0
36:21:99:81:1d:0b|1|0|0|0|0|0
ae:ae:c4:00:aa:ac|0|7|0|0|0|0
