25
b4:e6:2d:f6:b6:a5
68:02:b8:1e:7f:1f|1319|0|436|12|96429|312
ff:ff:ff:ff:ff:ff|0|3499|0|354|0|63456
6a:02:98:1e:7f:1f|1319|0|0|0|0|0
d8:b6:b7:7a:3a:61|1375|0|12|19|1470|464
b4:e6:2d:f6:b6:a5|0|1|0|3|0|390
01:00:5e:7f:ff:fa|0|0|0|83|0|33599
80:1f:02:b4:07:ae|0|0|12|0|312|0
a4:3e:a0:a4:2a:46|0|175|0|0|0|0
8e:ce:84:5f:9c:42|7|71|0|0|0|0
c8:c7:50:54:2d:82|0|6|0|0|0|0
c8:66:5d:1f:4f:54|0|12|0|0|0|0
54:2a:a2:48:a3:f0|0|134|0|0|0|0
3e:27:72:d2:46:be|1|7|0|0|0|0
bc:54:51:02:a4:f0|0|0|0|3|0|262
e6:35:23:4e:ab:99|0|0|8|2|200|52
26:17:dc:59:74:f7|0|0|8|0|192|0
9a:58:fa:2e:e3:a6|1|7|0|0|0|0
01:00:5e:00:00:01|0|0|0|1|0|88
84:16:f9:07:68:71|0|7|0|0|0|0
0e:26:0a:2f:38:6b|0|0|3|2|72|52
f8:77:b8:53:10:e8|6|71|0|0|0|0
64:b3:10:aa:e3:3c|0|14|0|0|0|0
d6:9f:ee:dc:27:65|1|7|0|0|0|0
