52
b4:e6:2d:f6:c8:79
90:9a:4a:80:85:9e|1177|0|0|0|0|0
94:9f:3e:84:df:5a|15|9|0|0|0|0
90:9a:4a:80:71:9a|1238|9|51|45|5689|7614
ff:ff:ff:ff:ff:ff|0|3101|0|54|0|9120
20:aa:4b:5b:e6:4b|728|0|57|0|9496|0
48:5a:b6:22:0c:7e|0|27|0|0|0|0
b8:27:eb:81:9a:d6|0|2|0|0|0|0
44:07:0b:60:bf:75|2|0|0|0|0|0
68:ff:7b:c5:ca:c9|52|0|0|0|0|0
26:43:7c:14:3f:77|0|3|0|0|0|0
28:6d:cd:09:2a:ea|0|0|27|8|5995|1110
c0:06:c3:8f:c0:7b|4|8|10|15|917|1581
64:a2:f9:32:dc:63|0|3|0|0|0|0
76:42:40:9e:d7:08|0|2|0|0|0|0
22:03:90:d3:20:4e|0|1|0|0|0|0
f4:f5:d8:8d:f2:58|5|4|0|0|0|0
01:00:5e:00:00:fa|0|0|0|1|0|114
7a:cd:fc:79:89:03|0|2|0|0|0|0
c0:06:c3:8f:c7:99|5|11|8|24|702|2544
14:c1:4e:07:26:d2|3|0|0|0|0|0
b4:e6:2d:f6:c8:79|0|1|0|4|0|454
f0:ef:86:06:76:35|0|1|0|0|0|0
1c:e1:92:77:43:a6|0|4|0|0|0|0
00:08:07:76:35:b7|0|5|0|0|0|0
1a:44:c0:ee:83:8e|0|2|0|0|0|0
44:07:0b:70:9e:93|6|0|1|0|26|0
50:e0:85:84:55:94|3|17|0|0|0|0
b0:a7:b9:89:64:1f|2|0|0|0|0|0
f2:b2:80:0a:ea:79|1|0|0|0|0|0
82:6b:90:89:6b:47|0|1|0|0|0|0
44:07:0b:6c:b6:e3|4|0|0|0|0|0
02:e0:04:f7:d7:69|0|1|0|0|0|0
1c:bf:ce:e3:fb:45|0|1|0|0|0|0
48:d6:d5:7c:5a:40|1|0|0|0|0|0
0a:aa:5c:c4:49:2b|0|9|0|0|0|0
d8:47:32:54:de:63|2|5|0|0|0|0
92:9e:33:67:5a:62|3|2|0|0|0|0
ee:7f:4a:a9:29:38|0|2|0|0|0|0
c2:19:a3:3d:e0:44|3|6|0|0|0|0
20:f4:78:24:ce:e8|0|3|0|0|0|0
74:df:bf:45:ac:65|0|2|0|0|0|0
84:d8:1b:29:48:82|0|0|0|1|0|26
54:60:09:e2:ee:aa|0|7|0|0|0|0
08:9e:08:bc:6c:2b|0|1|0|0|0|0
20:1f:3b:3a:bb:3d|2|0|0|0|0|0
32:60:bf:df:19:b5|0|1|0|0|0|0
da:a1:19:74:74:74|0|3|0|0|0|0
54:60:09:01:a1:78|1|0|0|0|0|0
01:00:5e:00:00:fb|0|0|0|1|0|121
33:33:00:00:00:fb|0|0|0|1|0|141
3c:8d:20:4f:d8:e9|2|0|0|0|0|0
ea:7f:44:3a:a6:3a|0|3|0|0|0|0
