36
b4:e6:2d:f6:b6:a5
68:02:b8:1e:7f:1f|1311|0|576|12|127774|312
ff:ff:ff:ff:ff:ff|0|3469|0|390|0|67468
6a:02:98:1e:7f:1f|1310|0|0|0|0|0
d8:b6:b7:7a:3a:61|1360|0|23|42|2136|1016
01:00:5e:00:00:fb|0|0|0|21|0|3757
80:1f:02:b4:07:ae|0|0|12|1|312|96
54:2a:a2:48:a3:f0|0|128|0|0|0|0
b4:e6:2d:f6:b6:a5|0|1|0|3|0|390
01:00:5e:7f:ff:fa|0|0|0|151|0|54007
a4:3e:a0:a4:2a:46|0|120|0|0|0|0
0e:26:0a:2f:38:6b|0|0|26|2|624|52
ba:9f:31:f7:09:ae|0|44|0|0|0|0
e6:35:23:4e:ab:99|0|0|8|2|200|52
33:33:00:00:00:01|0|0|0|3|0|584
33:33:00:00:00:02|0|0|0|1|0|96
33:33:ff:1e:b6:60|0|0|0|1|0|112
c8:66:5d:1f:4f:54|0|19|0|0|0|0
58:91:cf:92:95:e6|0|7|0|0|0|0
33:33:00:00:00:fb|0|0|0|10|0|2290
01:00:5e:00:00:16|0|0|0|8|0|720
26:94:9b:c4:cd:39|4|11|0|0|0|0
02:81:df:21:68:4f|0|8|0|0|0|0
