31
b4:e6:2d:f6:c8:79
90:9a:4a:80:71:9a|1280|17|691|467|308045|68421
ff:ff:ff:ff:ff:ff|0|2554|0|40|0|4653
20:aa:4b:5b:e6:4b|602|0|22|0|3285|0
20:1f:3b:3a:bb:3d|5|0|0|0|0|0
90:9a:4a:80:85:9e|778|0|31|8|6530|317
a4:50:46:4c:af:3b|19|81|416|514|58975|290657
f4:f5:d8:8d:f2:58|2|4|0|0|0|0
b4:e6:2d:f6:c8:79|0|1|0|17|0|2561
28:6d:cd:09:2a:ea|0|0|38|25|8391|3087
c0:06:c3:8f:c7:99|0|0|6|121|465|10047
c0:06:c3:8f:c0:7b|4|8|7|14|590|1693
b8:27:eb:81:9a:d6|0|9|0|0|0|0
44:07:0b:2f:49:8b|9|0|0|0|0|0
68:ff:7b:c5:ca:c9|17|0|0|0|0|0
01:00:5e:7f:ff:fa|0|0|0|9|0|4850
9e:ab:89:2d:82:91|0|0|8|4|317|312
34:c0:59:00:a0:8f|0|1|0|0|0|0
54:60:09:e2:ee:aa|0|6|0|0|0|0
f0:ef:86:06:76:35|0|2|0|0|0|0
e4:5f:01:5c:9d:89|0|2|0|0|0|0
50:e0:85:84:55:94|4|16|0|0|0|0
1e:e8:29:e4:16:89|1|0|0|0|0|0
44:07:0b:70:9e:93|3|0|0|0|0|0
ae:a3:d6:1c:52:ef|0|3|0|0|0|0
94:65:2d:d6:9c:46|0|1|0|0|0|0
ac:d1:b8:8d:4b:a1|0|2|0|0|0|0
22:17:5e:1e:ae:be|2|9|0|0|0|0
08:9e:08:bc:6c:2b|0|3|0|0|0|0
6e:7f:ad:c6:0c:b1|0|3|0|0|0|0
00:08:07:76:35:b7|0|1|0|0|0|0
c0:87:eb:8e:48:ef|0|3|0|0|0|0
