28
b4:e6:2d:f6:b6:a5
68:02:b8:1e:7f:1f|1218|0|41|0|4798|0
ff:ff:ff:ff:ff:ff|0|3513|0|7|0|532
6a:02:98:1e:7f:1f|1216|0|0|0|0|0
d8:b6:b7:7a:3a:61|1264|0|15|53|1658|1502
80:58:f8:93:88:29|0|0|0|18|0|2175
78:9f:70:2b:86:c6|1|0|0|0|0|0
a4:3e:a0:a4:2a:46|0|92|0|0|0|0
bc:54:51:02:a4:f0|0|0|19|2|678|52
e6:35:23:4e:ab:99|0|0|8|2|200|52
26:17:dc:59:74:f7|0|0|20|2|480|52
0e:26:0a:2f:38:6b|0|0|6|2|144|52
70:ee:50:73:4e:36|0|0|14|0|364|0
b0:95:75:4b:b9:26|0|0|0|14|0|364
8e:5f:a3:f9:14:c7|1|7|0|0|0|0
92:d6:43:59:1a:cb|0|8|0|0|0|0
fe:65:ba:f1:5e:50|0|7|0|0|0|0
00:0c:e7:12:0f:b7|0|18|0|0|0|0
b4:e6:2d:f6:b6:a5|0|2|0|11|0|1299
01:00:5e:00:00:01|0|0|0|1|0|88
c8:66:5d:1f:4f:54|0|27|0|0|0|0
02:7e:f9:f3:f1:b5|0|12|0|0|0|0
5c:f5:da:55:8b:f6|0|7|0|0|0|0
01:00:5e:00:00:fb|0|0|0|3|0|651
33:33:00:00:00:fb|0|0|0|3|0|711
33:33:00:00:00:01|0|0|0|3|0|584
33:33:00:00:00:02|0|0|0|1|0|96
33:33:ff:1e:b6:60|0|0|0|1|0|112
da:a1:19:3a:2f:5a|0|7|0|0|0|0
