55
b4:e6:2d:f6:c8:79
90:9a:4a:80:85:9e|1255|0|5|0|396|0
ff:ff:ff:ff:ff:ff|0|3102|0|50|0|9056
20:aa:4b:5b:e6:4b|843|0|53|0|9366|0
90:9a:4a:80:71:9a|1274|8|11|29|1017|4467
54:60:09:e2:ee:aa|0|8|0|0|0|0
b4:e6:2d:f6:c8:79|0|1|0|5|0|549
80:91:33:25:67:05|17|115|0|0|0|0
9e:ab:89:2d:82:91|0|0|0|4|0|312
38:00:25:e8:2f:88|0|32|0|0|0|0
f0:ef:86:06:76:35|0|11|0|0|0|0
44:07:0b:6c:b6:e3|3|0|0|0|0|0
26:29:39:06:a7:3e|0|1|0|0|0|0
01:00:5e:00:00:01|0|0|0|2|0|160
3a:b0:86:1f:8c:54|1|4|0|0|0|0
5c:5f:67:4a:d7:b0|1|4|0|0|0|0
28:6d:cd:09:2a:ea|0|0|12|2|2840|156
60:ab:14:68:89:98|0|0|1|0|24|0
50:d4:f7:59:b0:8b|0|0|0|1|0|24
68:ff:7b:c5:ca:c9|11|0|0|0|0|0
c0:06:c3:8f:c0:7b|4|8|10|2|1084|156
c0:06:c3:8f:c7:99|4|8|7|2|543|156
00:08:07:76:35:b7|0|1|0|0|0|0
33:33:00:00:00:01|0|0|0|1|0|120
b8:27:eb:81:9a:d6|1|9|0|0|0|0
f0:ef:86:21:66:5f|0|6|0|0|0|0
da:a1:19:e5:ba:d7|0|1|0|0|0|0
f4:f5:d8:8d:f2:58|2|6|0|0|0|0
44:07:0b:2f:49:8b|5|0|5|0|130|0
00:08:10:80:dc:7a|0|2|0|0|0|0
f0:79:59:d6:09:10|0|0|0|5|0|130
8a:4f:43:a8:3a:d0|0|23|0|0|0|0
3c:22:fb:60:87:53|1|0|0|0|0|0
f4:f5:d8:84:58:92|0|2|0|0|0|0
7c:2e:bd:f4:94:ee|9|0|0|0|0|0
7a:49:d4:14:8d:03|0|17|0|0|0|0
d6:bf:64:f2:36:33|0|2|0|0|0|0
44:07:0b:60:bf:75|1|0|0|0|0|0
92:2d:67:9d:01:2b|0|3|0|0|0|0
e6:ea:ef:89:84:d1|0|2|0|0|0|0
01:00:5e:00:00:fa|0|0|0|1|0|114
6a:c4:01:26:c6:f2|0|5|0|0|0|0
ca:0a:88:af:5b:52|0|4|0|0|0|0
08:9e:08:bc:6c:2b|0|1|0|0|0|0
84:d8:1b:29:48:82|1|0|0|0|0|0
7e:e0:12:1b:56:10|0|2|0|0|0|0
16:e6:6f:4e:90:1b|2|5|0|0|0|0
96:01:81:7c:02:d2|1|3|0|0|0|0
f2:f2:43:6b:65:3a|0|5|0|0|0|0
14:c1:4e:07:26:d2|3|0|0|0|0|0
e0:31:9e:08:67:f7|0|7|0|0|0|0
8a:a9:c0:40:09:e7|1|9|0|0|0|0
7a:d0:d8:53:a4:ce|0|5|0|0|0|0
56:46:01:38:68:13|1|0|0|0|0|0
22:5a:d2:bb:a2:16|0|14|0|0|0|0
e6:2a:b0:17:eb:93|0|5|0|0|0|0
