25
b4:e6:2d:f6:b6:a5
d8:b6:b7:7a:3a:61|1331|0|9|61|296|1694
a4:3e:a0:a4:2a:46|0|114|0|0|0|0
ff:ff:ff:ff:ff:ff|0|3531|0|405|0|67764
68:02:b8:1e:7f:1f|1316|0|511|14|106895|364
6a:02:98:1e:7f:1f|1313|0|0|0|0|0
b4:e6:2d:f6:b6:a5|0|1|0|5|0|577
bc:54:51:02:a4:f0|0|0|29|2|918|52
f8:77:b8:53:10:e8|11|126|0|0|0|0
01:00:5e:7f:ff:fa|0|0|0|94|0|37708
e6:35:23:4e:ab:99|0|0|8|2|200|52
80:1f:02:b4:07:ae|1|13|14|2|364|192
54:2a:a2:48:a3:f0|0|110|0|0|0|0
8e:ce:84:5f:9c:42|3|13|0|0|0|0
26:94:9b:c4:cd:39|5|43|0|0|0|0
26:17:dc:59:74:f7|0|0|13|2|312|52
0e:26:0a:2f:38:6b|0|0|11|2|264|52
2e:aa:88:83:54:56|0|7|0|0|0|0
01:80:c2:00:00:0e|0|0|0|1|0|94
78:9f:70:2b:86:c6|2|0|0|0|0|0
c8:66:5d:1f:4f:54|0|6|0|0|0|0
01:00:5e:00:00:01|0|0|0|1|0|88
1a:87:40:63:33:71|0|18|0|0|0|0
33:33:00:00:00:01|0|0|0|2|0|352
33:33:00:00:00:02|0|0|0|1|0|96
33:33:ff:1e:b6:60|0|0|0|1|0|112
