36
b4:e6:2d:f6:c8:79
90:9a:4a:80:85:9e|845|0|0|0|0|0
ff:ff:ff:ff:ff:ff|0|2759|0|33|0|6355
20:aa:4b:5b:e6:4b|567|0|34|0|6469|0
68:ff:7b:c5:ca:c9|275|0|0|0|0|0
90:9a:4a:80:71:9a|1272|9|15|42|1595|5249
c0:06:c3:8f:c0:7b|7|11|13|6|1387|589
f0:ef:86:06:76:35|0|15|0|0|0|0
54:2a:a2:73:c6:e9|9|56|0|0|0|0
44:07:0b:70:9e:93|4|0|0|0|0|0
54:60:09:e2:ee:aa|0|1|0|0|0|0
28:6d:cd:09:2a:ea|0|0|14|3|2917|315
a4:50:46:4c:af:3b|0|3|9|0|546|0
44:07:0b:2f:49:8b|14|0|0|0|0|0
48:5a:b6:22:0c:7e|0|25|0|0|0|0
c0:06:c3:8f:c7:99|2|4|6|2|399|237
a8:6d:aa:73:88:1d|0|21|0|0|0|0
0e:33:b8:f1:a1:3b|2|4|0|0|0|0
b4:e6:2d:f6:c8:79|0|3|0|4|0|454
20:df:b9:ac:28:3b|1|0|0|0|0|0
f0:f6:c1:d5:cb:42|0|3|0|0|0|0
50:eb:71:d0:6d:35|0|13|0|0|0|0
74:df:bf:45:ac:65|0|2|0|0|0|0
f2:b2:80:0a:ea:79|1|15|0|0|0|0
