40
b4:e6:2d:f6:b6:a5
68:02:b8:1e:7f:1f|1370|0|25|0|4819|0
ff:ff:ff:ff:ff:ff|0|2546|0|10|0|832
6a:02:98:1e:7f:1f|1369|0|0|0|0|0
72:fe:3b:06:5c:73|72|0|0|0|0|0
44:fe:3b:06:5c:71|270|0|10|0|832|0
b4:e6:2d:f6:b6:a5|0|1|0|3|0|390
ca:94:38:cb:17:b7|0|2|0|0|0|0
d0:c6:37:81:ea:b1|0|34|0|0|0|0
a4:3e:a0:a4:2a:46|0|121|0|0|0|0
70:ee:50:73:4e:36|0|0|26|0|676|0
b0:95:75:4b:b9:26|0|0|0|26|0|676
da:a1:19:95:8c:18|0|7|0|0|0|0
9c:5d:12:d7:43:d4|0|12|0|0|0|0
00:22:4d:ed:ae:19|0|205|0|0|0|0
da:a1:19:72:59:a8|0|10|0|0|0|0
8c:c5:b4:3b:6e:56|0|7|0|0|0|0
64:b3:10:aa:e3:3c|0|2|0|0|0|0
8a:02:7a:1a:60:2e|0|6|0|0|0|0
8e:ce:84:5f:9c:42|4|36|0|0|0|0
f0:5c:77:1a:f1:64|0|2|0|0|0|0
01:00:5e:00:00:fb|0|0|0|8|0|1746
33:33:00:00:00:fb|0|0|0|7|0|1671
33:33:00:00:00:16|0|0|0|2|0|248
01:00:5e:00:00:16|0|0|0|2|0|180
da:a1:19:2d:91:bb|0|11|0|0|0|0
e6:36:80:1e:0a:77|0|1|0|0|0|0
c8:66:5d:1f:4f:54|0|12|0|0|0|0
1e:62:fd:6a:e0:b0|0|6|0|0|0|0
36:7a:1c:69:8d:33|0|5|0|0|0|0
2c:db:07:46:b4:19|0|7|0|0|0|0
da:a1:19:d5:0b:70|0|7|0|0|0|0
00:1c:bf:52:98:29|0|9|0|0|0|0
e6:41:24:95:b0:33|2|0|0|0|0|0
da:a1:19:38:fe:0c|0|6|0|0|0|0
da:a1:19:c0:75:c4|0|6|0|0|0|0
10:1c:0c:1a:10:10|2|6|0|0|0|0
33:33:00:00:00:01|0|0|0|3|0|584
da:a1:19:2c:0b:52|0|21|0|0|0|0
a8:3e:0e:ab:79:69|8|2|11|0|1926|0
18:35:d1:f0:b0:99|0|7|0|11|0|1926
