39
b4:e6:2d:f6:c8:79
90:9a:4a:80:71:9a|1281|8|17|66|1722|10627
ff:ff:ff:ff:ff:ff|0|2684|0|38|0|6539
90:9a:4a:80:85:9e|697|0|5|6|396|144
44:07:0b:2f:49:8b|8|0|0|0|0|0
80:91:33:25:67:05|0|116|0|0|0|0
68:ff:7b:c5:ca:c9|223|0|0|0|0|0
20:aa:4b:5b:e6:4b|674|0|40|10|6729|364
28:6d:cd:09:2a:ea|0|0|37|1|8072|78
c0:06:c3:8f:c0:7b|6|12|14|10|1602|1034
44:07:0b:6c:b6:e3|2|0|0|0|0|0
a4:50:46:4c:af:3b|0|0|9|1|554|78
f0:ef:86:06:76:35|0|17|0|0|0|0
44:07:0b:70:9e:93|15|34|0|0|0|0
01:00:5e:00:00:01|0|0|0|2|0|160
e6:1d:78:73:e4:e3|0|0|10|0|364|0
3c:8d:20:4f:d8:e9|4|0|0|0|0|0
9e:ab:89:2d:82:91|0|0|6|4|144|312
34:c0:59:00:a0:8f|0|1|0|0|0|0
a0:2c:36:28:1e:19|0|3|0|0|0|0
38:f9:d3:b3:0c:da|3|0|0|0|0|0
b4:e6:2d:f6:c8:79|0|2|0|4|0|454
f4:f5:d8:84:58:92|0|4|0|0|0|0
c0:06:c3:8f:c7:99|2|4|6|1|399|78
00:24:d6:f5:65:ef|0|1|0|0|0|0
e4:5f:01:5c:9d:89|0|4|0|0|0|0
b8:27:eb:81:9a:d6|0|3|0|0|0|0
20:1f:3b:3a:bb:3d|2|0|0|0|0|0
f0:ef:86:21:66:5f|0|1|0|0|0|0
62:2d:7b:13:c3:c9|0|2|0|0|0|0
08:9e:08:bc:6c:2b|0|2|0|0|0|0
aa:fd:49:b5:a9:c3|0|3|0|0|0|0
46:62:36:3c:18:38|0|3|0|0|0|0
01:00:5e:00:00:fa|0|0|0|1|0|114
f4:f5:d8:8d:f2:58|2|2|0|0|0|0
54:60:09:e2:ee:aa|0|2|0|0|0|0
da:a1:19:3a:3a:3a|1|7|0|0|0|0
94:e2:3c:2c:75:7c|0|1|0|0|0|0
82:0a:19:48:30:22|0|5|0|0|0|0
54:60:09:01:a1:78|1|0|0|0|0|0
