26
b4:e6:2d:f6:b6:a5
68:02:b8:1e:7f:1f|1303|0|495|0|124085|0
ff:ff:ff:ff:ff:ff|0|2344|0|304|0|58234
6a:02:98:1e:7f:1f|1280|0|0|0|0|0
b4:e6:2d:f6:b6:a5|0|2|0|3|0|390
a4:3e:a0:a4:2a:46|0|60|0|0|0|0
01:00:5e:7f:ff:fa|0|0|0|60|0|30806
00:0c:43:18:8e:7b|2|0|0|0|0|0
70:2e:22:8d:72:74|0|2|0|0|0|0
64:b3:10:aa:e3:3c|0|6|0|0|0|0
54:2a:a2:48:a3:f0|0|24|0|0|0|0
9c:5d:12:d7:43:d4|0|6|0|0|0|0
10:1c:0c:1a:10:10|0|45|0|69|0|20719
f8:77:b8:53:10:e8|0|90|0|0|0|0
01:80:c2:00:00:0e|0|0|0|1|0|94
70:ee:50:73:4e:36|1|0|2|0|52|0
44:fe:3b:a8:69:27|0|1|0|2|0|52
f0:5c:77:1a:f1:64|0|6|0|0|0|0
33:33:00:00:00:01|0|0|0|3|0|584
01:00:5e:00:00:fb|0|0|0|23|0|5793
33:33:00:00:00:fb|0|0|0|21|0|6053
33:33:00:00:00:16|0|0|0|4|0|656
01:00:5e:00:00:02|0|0|0|2|0|160
33:33:00:00:00:02|0|0|0|1|0|104
33:33:ff:47:43:51|0|0|0|1|0|120
33:33:ff:d9:dc:f2|0|0|0|2|0|240
33:33:00:01:00:02|0|0|0|1|0|132
