23
b4:e6:2d:f6:c8:79
90:9a:4a:80:71:9a|1192|6|31|34|3538|4926
ff:ff:ff:ff:ff:ff|0|1860|0|13|0|1997
c0:06:c3:8f:c0:7b|6|12|12|17|1252|1737
90:9a:4a:80:85:9e|530|0|339|1164|240587|120220
b4:e6:2d:f6:c8:79|0|1|0|3|0|376
9e:ab:89:2d:82:91|0|20|1164|338|120220|240503
20:aa:4b:5b:e6:4b|168|0|15|0|2187|0
28:6d:cd:09:2a:ea|0|0|15|8|3236|1110
08:2c:b6:31:5d:0f|1|0|0|0|0|0
50:e0:85:84:55:94|2|6|0|0|0|0
a4:50:46:4c:af:3b|0|0|4|0|312|0
c0:06:c3:8f:c7:99|0|0|3|3|126|315
4a:2c:24:14:13:a9|0|3|0|0|0|0
16:f1:1b:61:e3:af|0|3|0|0|0|0
44:07:0b:70:9e:93|1|0|0|0|0|0
44:07:0b:2f:49:8b|9|0|0|0|0|0
01:00:5e:00:00:fa|0|0|0|1|0|114
ae:17:31:fb:41:06|1|3|0|0|0|0
f4:f5:d8:8d:f2:58|0|1|0|0|0|0
54:60:09:e2:ee:aa|0|2|0|0|0|0
01:00:5e:00:00:01|0|0|0|2|0|160
46:3b:78:62:ec:7e|1|0|0|0|0|0
