25
b4:e6:2d:f6:b6:a5
68:02:b8:1e:7f:1f|1305|0|264|0|53175|0
ff:ff:ff:ff:ff:ff|0|2494|0|256|0|52017
6a:02:98:1e:7f:1f|1301|0|0|0|0|0
02:aa:3f:a7:c9:b2|54|0|7|0|2653|0
02:aa:3f:a7:c9:b1|84|0|0|0|0|0
96:54:c0:54:6d:8f|4|6|0|0|0|0
33:33:ff:02:17:66|0|0|0|1|0|120
a4:3e:a0:a4:2a:46|0|132|0|0|0|0
c8:66:5d:1f:4f:54|0|18|0|0|0|0
a2:0c:2a:ef:85:8e|0|6|0|0|0|0
33:33:00:00:00:01|0|0|0|4|0|816
10:1c:0c:1a:10:10|4|24|0|0|0|0
b4:e6:2d:f6:b6:a5|0|1|0|5|0|574
1a:8f:c2:22:65:0b|0|6|0|0|0|0
f8:77:b8:53:10:e8|6|59|0|0|0|0
66:db:08:cc:59:f1|3|0|0|0|0|0
00:f6:20:d0:d0:1d|0|1|0|0|0|0
5c:f8:21:84:a4:31|0|3|0|0|0|0
d2:24:52:71:d8:09|1|0|0|0|0|0
01:00:5e:7f:ff:fa|0|0|0|1|0|516
33:33:00:00:00:0c|0|0|0|3|0|1691
01:80:c2:00:00:0e|0|0|0|1|0|94
88:9f:6f:ab:69:ae|0|6|0|0|0|0
