25
b4:e6:2d:f6:b6:a5
d8:b6:b7:7a:3a:61|235|0|4|19|268|464
ff:ff:ff:ff:ff:ff|0|2536|0|0|0|0
68:02:b8:1e:7f:1f|1235|0|16|0|2738|0
6a:02:98:1e:7f:1f|1235|0|0|0|0|0
a6:4b:85:f5:e4:87|0|7|0|0|0|0
b4:e6:2d:f6:b6:a5|0|1|0|3|0|390
01:00:5e:00:00:01|0|0|0|1|0|88
a4:3e:a0:a4:2a:46|0|107|0|0|0|0
26:17:dc:59:74:f7|0|0|9|2|216|52
e6:35:23:4e:ab:99|0|0|8|0|200|0
70:ee:50:73:4e:36|0|0|33|0|848|0
b0:95:75:4b:b9:26|0|0|0|33|0|848
c8:66:5d:1f:4f:54|0|12|0|0|0|0
64:b3:10:aa:e3:3c|0|12|0|0|0|0
01:00:5e:00:00:fb|0|0|0|4|0|752
33:33:00:00:00:fb|0|0|0|4|0|832
01:00:5e:00:00:16|0|0|0|2|0|180
f0:5c:77:1a:f1:64|0|1|0|0|0|0
80:58:f8:d4:88:73|0|12|0|0|0|0
0e:26:0a:2f:38:6b|0|0|1|0|24|0
d2:d1:ca:1a:19:76|2|6|0|0|0|0
06:67:54:34:e4:fd|0|6|0|0|0|0
bc:54:51:02:a4:f0|0|0|1|1|24|128
