43
b4:e6:2d:f6:b6:a5
68:02:b8:1e:7f:1f|1338|0|394|0|89546|0
ff:ff:ff:ff:ff:ff|0|2623|0|334|0|60034
6a:02:98:1e:7f:1f|1331|0|0|0|0|0
02:aa:3f:a7:c9:b1|141|0|0|0|0|0
a4:3e:a0:a4:2a:46|0|131|0|0|0|0
9c:32:ce:15:f6:3e|0|0|25|0|650|0
68:02:b8:2e:8d:67|0|0|0|25|0|650
01:00:5e:7f:ff:fa|0|0|0|65|0|32577
b4:e6:2d:f6:b6:a5|0|1|0|3|0|390
02:aa:3f:a7:c9:b2|207|0|20|0|6825|0
01:00:5e:00:00:fb|0|0|0|4|0|1354
06:85:80:1e:b7:85|0|1|0|0|0|0
5c:f8:21:84:a4:31|0|12|0|0|0|0
86:e6:35:6c:e8:71|0|2|0|0|0|0
5e:50:af:45:34:3e|0|2|0|0|0|0
54:2a:a2:48:a3:f0|0|90|0|0|0|0
33:33:00:00:00:0c|0|0|0|2|0|1070
00:10:20:ce:20:91|0|29|0|0|0|0
9a:27:84:20:b8:96|0|2|0|0|0|0
c2:84:97:0b:67:9f|0|3|0|0|0|0
1a:fc:fa:f0:4e:c5|0|1|0|0|0|0
10:1c:0c:1a:10:10|2|23|0|0|0|0
33:33:00:00:00:16|0|0|0|2|0|248
