38
b4:e6:2d:f6:c8:79
9e:ab:89:2d:82:91|4|15|584|4|14016|312
90:9a:4a:80:85:9e|1273|50|354|704|68010|17874
ff:ff:ff:ff:ff:ff|0|2798|0|93|0|13188
90:9a:4a:80:71:9a|1275|9|12|75|1158|11383
68:ff:7b:c5:ca:c9|439|0|0|0|0|0
b4:e6:2d:f6:c8:79|0|1|0|5|0|549
20:aa:4b:5b:e6:4b|24|0|0|0|0|0
28:6d:cd:09:2a:ea|0|0|27|2|5904|156
34:f6:4b:e3:9c:e8|0|6|0|0|0|0
a4:50:46:4c:af:3b|3|4|35|2|4402|219
f4:f5:d8:8d:f2:58|3|0|0|0|0|0
c0:87:eb:8e:48:ef|0|10|0|0|0|0
0c:23:69:2b:ad:76|1|0|0|0|0|0
b6:9a:3a:f5:e4:62|0|3|0|0|0|0
c0:06:c3:8f:c7:99|4|8|8|2|702|156
4a:3a:72:41:a6:ae|0|3|0|0|0|0
48:5a:b6:22:0c:7e|5|22|0|0|0|0
01:00:5e:7f:ff:fa|0|0|0|90|0|29464
ec:5c:68:84:b1:4b|2|18|0|0|0|0
84:cf:bf:8f:18:40|0|12|0|0|0|0
44:07:0b:6c:b6:e3|5|0|0|0|0|0
b8:81:98:41:b1:49|2|0|0|0|0|0
80:45:dd:a7:9e:f5|1|0|0|0|0|0
c0:06:c3:8f:c0:7b|2|5|5|1|375|78
44:07:0b:2f:49:8b|9|0|0|0|0|0
20:df:b9:8e:c2:c7|1|0|0|0|0|0
84:d8:1b:29:48:82|1|0|0|0|0|0
24:77:03:d4:12:38|5|0|0|0|0|0
6e:ab:d8:48:ff:94|0|3|0|0|0|0
74:df:bf:45:ac:65|0|4|0|0|0|0
b8:27:eb:81:9a:d6|1|0|0|0|0|0
04:6c:59:1b:72:04|52|109|170|64|22858|23601
01:00:5e:00:00:16|0|0|0|15|0|1352
01:00:5e:00:00:fb|0|0|0|111|0|16447
01:00:5e:00:00:fc|0|0|0|27|0|2646
0e:3a:69:d6:58:a6|0|2|0|0|0|0
da:a1:19:d0:d0:d0|1|6|0|0|0|0
92:c0:4f:eb:94:49|0|25|0|0|0|0
