25
b4:e6:2d:f6:b6:a5
d8:b6:b7:7a:3a:61|1314|0|9|31|296|754
ff:ff:ff:ff:ff:ff|0|3511|0|0|0|0
68:02:b8:1e:7f:1f|1228|0|7|0|1066|0
6a:02:98:1e:7f:1f|1226|0|0|0|0|0
b4:e6:2d:f6:b6:a5|0|2|0|4|0|482
01:00:5e:00:00:01|0|0|0|1|0|88
a4:3e:a0:a4:2a:46|0|130|0|0|0|0
0e:26:0a:2f:38:6b|0|0|16|2|384|52
e6:35:23:4e:ab:99|0|0|11|2|270|52
c8:66:5d:1f:4f:54|0|12|0|0|0|0
70:ee:50:73:4e:36|0|0|14|0|362|0
b0:95:75:4b:b9:26|0|0|0|14|0|362
f0:72:ea:da:42:c6|0|21|0|0|0|0
bc:54:51:02:a4:f0|0|0|4|2|100|52
64:b3:10:aa:e3:3c|0|20|0|0|0|0
26:17:dc:59:74:f7|0|0|0|2|0|52
ae:5b:a8:b3:dd:a8|0|7|0|0|0|0
36:60:77:b4:5e:9e|0|7|0|0|0|0
da:a1:19:92:3c:ef|0|6|0|0|0|0
33:33:00:00:00:01|0|0|0|3|0|584
5c:f5:da:b6:d8:02|0|7|0|0|0|0
f0:5c:77:1a:f1:64|0|7|0|0|0|0
56:8f:34:18:66:78|0|19|0|0|0|0
aa:e4:6c:f4:ee:d8|0|7|0|0|0|0
e6:64:e6:c3:d7:7e|0|12|0|0|0|0
