45
b4:e6:2d:f6:c8:79
90:9a:4a:80:71:9a|1294|11|20|66|2593|10568
ff:ff:ff:ff:ff:ff|0|2426|0|3|0|456
90:9a:4a:80:85:9e|1139|0|44|50|18961|1344
9e:ab:89:2d:82:91|0|17|50|6|1344|1016
20:aa:4b:5b:e6:4b|135|0|3|3|456|182
28:6d:cd:09:2a:ea|0|0|34|4|7379|496
01:00:5e:7f:ff:fa|0|0|0|38|0|17945
b4:e6:2d:f6:c8:79|0|1|0|4|0|557
3c:22:fb:60:87:53|3|0|11|0|264|0
a4:50:46:4c:af:3b|0|0|9|1|565|181
c0:06:c3:8f:c7:99|6|13|14|5|1439|655
e6:1d:78:73:e4:e3|0|0|3|0|182|0
84:d8:1b:29:48:82|1|0|0|0|0|0
f0:79:59:d6:09:10|0|0|0|11|0|264
48:5a:b6:22:0c:7e|0|2|0|0|0|0
c0:06:c3:8f:c0:7b|5|14|9|6|1185|704
ec:5c:68:84:b1:4b|2|20|0|0|0|0
84:cf:bf:8f:18:40|0|3|0|0|0|0
f0:ef:86:06:76:35|0|2|0|0|0|0
68:ff:7b:c5:ca:c9|7|0|0|0|0|0
6a:a7:b9:89:64:11|1|0|0|0|0|0
cc:88:26:2e:84:53|0|1|0|0|0|0
