49
b4:e6:2d:f6:c8:79
90:9a:4a:80:85:9e|1293|0|8|0|696|0
ff:ff:ff:ff:ff:ff|0|3016|0|44|0|7779
20:aa:4b:5b:e6:4b|700|0|45|84|7899|2016
90:9a:4a:80:71:9a|1307|6|22|39|2126|6776
44:07:0b:70:9e:93|52|32|0|0|0|0
c0:06:c3:8f:c0:7b|2|4|7|2|590|168
28:6d:cd:09:2a:ea|0|0|27|3|5904|315
c0:06:c3:8f:c7:99|4|10|5|11|282|939
02:00:00:00:00:00|2|11|0|0|0|0
b4:e6:2d:f6:c8:79|0|1|0|6|0|704
cc:50:e3:f0:6b:20|0|0|84|0|2016|0
80:91:33:25:67:05|0|76|0|0|0|0
36:a3:7a:e5:df:c4|1|8|0|0|0|0
3c:8d:20:4f:d8:e9|7|0|0|0|0|0
9e:ab:89:2d:82:91|0|28|0|8|0|696
f0:ef:86:05:a3:fa|0|17|0|0|0|0
aa:82:52:a1:7d:26|1|0|0|0|0|0
20:1f:3b:3a:bb:3d|5|0|0|0|0|0
94:9f:3e:84:df:5a|0|15|0|0|0|0
3a:d0:c0:79:ee:0a|0|4|0|0|0|0
b8:27:eb:81:9a:d6|1|4|0|0|0|0
48:d6:d5:7c:5a:40|3|0|0|0|0|0
f0:ef:86:06:76:35|0|15|0|0|0|0
22:7b:30:72:98:67|1|7|0|0|0|0
b6:a3:16:d3:64:30|0|3|0|0|0|0
be:b2:df:b3:c6:7c|0|3|0|0|0|0
d6:04:f5:ae:67:ce|1|3|0|0|0|0
00:08:07:76:35:b7|0|4|0|0|0|0
7e:cc:f8:de:bd:e3|0|3|0|0|0|0
42:f2:0b:fb:db:9f|0|8|0|0|0|0
7a:a8:fc:05:b8:d4|0|3|0|0|0|0
56:69:83:3d:13:73|2|13|0|0|0|0
66:0a:96:ea:b0:72|0|4|0|0|0|0
04:ea:56:43:69:3f|1|0|0|0|0|0
f4:f5:d8:8d:f2:58|11|5|0|0|0|0
33:33:00:00:00:01|0|0|0|1|0|120
08:9e:08:bc:6c:2b|0|6|0|0|0|0
1c:bf:ce:e3:fb:45|0|4|0|0|0|0
54:60:09:01:a1:78|1|0|0|0|0|0
1e:c9:22:76:cc:f8|0|3|0|0|0|0
ea:7f:44:3a:a6:3a|3|9|0|0|0|0
f6:e9:b7:74:d6:1d|1|3|0|0|0|0
da:a1:19:6c:6c:6c|2|8|0|0|0|0
66:19:0b:48:15:89|2|12|0|0|0|0
a4:77:33:63:f5:7e|0|6|0|0|0|0
54:60:09:e2:ee:aa|0|6|0|0|0|0
96:8e:dc:cb:e1:26|3|17|0|0|0|0
56:b1:f6:25:40:3d|0|14|0|0|0|0
a2:79:b1:f3:40:d5|0|15|0|0|0|0
