29
b4:e6:2d:f6:b6:a5
68:02:b8:1e:7f:1f|1254|0|6|0|974|0
ff:ff:ff:ff:ff:ff|0|2358|0|0|0|0
6a:02:98:1e:7f:1f|1253|0|0|0|0|0
44:fe:3b:06:5c:71|110|0|0|0|0|0
2e:fd:52:5c:b8:64|0|10|0|0|0|0
b4:e6:2d:f6:b6:a5|0|1|0|3|0|390
a4:3e:a0:a4:2a:46|0|131|0|0|0|0
c8:66:5d:1f:4f:54|0|6|0|0|0|0
70:ee:50:73:4e:36|0|0|18|0|468|0
b0:95:75:4b:b9:26|0|0|0|18|0|468
b2:79:e0:3a:28:99|0|5|0|0|0|0
33:33:00:00:00:01|0|0|0|3|0|584
2c:db:07:46:b4:19|0|8|0|0|0|0
f0:72:ea:da:42:c6|0|12|0|0|0|0
10:1c:0c:1a:10:10|2|33|0|0|0|0
72:fe:3b:06:5c:73|4|0|0|0|0|0
46:47:03:fe:7d:34|0|2|0|0|0|0
64:b3:10:aa:e3:3c|0|17|0|0|0|0
2e:f4:a6:8a:03:0f|0|5|0|0|0|0
f0:5c:77:1a:f1:64|0|2|0|0|0|0
9a:dc:5a:ac:d0:b0|0|4|0|0|0|0
1a:fa:40:f0:af:dc|0|3|0|0|0|0
8a:a2:1d:f9:1b:d1|0|3|0|0|0|0
aa:08:74:53:d2:18|0|7|0|0|0|0
6e:ba:dc:70:5e:03|0|1|0|0|0|0
92:0e:01:b1:04:a5|0|6|0|0|0|0
e6:bc:65:0e:ca:1c|0|2|0|0|0|0
d8:8c:79:90:f4:9b|0|6|0|0|0|0
d2:90:5f:4d:7b:4c|0|1|0|0|0|0
