54
b4:e6:2d:f6:c8:79
90:9a:4a:80:85:9e|1091|32|104|907|18466|22010
ff:ff:ff:ff:ff:ff|0|2291|0|75|0|9481
90:9a:4a:80:71:9a|1273|4|40|63|4816|9118
b4:e6:2d:f6:c8:79|0|3|0|4|0|454
20:aa:4b:5b:e6:4b|77|0|30|0|4687|0
9e:ab:89:2d:82:91|21|27|905|5|21720|1622
68:ff:7b:c5:ca:c9|32|0|4|0|312|0
1a:a5:c3:61:4f:b6|0|6|0|4|0|312
a4:50:46:4c:af:3b|0|0|16|17|928|2152
54:2a:a2:73:c6:e9|5|54|0|0|0|0
9c:5a:81:3c:9b:3b|1|4|0|0|0|0
28:6d:cd:09:2a:ea|0|0|29|4|6404|474
74:eb:80:1d:42:94|0|0|1|0|26|0
90:9a:4a:80:6d:41|0|0|0|1|0|26
f0:ef:86:05:a3:fa|0|16|0|0|0|0
fe:17:f1:a0:c4:ce|0|0|1|0|24|0
00:31:92:b2:52:69|0|0|0|1|0|24
c0:06:c3:8f:c0:7b|4|8|10|8|1084|866
48:5a:b6:22:0c:7e|1|0|0|0|0|0
33:33:00:00:00:01|0|0|0|1|0|120
54:60:09:e2:ee:aa|0|1|0|0|0|0
34:c0:59:00:a0:8f|0|1|0|0|0|0
44:07:0b:70:9e:93|4|0|0|0|0|0
c0:06:c3:8f:c7:99|0|0|8|7|702|870
04:6c:59:1b:72:04|13|25|2|4|290|1026
46:6c:1d:da:8f:90|0|1|0|0|0|0
01:00:5e:00:00:16|0|0|0|6|0|536
01:00:5e:00:00:fb|0|0|0|13|0|1825
01:00:5e:00:00:fc|0|0|0|5|0|501
01:00:5e:7f:ff:fa|0|0|0|23|0|7844
2a:ce:12:72:3c:48|0|1|0|0|0|0
2a:e8:f4:79:fa:6d|1|4|0|0|0|0
e4:5f:01:5c:9d:89|0|2|0|0|0|0
f4:f5:d8:8d:f2:58|0|1|0|0|0|0
b8:27:eb:81:9a:d6|0|3|0|0|0|0
20:1f:3b:3a:bb:3d|2|0|0|0|0|0
74:df:bf:45:ac:65|0|2|0|0|0|0
ca:f6:11:16:a6:b6|1|0|0|0|0|0
00:0c:e7:04:d8:a4|0|1|0|0|0|0
50:e0:85:84:55:94|3|17|0|0|0|0
24:77:03:d4:12:38|2|11|0|0|0|0
10:fe:ed:dd:08:06|4|0|0|0|0|0
00:0c:e7:09:37:08|1|6|0|0|0|0
50:d4:f7:59:b0:8b|1|0|0|0|0|0
00:0c:e7:ff:46:db|0|1|0|0|0|0
46:3b:78:62:ec:7e|1|0|0|0|0|0
