35
b4:e6:2d:f6:c8:79
90:9a:4a:80:85:9e|1075|0|5|41|420|984
ff:ff:ff:ff:ff:ff|0|3422|0|38|0|5642
90:9a:4a:80:71:9a|1258|12|60|91|8803|12779
20:aa:4b:5b:e6:4b|746|0|40|0|5876|0
68:ff:7b:c5:ca:c9|530|0|24|0|4088|0
6e:18:68:c2:b9:e8|0|2|0|0|0|0
a4:50:46:4c:af:3b|3|5|38|14|4242|2326
28:6d:cd:09:2a:ea|0|0|31|18|6120|2987
44:07:0b:2f:49:8b|8|0|0|0|0|0
b4:e6:2d:f6:c8:79|0|2|0|3|0|376
a0:78:17:a1:19:64|0|0|0|18|0|2074
80:58:f8:a2:9e:d1|0|2|0|0|0|0
01:00:5e:00:00:01|0|0|0|1|0|84
c0:06:c3:8f:c7:99|5|10|10|8|951|1110
54:60:09:e2:ee:aa|0|7|0|0|0|0
9e:ab:89:2d:82:91|0|13|41|4|984|336
01:00:5e:00:00:fa|0|0|0|1|0|114
c0:06:c3:8f:c0:7b|4|8|12|17|1466|2004
a0:c9:a0:c1:eb:b8|0|7|0|0|0|0
da:a1:19:7e:7e:7e|1|9|0|0|0|0
f4:f5:d8:8d:f2:58|4|7|0|0|0|0
e4:5f:01:5c:9d:89|0|4|0|0|0|0
08:9e:08:bc:6c:2b|0|1|0|0|0|0
aa:78:91:9d:dc:08|1|5|0|0|0|0
44:07:0b:70:9e:93|5|0|0|0|0|0
b8:27:eb:81:9a:d6|0|5|0|0|0|0
da:a1:19:56:c0:32|13|114|0|0|0|0
d2:20:4a:21:cb:a5|1|4|0|0|0|0
94:e2:3c:2c:75:7c|0|1|0|0|0|0
d8:47:32:54:de:63|0|12|0|0|0|0
1c:bf:ce:e3:fb:45|0|3|0|0|0|0
01:00:5e:00:00:fb|0|0|0|6|0|2014
20:df:b9:8e:c2:c7|4|0|0|0|0|0
33:33:00:00:00:01|0|0|0|1|0|120
f0:ef:86:06:76:35|0|3|0|0|0|0
