30
b4:e6:2d:f6:b6:a5
d8:b6:b7:7a:3a:61|1269|0|30|35|7110|1072
ff:ff:ff:ff:ff:ff|0|3531|0|260|0|53840
68:02:b8:1e:7f:1f|1239|0|275|0|56786|0
6a:02:98:1e:7f:1f|1238|0|0|0|0|0
b4:e6:2d:f6:b6:a5|0|1|0|3|0|390
bc:54:51:02:a4:f0|0|0|20|2|704|52
4e:9b:05:55:9f:ce|2|19|0|0|0|0
e6:35:23:4e:ab:99|0|0|8|2|200|52
a4:3e:a0:a4:2a:46|0|121|0|0|0|0
70:2e:22:8d:72:74|24|0|2|0|730|0
d8:8c:79:90:f4:9b|0|7|0|0|0|0
01:00:5e:00:00:fb|0|0|0|16|0|4507
33:33:00:00:00:fb|0|0|0|15|0|4634
0e:26:0a:2f:38:6b|0|1|7|1|168|26
26:17:dc:59:74:f7|0|0|0|2|0|52
1a:87:40:35:f4:f2|0|26|0|0|0|0
f8:f1:e6:31:4b:9f|0|14|0|0|0|0
00:0c:43:18:8e:7b|0|1|0|0|0|0
da:0a:3d:e8:d9:87|1|0|0|0|0|0
ec:2e:98:f0:f5:27|0|7|0|0|0|0
48:51:c5:22:bd:66|0|1|0|0|0|0
84:16:f9:07:68:71|0|22|0|0|0|0
01:00:5e:00:00:16|0|0|0|2|0|180
33:33:00:00:00:16|0|0|0|2|0|248
64:b3:10:aa:e3:3c|0|8|0|0|0|0
01:00:5e:00:00:01|0|0|0|1|0|88
01:00:5e:7f:ff:fa|0|0|0|1|0|557
c8:66:5d:1f:4f:54|0|6|0|0|0|0
26:6f:1d:c2:e2:46|0|7|0|0|0|0
5c:f8:21:84:a4:31|0|1|0|0|0|0
