46
b4:e6:2d:f6:c8:79
90:9a:4a:80:71:9a|1282|7|37|28|4318|4692
c0:06:c3:8f:c7:99|6|14|7|13|462|1359
ff:ff:ff:ff:ff:ff|0|2499|0|19|0|3174
20:aa:4b:5b:e6:4b|139|0|16|51|2838|1224
90:9a:4a:80:85:9e|1205|7|362|557|268744|22237
9e:ab:89:2d:82:91|0|13|271|299|14801|246622
04:6c:59:1b:72:04|7|17|286|5|7436|390
b4:e6:2d:f6:c8:79|0|1|0|8|0|1006
cc:50:e3:f0:6b:20|0|0|51|0|1224|0
28:6d:cd:09:2a:ea|0|0|18|11|4158|1323
f4:f5:d8:8d:f2:58|6|2|0|0|0|0
54:60:09:e2:ee:aa|0|4|0|0|0|0
54:2a:a2:73:c6:e9|1|44|0|0|0|0
01:00:5e:7f:ff:fa|0|0|0|50|0|20863
84:e3:42:4b:9d:4f|25|0|0|0|0|0
96:0f:0c:36:e9:27|0|6|0|0|0|0
3c:8d:20:19:41:be|0|12|0|0|0|0
b6:15:60:30:f1:5b|0|3|0|0|0|0
01:00:5e:00:00:01|0|0|0|1|0|84
c0:06:c3:8f:c0:7b|1|2|3|5|72|630
33:33:00:00:00:16|0|0|0|1|0|144
3c:8d:20:4f:d8:e9|6|0|0|0|0|0
44:07:0b:70:9e:93|6|0|0|0|0|0
01:00:5e:00:00:16|0|0|0|2|0|184
24:77:03:d4:12:38|4|24|0|0|0|0
ba:aa:dc:6f:91:f6|0|1|0|0|0|0
9c:f3:87:c3:73:f8|0|6|0|0|0|0
bc:54:2f:5e:b7:f3|0|8|0|0|0|0
2e:0f:c9:e9:25:80|0|1|0|0|0|0
ae:f6:c0:94:b8:74|2|8|0|0|0|0
20:1f:3b:3a:bb:3d|4|0|0|0|0|0
44:07:0b:60:bf:75|5|0|0|0|0|0
22:c1:11:fd:1d:1a|1|0|0|0|0|0
b8:27:eb:81:9a:d6|1|5|0|0|0|0
1c:bf:ce:e3:fb:45|0|5|0|0|0|0
4a:00:bf:ed:fe:10|0|4|0|0|0|0
01:00:5e:00:00:fb|0|0|0|1|0|121
84:d8:1b:29:48:82|2|0|0|0|0|0
14:c1:4e:07:26:d2|2|0|0|0|0|0
00:08:07:76:35:b7|0|2|0|0|0|0
94:9f:3e:84:df:5a|0|6|0|0|0|0
64:1c:ae:5c:48:4a|2|0|0|0|0|0
f0:ef:86:05:a3:fa|0|2|0|0|0|0
e6:b3:eb:3a:c6:d7|1|0|0|0|0|0
92:52:78:c7:9d:82|0|6|0|0|0|0
6a:f7:71:b5:ad:4d|1|0|0|0|0|0
