18
b4:e6:2d:f6:b6:a5
68:02:b8:1e:7f:1f|1255|0|282|0|55405|0
ff:ff:ff:ff:ff:ff|0|2348|0|182|0|17397
6a:02:98:1e:7f:1f|1253|0|0|0|0|0
70:ee:50:73:4e:36|0|0|3|0|78|0
44:fe:3b:a8:69:27|0|0|0|3|0|78
b4:e6:2d:f6:b6:a5|0|2|0|3|0|390
64:b3:10:aa:e3:3c|1|12|0|0|0|0
a4:3e:a0:a4:2a:46|0|48|0|0|0|0
01:00:5e:7f:ff:fa|0|0|0|86|0|36032
10:1c:0c:1a:10:10|3|36|0|0|0|0
1a:87:40:04:b4:14|0|24|0|0|0|0
01:00:5e:00:00:16|0|0|0|2|0|180
01:00:5e:00:00:fb|0|0|0|6|0|822
c8:66:5d:1f:4f:54|0|12|0|0|0|0
7e:ed:86:c3:4c:e5|0|6|0|0|0|0
00:0c:e7:64:a9:77|0|18|0|0|0|0
f0:5c:77:1a:f1:64|0|6|0|0|0|0
33:33:00:00:00:01|0|0|0|3|0|584
