39
b4:e6:2d:f6:b6:a5
68:02:b8:1e:7f:1f|1270|0|189|0|49693|0
ff:ff:ff:ff:ff:ff|0|3518|0|137|0|42033
6a:02:98:1e:7f:1f|1268|0|0|0|0|0
d8:b6:b7:7a:3a:61|1410|0|15|78|1496|2108
70:ee:50:73:4e:36|0|0|77|0|1994|0
b0:95:75:4b:b9:26|0|0|0|77|0|1994
bc:54:51:02:a4:f0|0|0|22|2|756|52
b4:e6:2d:f6:b6:a5|0|2|0|3|0|390
0e:26:0a:2f:38:6b|0|0|33|2|792|52
f0:5c:77:1a:f1:64|0|7|0|0|0|0
c8:66:5d:1f:4f:54|0|12|0|0|0|0
d4:25:8b:33:b5:d5|0|21|0|0|0|0
88:9f:6f:ab:69:ae|0|58|0|0|0|0
26:17:dc:59:74:f7|0|0|15|2|360|52
58:91:cf:92:d9:66|0|7|0|0|0|0
a4:3e:a0:a4:2a:46|0|143|0|0|0|0
33:33:00:00:00:16|0|0|0|10|0|1240
01:00:5e:00:00:16|0|0|0|10|0|940
01:00:5e:7f:ff:fa|0|0|0|6|0|1278
01:00:5e:00:00:fb|0|0|0|11|0|1866
33:33:00:00:00:fb|0|0|0|11|0|2086
33:33:00:01:00:03|0|0|0|2|0|258
01:00:5e:00:00:fc|0|0|0|2|0|218
e6:35:23:4e:ab:99|0|0|8|2|200|52
01:00:5e:00:00:01|0|0|0|1|0|88
00:1c:bf:52:98:29|0|20|0|0|0|0
68:5a:cf:fb:e5:65|0|9|0|0|0|0
6e:26:d2:d1:41:91|0|2|0|0|0|0
d8:8c:79:90:f4:9b|0|7|0|0|0|0
ce:41:5c:d0:92:03|0|7|0|0|0|0
b6:6b:b8:db:f7:50|0|13|0|0|0|0
f8:77:b8:53:10:e8|6|79|0|0|0|0
9c:5d:12:d7:43:d4|0|6|0|0|0|0
ba:d8:ac:1c:24:f0|0|8|0|0|0|0
2c:db:07:46:b4:19|0|7|0|0|0|0
f0:72:ea:da:42:c6|0|7|0|0|0|0
33:33:00:00:00:01|0|0|0|3|0|584
04:f1:28:28:98:e4|0|7|0|0|0|0
64:b3:10:aa:e3:3c|0|14|0|0|0|0
