33
b4:e6:2d:f6:b6:a5
d8:b6:b7:7a:3a:61|1388|0|12|69|666|1890
ff:ff:ff:ff:ff:ff|0|3508|0|159|0|44501
68:02:b8:1e:7f:1f|1244|0|175|0|48235|0
6a:02:98:1e:7f:1f|1243|0|0|0|0|0
70:ee:50:73:4e:36|0|0|48|0|1248|0
b0:95:75:4b:b9:26|0|0|0|48|0|1248
b4:e6:2d:f6:b6:a5|0|1|0|3|0|390
e6:35:23:4e:ab:99|0|0|8|2|200|52
9c:5d:12:d7:43:d4|0|6|0|0|0|0
64:b3:10:aa:e3:3c|0|14|0|0|0|0
a4:3e:a0:a4:2a:46|0|161|0|0|0|0
bc:54:51:02:a4:f0|0|0|30|3|946|262
00:1c:bf:52:98:29|0|3|0|0|0|0
33:33:00:00:00:01|0|0|0|3|0|584
26:17:dc:59:74:f7|0|0|14|2|336|52
0e:26:0a:2f:38:6b|0|0|17|2|408|52
d8:8c:79:90:f4:9b|0|7|0|0|0|0
01:00:5e:00:00:fb|0|0|0|6|0|1400
33:33:00:00:00:fb|0|0|0|6|0|1520
12:d0:0c:5e:f9:b2|0|7|0|0|0|0
f0:72:ea:da:42:c6|0|21|0|0|0|0
2c:db:07:46:b4:19|0|7|0|0|0|0
20:79:18:e7:01:8a|0|17|0|0|0|0
c8:66:5d:1f:4f:54|0|6|0|0|0|0
01:00:5e:00:00:01|0|0|0|1|0|88
26:ca:11:31:5f:a9|0|13|0|0|0|0
d4:25:8b:33:b5:d5|0|7|0|0|0|0
c8:c7:50:54:2d:82|0|5|0|0|0|0
00:b5:d0:dd:4a:b3|0|54|0|0|0|0
10:8e:e0:22:17:e8|0|1|0|0|0|0
02:2b:99:e3:85:00|0|23|0|0|0|0
42:09:9e:14:b5:45|0|7|0|0|0|0
f0:5c:77:1a:f1:64|0|7|0|0|0|0
