65
b4:e6:2d:f6:c8:79
68:ff:7b:c5:ca:c9|322|0|8|0|1265|0
ff:ff:ff:ff:ff:ff|0|3039|0|113|0|13075
90:9a:4a:80:85:9e|1058|0|0|0|0|0
20:aa:4b:5b:e6:4b|580|0|123|0|14390|0
90:9a:4a:80:71:9a|1226|13|55|60|6779|8381
c0:06:c3:8f:c7:99|7|14|11|14|1029|1785
28:6d:cd:09:2a:ea|0|0|24|10|5326|1230
b4:e6:2d:f6:c8:79|0|6|0|10|0|1174
ee:00:78:87:5c:88|0|3|0|0|0|0
2e:cf:e4:ab:0e:8c|0|2|0|0|0|0
74:df:bf:45:ac:65|0|3|0|0|0|0
2a:6d:e4:0d:7a:5f|0|2|0|0|0|0
b6:a2:f7:14:d8:35|0|2|0|0|0|0
a2:30:48:b3:63:27|0|5|0|0|0|0
e6:09:33:6a:b6:d7|0|12|0|0|0|0
01:00:5e:00:00:fb|0|0|0|4|0|947
20:df:b9:8e:c2:c7|1|0|0|0|0|0
44:07:0b:6c:b6:e3|1|0|0|0|0|0
44:07:0b:70:9e:93|2|0|0|0|0|0
38:f9:d3:b3:0c:da|2|0|0|0|0|0
a4:50:46:4c:af:3b|0|0|15|6|974|744
44:07:0b:2f:49:8b|11|0|0|0|0|0
c0:06:c3:8f:c0:7b|6|13|10|15|1052|1846
01:00:5e:00:00:01|0|0|0|2|0|160
f0:ef:86:06:76:35|0|1|0|0|0|0
1c:bf:ce:e3:fb:45|0|3|0|0|0|0
6a:5f:77:13:0c:1e|0|2|0|0|0|0
b0:a7:b9:89:64:1f|1|0|0|0|0|0
5a:ef:e5:c9:67:a0|0|9|0|0|0|0
33:33:00:00:00:16|0|0|0|6|0|864
e4:5f:01:5c:9d:89|0|2|0|0|0|0
ce:ff:36:1a:f9:11|0|3|0|0|0|0
f4:f5:d8:8d:f2:58|6|0|0|0|0|0
b2:15:7e:50:d2:77|0|1|0|0|0|0
12:48:74:8a:5b:f6|1|3|0|0|0|0
1a:95:9b:3c:72:dc|0|9|0|0|0|0
88:3d:24:10:7e:ce|0|1|0|0|0|0
a0:78:17:a1:19:64|0|0|0|3|0|234
08:9e:08:bc:6c:2b|0|3|0|0|0|0
42:ae:d1:f0:8d:fd|0|1|0|0|0|0
1e:84:4e:40:35:2c|0|2|0|0|0|0
5a:49:a2:f4:f2:b3|0|2|0|0|0|0
9e:c0:38:77:10:b0|2|8|0|0|0|0
22:48:f8:26:26:64|0|3|0|0|0|0
9e:f1:30:6a:16:22|0|4|0|0|0|0
ce:46:c2:1e:79:9c|0|1|0|0|0|0
ca:5d:c7:a3:47:40|0|6|0|0|0|0
b8:27:eb:81:9a:d6|0|2|0|0|0|0
9e:31:aa:48:9a:b7|0|5|0|0|0|0
0a:b9:7b:73:78:ee|0|2|0|0|0|0
da:91:00:30:e9:1e|0|3|0|0|0|0
33:33:00:00:00:01|0|0|0|1|0|120
fe:7c:38:b7:66:bb|0|3|0|0|0|0
d6:3d:cd:c9:30:7d|0|6|0|0|0|0
6a:a7:b9:89:64:11|1|0|0|0|0|0
52:1a:a6:34:1f:1c|0|3|0|0|0|0
01:00:5e:00:00:fa|0|0|0|1|0|114
54:60:09:e2:ee:aa|0|6|0|0|0|0
9e:a3:c7:ce:20:73|1|4|0|0|0|0
ee:25:cd:96:fe:e3|0|10|0|0|0|0
2a:3d:74:6f:67:75|0|1|0|0|0|0
4a:da:06:89:0f:bf|0|5|0|0|0|0
33:33:00:00:00:fb|0|0|0|1|0|141
b6:2f:58:84:90:c0|0|0|1|0|24|0
84:d8:1b:29:48:82|0|0|0|1|0|24
