34
b4:e6:2d:f6:c8:79
90:9a:4a:80:85:9e|1108|2|474|37|692682|888
ff:ff:ff:ff:ff:ff|0|2730|0|8|0|1383
90:9a:4a:80:71:9a|1337|5|15|44|1552|2993
68:ff:7b:c5:ca:c9|217|0|0|0|0|0
9e:ab:89:2d:82:91|2|11|37|474|888|692682
e6:1d:78:73:e4:e3|0|0|22|1|728|102
20:aa:4b:5b:e6:4b|225|0|15|22|2713|728
a4:50:46:4c:af:3b|0|0|21|1|1015|78
00:08:07:76:35:b7|0|1|0|0|0|0
b4:e6:2d:f6:c8:79|0|2|0|10|0|1162
f4:f5:d8:8d:f2:58|4|0|0|0|0|0
28:6d:cd:09:2a:ea|0|0|3|0|78|0
74:df:bf:45:ac:65|0|3|0|0|0|0
c0:06:c3:8f:c7:99|0|0|9|2|726|156
44:07:0b:70:9e:93|3|0|0|0|0|0
f4:f2:6d:90:44:3c|1|0|0|0|0|0
24:77:03:d4:12:38|2|19|0|0|0|0
3c:8d:20:4f:d8:e9|5|0|0|0|0|0
7a:2c:5f:b2:9b:84|1|0|0|0|0|0
50:e0:85:84:55:94|4|11|0|0|0|0
c0:06:c3:8f:c0:7b|5|10|11|2|1174|156
8a:f7:18:ff:17:07|2|0|0|0|0|0
