54
b4:e6:2d:f6:c8:79
90:9a:4a:80:71:9a|1277|17|2098|1107|2785466|135137
ff:ff:ff:ff:ff:ff|0|3010|0|22|0|3241
90:9a:4a:80:85:9e|1135|7|134|112|40747|3159
a4:50:46:4c:af:3b|11|28|1087|2084|133124|2783361
68:ff:7b:c5:ca:c9|437|0|0|0|0|0
20:aa:4b:5b:e6:4b|387|0|21|0|3121|0
44:07:0b:2f:49:8b|6|0|0|0|0|0
b4:e6:2d:f6:c8:79|0|1|0|3|0|376
42:f9:b1:43:0e:0c|0|3|0|0|0|0
82:32:8a:af:82:f6|0|1|0|0|0|0
04:6c:59:1b:72:04|1|1|6|5|1191|1098
9e:ab:89:2d:82:91|8|91|108|79|2832|21353
01:00:5e:7f:ff:fa|0|0|0|35|0|16803
28:6d:cd:09:2a:ea|1|3|3|0|78|0
c0:87:eb:8e:48:ef|0|12|0|0|0|0
01:00:5e:00:00:fb|0|0|0|9|0|1625
f4:f2:6d:90:44:3c|1|0|1|0|78|0
c0:06:c3:8f:c0:7b|5|10|11|9|1536|1492
c0:06:c3:8f:c7:99|0|0|6|2|399|237
bc:54:2f:5e:b7:f3|0|1|0|0|0|0
50:e0:85:84:55:94|5|16|0|0|0|0
54:60:09:e2:ee:aa|0|1|0|0|0|0
d6:b7:7e:c0:52:8a|0|2|0|0|0|0
74:eb:80:1d:42:94|2|2|0|0|0|0
da:a1:19:a9:62:2c|3|10|0|0|0|0
20:1f:3b:3a:bb:3d|6|0|0|0|0|0
22:48:f8:26:26:64|0|4|0|0|0|0
ba:92:3e:fe:ff:fd|0|2|0|0|0|0
74:df:bf:45:ac:65|0|1|0|0|0|0
01:00:5e:00:00:16|0|0|0|6|0|528
44:07:0b:70:9e:93|4|0|0|0|0|0
9a:da:c6:d0:1b:42|0|1|0|0|0|0
01:00:5e:00:00:01|0|0|0|1|0|84
da:a1:19:e1:44:ce|1|8|0|0|0|0
f0:ef:86:05:a3:fa|0|5|0|0|0|0
e4:5f:01:5c:9d:89|0|1|0|0|0|0
08:9e:08:bc:6c:2b|0|3|0|0|0|0
36:8a:41:a2:6f:ae|0|0|0|1|0|78
f0:ef:86:06:76:35|0|2|0|0|0|0
e6:b5:ff:da:1b:26|0|2|0|0|0|0
a0:2c:36:28:1e:19|0|6|0|0|0|0
02:00:00:00:00:00|0|9|0|0|0|0
ae:39:de:f8:dc:4a|0|4|0|0|0|0
04:d6:aa:01:94:49|0|3|0|0|0|0
a2:ed:96:8d:af:15|0|5|0|0|0|0
86:c2:4a:4d:87:54|0|3|0|0|0|0
da:a1:19:9f:9f:9f|1|7|0|0|0|0
c2:68:8b:93:77:c4|3|0|1|0|24|0
f4:cf:e2:ea:1e:e2|0|0|0|1|0|24
da:a1:19:74:07:cb|3|12|0|0|0|0
7c:2e:bd:f4:94:ee|9|0|0|0|0|0
f0:f6:c1:d5:cb:42|0|6|0|0|0|0
b8:27:eb:81:9a:d6|0|1|0|0|0|0
ca:f8:14:b9:0b:c3|0|5|0|0|0|0
