25
b4:e6:2d:f6:b6:a5
68:02:b8:1e:7f:1f|1216|0|24|0|2763|0
ff:ff:ff:ff:ff:ff|0|3511|0|8|0|608
6a:02:98:1e:7f:1f|1217|0|0|0|0|0
d8:b6:b7:7a:3a:61|1308|0|7|47|244|1358
0e:26:0a:2f:38:6b|0|0|10|2|240|52
bc:54:51:02:a4:f0|0|0|19|2|678|52
e6:35:23:4e:ab:99|0|0|8|2|200|52
80:58:f8:93:88:29|0|0|0|7|0|881
da:0b:3f:3a:d4:2b|0|7|0|0|0|0
a4:3e:a0:a4:2a:46|0|126|0|0|0|0
d8:8c:79:90:f4:9b|0|7|0|0|0|0
26:17:dc:59:74:f7|0|0|10|0|240|0
c8:66:5d:1f:4f:54|0|32|0|0|0|0
b4:e6:2d:f6:b6:a5|0|1|0|4|0|482
70:ee:50:73:4e:36|0|0|18|0|468|0
b0:95:75:4b:b9:26|0|0|0|18|0|468
da:a1:19:3a:2f:5a|0|14|0|0|0|0
01:00:5e:00:00:01|0|0|0|1|0|88
33:33:00:00:00:01|0|0|0|3|0|584
33:33:00:00:00:02|0|0|0|1|0|96
33:33:ff:1e:b6:60|0|0|0|1|0|112
f0:72:ea:da:42:c6|0|14|0|0|0|0
7e:ba:66:88:30:dd|0|7|0|0|0|0
da:a1:19:19:c6:75|0|13|0|0|0|0
64:b3:10:aa:e3:3c|0|9|0|0|0|0
