46
b4:e6:2d:f6:c8:79
90:9a:4a:80:85:9e|1140|2|11|99|6107|2376
ff:ff:ff:ff:ff:ff|0|3120|0|41|0|7363
20:aa:4b:5b:e6:4b|665|0|43|0|7591|0
90:9a:4a:80:71:9a|1212|6|72|107|18093|22693
9e:ab:89:2d:82:91|2|15|99|10|2376|6023
68:ff:7b:c5:ca:c9|200|0|0|0|0|0
b4:e6:2d:f6:c8:79|0|1|0|5|0|544
ee:20:ad:e8:35:03|0|3|0|0|0|0
28:6d:cd:09:2a:ea|0|0|36|8|7903|1496
a4:50:46:4c:af:3b|2|4|53|40|13070|13714
56:68:61:2c:82:5b|0|7|0|0|0|0
50:2f:9b:d1:a8:d5|0|5|0|0|0|0
e4:5f:01:5c:9d:89|0|4|0|0|0|0
c0:06:c3:8f:c0:7b|4|8|10|11|1018|1391
ae:58:3a:78:a0:e7|0|1|0|0|0|0
20:1f:3b:3a:bb:3d|1|0|0|0|0|0
84:4b:f5:19:a0:99|0|4|0|0|0|0
f0:ef:86:05:a3:fa|0|8|0|0|0|0
01:00:5e:00:00:01|0|0|0|1|0|84
4a:6e:ff:74:70:19|0|2|0|0|0|0
00:08:07:76:35:b7|0|4|0|0|0|0
e2:54:00:73:14:04|0|1|0|0|0|0
44:07:0b:70:9e:93|5|0|0|0|0|0
68:54:5a:59:ed:f9|0|2|0|0|0|0
08:9e:08:bc:6c:2b|0|9|0|0|0|0
c0:06:c3:8f:c7:99|0|0|8|8|702|948
d2:07:0b:00:6b:25|1|0|0|0|0|0
44:07:0b:2f:49:8b|8|0|0|0|0|0
01:00:5e:00:00:fa|0|0|0|2|0|228
3c:8d:20:4f:d8:e9|2|0|0|0|0|0
a2:ca:18:44:f8:22|0|3|0|0|0|0
f4:f5:d8:8d:f2:58|4|0|0|0|0|0
54:60:09:e2:ee:aa|0|4|0|0|0|0
b8:27:eb:81:9a:d6|0|1|0|0|0|0
c6:55:64:6a:d1:ce|1|0|0|0|0|0
36:0e:8f:2c:60:fa|0|3|0|0|0|0
00:31:92:b2:52:69|1|0|0|0|0|0
72:19:88:04:87:4d|0|1|0|0|0|0
da:a1:19:1e:35:71|3|13|0|0|0|0
7e:aa:d4:65:4f:f1|0|1|0|0|0|0
ae:5e:f4:9b:03:96|0|1|0|0|0|0
56:f7:b0:2c:66:fc|1|4|0|0|0|0
94:ee:9f:9f:fe:89|0|3|0|0|0|0
56:27:a7:62:3b:12|0|2|0|0|0|0
00:08:03:bf:74:c3|0|1|0|0|0|0
24:41:8c:45:80:6c|0|9|0|0|0|0
