23
b4:e6:2d:f6:b6:a5
68:02:b8:1e:7f:1f|1218|0|34|0|5717|0
ff:ff:ff:ff:ff:ff|0|3459|0|0|0|0
6a:02:98:1e:7f:1f|1217|0|0|0|0|0
d8:b6:b7:7a:3a:61|1232|0|7|60|244|1668
b4:e6:2d:f6:b6:a5|0|1|0|2|0|264
0e:26:0a:2f:38:6b|0|0|5|2|120|52
bc:54:51:02:a4:f0|0|0|25|1|822|26
e6:35:23:4e:ab:99|0|0|30|1|726|26
a4:3e:a0:a4:2a:46|0|148|0|0|0|0
c8:66:5d:1f:4f:54|0|12|0|0|0|0
26:17:dc:59:74:f7|0|0|0|2|0|52
22:f2:72:75:67:19|1|7|0|0|0|0
01:00:5e:00:00:fb|0|0|0|8|0|1246
33:33:00:00:00:fb|0|0|0|7|0|1296
01:00:5e:00:00:16|0|0|0|2|0|180
f0:72:ea:da:42:c6|0|21|0|0|0|0
76:53:b2:13:98:be|0|7|0|0|0|0
64:b3:10:aa:e3:3c|0|13|0|0|0|0
33:33:00:00:00:01|0|0|0|3|0|584
01:00:5e:00:00:01|0|0|0|1|0|88
33:33:00:00:00:16|0|0|0|2|0|248
01:00:5e:00:00:02|0|0|0|1|0|90
01:00:5e:7f:ff:fa|0|0|0|9|0|1809
