35
b4:e6:2d:f6:b6:a5
68:02:b8:1e:7f:1f|1309|0|12|0|2162|0
ff:ff:ff:ff:ff:ff|0|3513|0|8|0|1065
6a:02:98:1e:7f:1f|1310|0|0|0|0|0
d8:b6:b7:7a:3a:61|1340|0|16|72|1335|2853
0e:26:0a:2f:38:6b|0|0|12|2|288|52
b4:e6:2d:f6:b6:a5|0|1|0|3|0|390
70:ee:50:73:4e:36|0|0|192|0|4992|0
b0:95:75:4b:b9:26|0|0|0|192|0|4992
bc:54:51:02:a4:f0|0|0|36|2|1981|52
86:67:54:71:57:50|0|2|0|0|0|0
54:2a:a2:48:a3:f0|0|130|0|0|0|0
a4:3e:a0:a4:2a:46|0|131|0|0|0|0
00:0c:e7:eb:e1:c4|0|31|0|0|0|0
26:17:dc:59:74:f7|0|0|12|2|288|52
e6:35:23:4e:ab:99|0|0|12|1|296|26
42:eb:1d:af:a2:7a|0|6|0|0|0|0
22:de:8d:d8:2c:e0|0|1|0|0|0|0
36:98:15:9e:cf:a5|0|1|0|0|0|0
de:63:06:e4:ac:eb|0|7|0|0|0|0
00:0c:e7:e5:08:ef|0|28|0|0|0|0
d8:8c:79:90:f4:9b|0|7|0|0|0|0
01:00:5e:00:00:01|0|0|0|1|0|88
9e:71:72:1c:90:45|2|7|0|0|0|0
00:0c:e7:28:ca:0c|0|21|0|0|0|0
f0:72:ea:da:42:c6|0|14|0|0|0|0
c8:66:5d:1f:4f:54|0|6|0|0|0|0
78:9f:70:2b:86:c6|2|0|0|0|0|0
ac:c3:58:68:83:60|0|6|0|0|0|0
33:33:00:00:00:01|0|0|0|3|0|584
f0:5c:77:1a:f1:64|0|7|0|0|0|0
01:00:5e:00:00:fb|0|0|0|3|0|564
33:33:00:00:00:fb|0|0|0|3|0|624
00:0c:e7:50:69:31|0|25|0|0|0|0
00:0c:e7:92:7e:c5|0|18|0|0|0|0
64:b3:10:aa:e3:3c|0|1|0|0|0|0
