33
b4:e6:2d:f6:c8:79
68:ff:7b:c5:ca:c9|765|0|0|0|0|0
ff:ff:ff:ff:ff:ff|0|3113|0|7|0|1136
90:9a:4a:80:85:9e|1157|0|5|4|396|96
90:9a:4a:80:71:9a|1214|6|9|49|844|8258
7c:2e:bd:f4:94:ee|6|0|0|0|0|0
28:6d:cd:09:2a:ea|0|0|30|2|6654|156
b4:e6:2d:f6:c8:79|0|1|0|4|0|454
20:aa:4b:5b:e6:4b|40|0|8|0|1212|0
c0:06:c3:8f:c0:7b|4|8|10|2|983|156
01:00:5e:00:00:01|0|0|0|2|0|160
c0:06:c3:8f:c7:99|2|4|5|1|309|78
f0:ef:86:06:76:35|0|20|0|0|0|0
b8:27:eb:81:9a:d6|1|2|0|0|0|0
d2:80:37:7b:60:7f|0|4|0|0|0|0
e2:1d:a1:9e:c6:a4|0|2|0|0|0|0
da:a1:19:76:76:76|1|5|0|0|0|0
9e:ab:89:2d:82:91|0|0|4|4|96|312
a0:2c:36:28:1e:19|0|3|0|0|0|0
20:df:b9:ac:28:3b|2|0|0|0|0|0
a4:50:46:4c:af:3b|0|0|4|0|312|0
44:07:0b:2f:49:8b|8|0|0|0|0|0
44:07:0b:70:9e:93|4|1|0|0|0|0
84:d8:1b:29:48:82|3|0|0|0|0|0
