55
b4:e6:2d:f6:c8:79
90:9a:4a:80:85:9e|1233|0|110|0|51417|0
ff:ff:ff:ff:ff:ff|0|3630|0|33|0|5635
90:9a:4a:80:71:9a|1253|21|427|344|182265|101024
c0:06:c3:8f:c0:7b|5|10|13|38|1342|4296
01:00:5e:7f:ff:fa|0|0|0|104|0|50925
68:ff:7b:c5:ca:c9|616|0|0|0|0|0
2e:95:da:65:80:9f|0|1|0|0|0|0
20:aa:4b:5b:e6:4b|689|0|35|59|5825|1656
28:6d:cd:09:2a:ea|0|0|29|4|6404|474
f4:f5:d8:8d:f2:58|6|9|0|0|0|0
54:3a:d6:77:88:6e|2|5|0|0|0|0
b4:e6:2d:f6:c8:79|0|2|0|3|0|376
20:df:b9:ac:28:3b|1|0|0|0|0|0
cc:50:e3:f0:6b:20|0|0|59|0|1656|0
f0:ef:86:05:a3:fa|0|26|0|0|0|0
c0:06:c3:8f:c7:99|5|11|9|21|927|1893
a2:bb:63:26:52:b9|2|0|0|0|0|0
de:5c:14:f8:ed:f3|0|2|0|0|0|0
44:07:0b:89:e4:ab|7|0|0|0|0|0
44:07:0b:70:9e:93|4|0|0|0|0|0
da:a1:19:26:26:26|1|7|0|0|0|0
a4:50:46:4c:af:3b|11|21|293|361|92351|175226
06:be:a3:93:c8:6c|0|1|0|0|0|0
c0:87:eb:8e:48:ef|0|6|0|0|0|0
5a:7d:7a:9e:47:db|0|5|0|0|0|0
04:ea:56:43:69:3f|1|0|0|0|0|0
94:65:2d:d6:9c:46|1|1|0|0|0|0
44:07:0b:2f:49:8b|13|0|0|0|0|0
0a:36:fb:30:db:c7|1|0|0|0|0|0
e4:5f:01:5c:9d:89|0|1|0|0|0|0
9e:ab:89:2d:82:91|0|33|0|6|0|492
48:e7:da:e7:6d:81|8|3|0|0|0|0
24:77:03:d4:12:38|3|27|0|0|0|0
01:00:5e:00:00:fa|0|0|0|1|0|114
38:8b:59:29:24:78|2|0|0|0|0|0
34:f6:4b:e3:9c:e8|0|4|0|0|0|0
f0:ef:86:06:76:35|0|4|0|0|0|0
da:c7:14:94:b5:d2|0|6|0|0|0|0
3c:8d:20:4f:d8:e9|5|0|0|0|0|0
94:9f:3e:84:df:5a|3|3|0|0|0|0
ee:5c:34:da:e8:88|1|0|0|0|0|0
8a:4d:d6:92:df:02|0|2|0|0|0|0
28:6d:cd:4e:a3:7a|1|0|0|0|0|0
b8:27:eb:81:9a:d6|1|4|0|0|0|0
7e:a7:15:a7:63:7d|1|0|0|0|0|0
46:39:d3:78:45:1c|0|2|0|0|0|0
01:00:5e:00:00:01|0|0|0|1|0|76
