29
b4:e6:2d:f6:b6:a5
68:02:b8:1e:7f:1f|1265|0|21|0|3481|0
ff:ff:ff:ff:ff:ff|0|2355|0|1|0|94
6a:02:98:1e:7f:1f|1265|0|0|0|0|0
44:fe:3b:06:5c:71|52|0|1|0|94|0
b4:e6:2d:f6:b6:a5|0|1|0|6|0|669
a4:3e:a0:a4:2a:46|0|119|0|0|0|0
5c:f5:da:55:8b:f6|0|1|0|0|0|0
70:ee:50:73:4e:36|0|0|22|0|572|0
b0:95:75:4b:b9:26|0|0|0|22|0|572
01:00:5e:00:00:fb|0|0|0|4|0|860
33:33:00:00:00:fb|0|0|0|4|0|940
33:33:00:00:00:16|0|0|0|2|0|248
01:00:5e:00:00:16|0|0|0|2|0|180
10:1c:0c:1a:10:10|2|10|0|0|0|0
c8:66:5d:1f:4f:54|0|12|0|0|0|0
9e:da:5d:1d:66:88|1|0|0|0|0|0
ea:b0:0d:45:87:b4|1|0|0|0|0|0
58:b1:0f:56:36:08|0|20|0|0|0|0
f0:72:ea:da:42:c6|0|6|0|0|0|0
1a:87:40:aa:39:e8|0|32|0|0|0|0
33:33:00:00:00:01|0|0|0|3|0|584
64:b3:10:aa:e3:3c|0|3|0|0|0|0
d8:8c:79:90:f4:9b|0|6|0|0|0|0
72:fe:3b:06:5c:73|4|0|0|0|0|0
f0:5c:77:1a:f1:64|0|2|0|0|0|0
b6:7d:44:12:df:68|0|2|0|0|0|0
1e:32:e6:f9:1b:0f|0|10|0|0|0|0
9c:5d:12:d7:43:d4|0|6|0|0|0|0
2c:db:07:46:b4:19|0|5|0|0|0|0
