47
b4:e6:2d:f6:c8:79
68:ff:7b:c5:ca:c9|569|0|0|0|0|0
ff:ff:ff:ff:ff:ff|0|3589|0|40|0|7830
90:9a:4a:80:85:9e|1205|0|0|0|0|0
90:9a:4a:80:71:9a|1244|12|34|85|3693|9475
20:aa:4b:5b:e6:4b|686|0|42|55|8026|1320
cc:50:e3:f0:6b:20|0|0|55|0|1320|0
c0:06:c3:8f:c7:99|5|10|8|9|690|945
02:7e:52:46:93:a9|2|12|0|0|0|0
b4:e6:2d:f6:c8:79|0|1|0|6|0|721
06:c5:27:f9:d0:f0|1|11|0|0|0|0
c0:06:c3:8f:c0:7b|4|8|9|10|790|1046
ca:f6:11:16:a6:b6|2|5|0|0|0|0
28:6d:cd:09:2a:ea|0|0|26|5|5986|633
b8:27:eb:81:9a:d6|0|5|0|0|0|0
1e:9e:d6:2c:ce:3d|0|3|0|0|0|0
a4:50:46:4c:af:3b|3|6|42|4|2009|348
f4:f5:d8:8d:f2:58|7|2|0|0|0|0
f0:ef:86:05:a3:fa|0|11|0|0|0|0
e6:09:33:6a:b6:d7|0|2|0|0|0|0
44:07:0b:89:e4:ab|8|0|0|0|0|0
72:1e:c8:5b:51:f8|2|0|0|0|0|0
9a:d5:f2:19:65:87|0|13|0|0|0|0
7a:73:5e:d8:ea:94|2|8|0|0|0|0
f0:ef:86:06:76:35|1|8|0|0|0|0
da:a1:19:cc:d0:41|0|1|0|0|0|0
44:07:0b:2f:49:8b|14|0|0|0|0|0
33:33:00:00:00:01|0|0|0|1|0|120
20:df:b9:ac:28:3b|2|0|0|0|0|0
04:ea:56:43:69:3f|1|0|0|0|0|0
a0:d3:7a:c9:2e:12|0|3|0|0|0|0
1a:0f:14:34:4e:09|2|4|0|0|0|0
94:9f:3e:84:df:5a|0|7|0|0|0|0
44:07:0b:70:9e:93|4|0|0|0|0|0
7c:b2:7d:d3:ca:b1|0|3|0|0|0|0
01:00:5e:00:00:01|0|0|0|1|0|76
20:f4:78:24:ce:e8|0|10|0|0|0|0
f4:f5:d8:84:58:92|0|1|0|0|0|0
44:07:0b:6c:b6:e3|1|0|0|0|0|0
44:07:0b:60:bf:75|2|0|0|0|0|0
26:76:a0:4f:0f:2e|0|1|0|0|0|0
26:97:f4:45:57:36|2|0|0|0|0|0
24:77:03:d4:12:38|0|12|0|0|0|0
54:60:09:e2:ee:aa|0|13|0|0|0|0
64:5d:86:d7:5d:f2|3|0|0|0|0|0
a4:77:33:63:f5:7e|0|6|0|0|0|0
38:8b:59:29:24:78|4|0|0|0|0|0
08:9e:08:bc:6c:2b|0|9|0|0|0|0
