38
b4:e6:2d:f6:b6:a5
d8:b6:b7:7a:3a:61|1286|0|41|79|14848|2491
ff:ff:ff:ff:ff:ff|0|3424|0|263|0|54066
68:02:b8:1e:7f:1f|1274|0|266|0|54812|0
6a:02:98:1e:7f:1f|1270|0|0|0|0|0
a4:3e:a0:a4:2a:46|0|148|0|0|0|0
70:2e:22:8d:72:74|5|0|0|0|0|0
00:0c:43:18:8e:7b|0|1|0|0|0|0
d8:8c:79:90:f4:9b|0|7|0|0|0|0
bc:54:51:02:a4:f0|0|0|25|1|930|26
e6:35:23:4e:ab:99|0|0|50|5|1465|6024
26:17:dc:59:74:f7|0|0|1|2|24|52
54:2a:a2:48:a3:f0|0|130|0|0|0|0
0e:26:0a:2f:38:6b|0|0|3|2|72|52
f8:f1:e6:31:4b:9f|0|7|0|0|0|0
01:00:5e:00:00:01|0|0|0|1|0|88
b4:e6:2d:f6:b6:a5|0|2|0|4|0|482
7e:58:cc:9f:3f:6b|0|6|0|0|0|0
9a:aa:54:69:10:fb|0|4|0|0|0|0
33:33:00:00:00:16|0|0|0|1|0|128
01:00:5e:00:00:fb|0|0|0|13|0|4071
33:33:00:00:00:fb|0|0|0|12|0|4087
26:66:df:b7:9c:b8|0|10|0|0|0|0
26:6f:1d:c2:e2:46|0|7|0|0|0|0
