27
b4:e6:2d:f6:b6:a5
6a:02:98:1e:7f:1f|1316|0|0|0|0|0
ff:ff:ff:ff:ff:ff|0|2510|0|226|0|21877
68:02:b8:1e:7f:1f|1324|0|315|0|55452|0
02:aa:3f:a7:c9:b2|112|0|13|0|3728|0
33:33:00:00:00:01|0|0|0|4|0|816
02:aa:3f:a7:c9:b1|87|0|0|0|0|0
01:00:5e:7f:ff:fa|0|0|0|78|0|31395
b4:e6:2d:f6:b6:a5|0|3|0|4|0|482
5a:7b:e6:ff:ec:69|0|2|0|0|0|0
5c:f8:21:84:a4:31|0|7|0|0|0|0
10:1c:0c:1a:10:10|3|48|0|0|0|0
01:00:5e:00:00:fb|0|0|0|10|0|2460
33:33:00:00:00:fb|0|0|0|3|0|828
a4:3e:a0:a4:2a:46|0|119|0|0|0|0
04:4e:af:fb:fd:77|0|9|0|0|0|0
9c:32:ce:15:f6:3e|0|0|10|0|260|0
68:02:b8:2e:8d:67|0|0|0|10|0|260
4c:fc:aa:04:03:83|0|6|0|0|0|0
33:33:00:00:00:0c|0|0|0|2|0|1198
f8:77:b8:53:10:e8|7|102|0|0|0|0
e4:5f:01:7e:fb:99|0|4|0|0|0|0
d8:8c:79:90:f4:9b|0|6|0|0|0|0
64:b3:10:aa:e3:3c|0|24|0|0|0|0
