33
b4:e6:2d:f6:b6:a5
68:02:b8:1e:7f:1f|1219|0|308|6|58626|208
ff:ff:ff:ff:ff:ff|0|3507|0|297|0|57130
6a:02:98:1e:7f:1f|1217|0|0|0|0|0
d8:b6:b7:7a:3a:61|1313|0|40|111|6093|2948
01:00:5e:00:00:fb|0|0|0|10|0|1849
33:33:00:00:00:fb|0|0|0|6|0|1341
0e:26:0a:2f:38:6b|0|0|5|1|120|26
b4:e6:2d:f6:b6:a5|0|2|0|3|0|390
f0:72:ea:da:42:c6|0|21|0|0|0|0
a4:3e:a0:a4:2a:46|0|125|0|0|0|0
80:58:f8:93:88:29|0|0|6|2|208|220
70:ee:50:73:4e:36|0|0|60|0|1560|0
b0:95:75:4b:b9:26|0|0|0|60|0|1560
d6:2b:93:22:3a:02|0|13|0|0|0|0
bc:54:51:02:a4:f0|0|0|68|2|1908|52
26:17:dc:59:74:f7|0|0|30|2|720|52
e6:35:23:4e:ab:99|0|0|8|2|200|52
80:be:05:5f:13:d9|0|7|0|0|0|0
d8:8c:79:90:f4:9b|0|7|0|0|0|0
33:33:00:00:00:01|0|0|0|3|0|584
33:33:00:00:00:02|0|0|0|1|0|96
33:33:ff:1e:b6:60|0|0|0|1|0|112
