22
b4:e6:2d:f6:b6:a5
6a:02:98:1e:7f:1f|1231|0|0|0|0|0
ff:ff:ff:ff:ff:ff|0|3515|0|7|0|532
d8:b6:b7:7a:3a:61|1245|0|9|42|296|1240
68:02:b8:1e:7f:1f|1233|0|18|0|2043|0
26:17:dc:59:74:f7|0|0|9|2|216|52
e6:35:23:4e:ab:99|0|0|10|2|248|52
bc:54:51:02:a4:f0|0|0|22|2|752|52
b4:e6:2d:f6:b6:a5|0|2|0|3|0|390
0e:26:0a:2f:38:6b|0|0|1|2|24|52
26:6f:1d:c2:e2:46|0|10|0|0|0|0
7a:2b:dc:41:4c:4b|0|7|0|0|0|0
8e:ce:84:5f:9c:42|1|14|0|0|0|0
a4:3e:a0:a4:2a:46|0|114|0|0|0|0
1e:ab:39:75:9a:ef|0|6|0|0|0|0
01:00:5e:00:00:01|0|0|0|1|0|88
33:33:00:00:00:01|0|0|0|3|0|584
33:33:00:00:00:02|0|0|0|1|0|96
33:33:ff:1e:b6:60|0|0|0|1|0|112
c8:66:5d:1f:4f:54|0|12|0|0|0|0
64:b3:10:aa:e3:3c|0|9|0|0|0|0
20:79:18:e7:01:8a|0|21|0|0|0|0
80:58:f8:93:88:29|0|0|0|3|0|329
