50
b4:e6:2d:f6:c8:79
90:9a:4a:80:71:9a|1250|6|56|32|11072|2254
ff:ff:ff:ff:ff:ff|0|2767|0|20|0|2941
90:9a:4a:80:85:9e|1024|9|2126|248|2214666|6078
20:aa:4b:5b:e6:4b|523|0|23|0|3267|0
68:ff:7b:c5:ca:c9|104|0|0|0|0|0
b4:e6:2d:f6:c8:79|0|1|0|10|0|1179
de:17:68:fb:65:59|0|7|0|0|0|0
01:00:5e:7f:ff:fa|0|0|0|39|0|12465
1a:bc:fb:06:e1:33|1|3|0|0|0|0
9e:ab:89:2d:82:91|9|35|185|2078|4440|2201371
04:6c:59:1b:72:04|1|6|63|3|1638|234
b8:27:eb:81:9a:d6|0|2|0|0|0|0
c0:06:c3:8f:c7:99|0|0|8|6|702|774
96:9b:e3:0d:5e:5c|0|15|0|0|0|0
c0:06:c3:8f:c0:7b|5|10|10|9|1084|992
34:c0:59:00:a0:8f|1|0|0|0|0|0
a4:50:46:4c:af:3b|0|0|11|22|390|6993
28:6d:cd:09:2a:ea|1|3|3|9|78|1134
08:9e:08:bc:6c:2b|0|3|0|0|0|0
6e:0b:c5:11:a2:7d|0|3|0|0|0|0
01:00:5e:00:00:fa|0|0|0|2|0|228
44:07:0b:89:e4:ab|8|0|0|0|0|0
20:1f:3b:3a:bb:3d|6|0|0|0|0|0
44:07:0b:70:9e:93|3|0|0|0|0|0
f4:f5:d8:8d:f2:58|0|3|0|0|0|0
74:eb:80:1d:42:94|0|4|0|0|0|0
42:6e:b2:b5:49:c9|0|1|0|0|0|0
01:00:5e:00:00:01|0|0|0|2|0|160
01:00:5e:00:00:16|0|0|0|3|0|272
50:e0:85:84:55:94|5|11|0|0|0|0
44:07:0b:2f:49:8b|5|0|0|0|0|0
f0:ef:86:05:a3:fa|0|16|0|0|0|0
38:87:d5:8a:96:cf|0|1|0|0|0|0
3c:f0:11:c4:ac:66|1|0|0|0|0|0
44:46:87:a9:e4:4b|3|3|0|0|0|0
c4:36:6c:19:08:cf|0|3|0|0|0|0
da:a1:19:2d:89:28|3|17|0|0|0|0
01:00:5e:00:00:fb|0|0|0|1|0|121
33:33:00:00:00:fb|0|0|0|1|0|141
32:b3:e4:fa:eb:16|0|2|0|0|0|0
b4:75:0e:da:6c:73|1|0|0|0|0|0
24:77:03:d4:12:38|3|12|0|0|0|0
da:92:5f:38:43:7c|0|2|0|0|0|0
2a:92:75:3f:a8:ea|0|3|0|0|0|0
10:fe:ed:dd:08:06|2|0|0|0|0|0
da:a1:19:a8:15:f8|1|6|0|0|0|0
ce:07:9e:f2:3f:d3|0|1|0|0|0|0
3e:ef:e8:f4:e7:4b|0|3|0|0|0|0
54:60:09:e2:ee:aa|0|1|0|0|0|0
86:00:86:9c:8d:ca|0|1|0|0|0|0
