28
b4:e6:2d:f6:b6:a5
68:02:b8:1e:7f:1f|1316|0|598|0|154163|0
ff:ff:ff:ff:ff:ff|0|2350|0|328|0|60937
6a:02:98:1e:7f:1f|1286|0|0|0|0|0
b4:e6:2d:f6:b6:a5|0|1|0|4|0|482
70:ee:50:73:4e:36|0|0|6|0|156|0
44:fe:3b:a8:69:27|0|0|0|6|0|156
70:2e:22:8d:72:74|3|2|0|0|0|0
00:0c:43:18:8e:7b|2|1|0|0|0|0
01:00:5e:7f:ff:fa|0|0|0|60|0|30806
a4:3e:a0:a4:2a:46|0|48|0|0|0|0
54:2a:a2:48:a3:f0|0|30|0|0|0|0
10:1c:0c:1a:10:10|0|41|0|89|0|31440
33:33:ff:a5:4e:19|0|0|0|2|0|240
33:33:00:00:00:02|0|0|0|2|0|192
33:33:ff:47:43:51|0|0|0|2|0|240
33:33:ff:44:39:45|0|0|0|13|0|1560
01:00:5e:00:00:fb|0|0|0|43|0|12761
33:33:00:00:00:fb|0|0|0|38|0|13091
33:33:00:01:00:02|0|0|0|2|0|264
33:33:00:00:00:16|0|0|0|4|0|776
01:00:5e:00:00:02|0|0|0|5|0|430
c8:66:5d:1f:4f:54|0|12|0|0|0|0
33:33:00:00:00:01|0|0|0|3|0|584
1a:87:40:3c:6b:7c|0|18|0|0|0|0
33:33:ff:74:59:84|0|0|0|3|0|360
64:b3:10:aa:e3:3c|0|12|0|0|0|0
4e:9b:05:55:9f:ce|4|48|0|0|0|0
f8:77:b8:53:10:e8|0|48|0|0|0|0
