23
b4:e6:2d:f6:b6:a5
68:02:b8:1e:7f:1f|1228|0|12|0|1850|0
ff:ff:ff:ff:ff:ff|0|3487|0|0|0|0
6a:02:98:1e:7f:1f|1226|0|0|0|0|0
d8:b6:b7:7a:3a:61|1344|0|8|23|454|615
01:00:5e:00:00:fb|0|0|0|3|0|564
33:33:00:00:00:fb|0|0|0|3|0|624
01:00:5e:00:00:16|0|0|0|2|0|180
bc:54:51:02:a4:f0|0|0|2|3|103|262
26:17:dc:59:74:f7|0|0|0|2|0|52
e6:35:23:4e:ab:99|0|0|14|2|344|52
b4:e6:2d:f6:b6:a5|0|2|0|4|0|482
a4:3e:a0:a4:2a:46|0|121|0|0|0|0
01:00:5e:00:00:01|0|0|0|1|0|88
0e:26:0a:2f:38:6b|0|0|7|0|168|0
f0:72:ea:da:42:c6|0|27|0|0|0|0
c8:66:5d:1f:4f:54|0|12|0|0|0|0
da:a1:19:92:3c:ef|0|50|0|0|0|0
fe:74:5b:a2:f8:65|0|7|0|0|0|0
64:b3:10:aa:e3:3c|0|12|0|0|0|0
58:b1:0f:56:36:08|0|22|0|0|0|0
96:6a:ae:42:31:64|0|14|0|0|0|0
a0:cb:fd:f1:d7:be|0|26|0|0|0|0
72:ad:05:cb:f8:cc|0|18|0|0|0|0
