50
b4:e6:2d:f6:c8:79
20:aa:4b:5b:e6:4b|632|0|46|0|8080|0
ff:ff:ff:ff:ff:ff|0|2901|0|45|0|7972
90:9a:4a:80:71:9a|1227|4|28|64|3357|10942
90:9a:4a:80:85:9e|1144|34|435|695|170269|17342
04:6c:59:1b:72:04|16|31|261|66|7256|67604
68:ff:7b:c5:ca:c9|55|0|0|0|0|0
b4:e6:2d:f6:c8:79|0|2|0|3|0|376
7c:2e:bd:f4:94:ee|10|0|0|0|0|0
28:6d:cd:09:2a:ea|0|0|39|5|8744|633
c0:06:c3:8f:c7:99|0|0|9|9|726|1188
16:c6:f5:17:76:39|0|6|0|0|0|0
9e:ab:89:2d:82:91|19|59|435|347|10518|93422
f0:ef:86:05:a3:fa|0|7|0|0|0|0
a4:50:46:4c:af:3b|0|0|6|2|388|204
c0:06:c3:8f:c0:7b|4|8|10|9|1084|956
f4:f5:d8:8d:f2:58|3|6|0|0|0|0
0a:26:07:17:f8:71|13|0|0|0|0|0
14:f6:d8:d4:ba:48|0|1|0|0|0|0
20:1f:3b:3a:bb:3d|4|0|0|0|0|0
68:54:5a:59:ed:f9|0|5|0|0|0|0
44:07:0b:2f:49:8b|5|0|0|0|0|0
b8:27:eb:81:9a:d6|0|1|0|0|0|0
24:77:03:d4:12:38|5|24|0|0|0|0
da:a1:19:d3:d3:d3|2|10|0|0|0|0
01:00:5e:7f:ff:fa|0|0|0|20|0|9314
06:a9:2d:4b:4a:d0|0|2|0|0|0|0
b0:35:9f:56:e0:82|0|2|0|0|0|0
08:9e:08:bc:6c:2b|0|1|0|0|0|0
92:08:cf:4e:5c:43|1|0|0|0|0|0
44:07:0b:70:9e:93|1|0|0|0|0|0
00:08:10:80:dc:7a|0|2|0|0|0|0
01:00:5e:00:00:fb|0|0|0|1|0|121
c6:5d:67:58:06:10|0|1|0|0|0|0
01:00:5e:00:00:fa|0|0|0|2|0|228
33:33:00:00:00:01|0|0|0|1|0|120
f0:ef:86:06:76:35|0|1|0|0|0|0
84:4b:f5:19:a0:99|0|4|0|0|0|0
da:a1:19:1e:35:71|1|7|0|0|0|0
10:fe:ed:dd:08:06|1|0|0|0|0|0
26:25:22:57:ad:00|0|2|0|0|0|0
e4:5f:01:5c:9d:89|0|1|0|0|0|0
54:60:09:e2:ee:aa|0|6|0|0|0|0
86:d8:45:66:3e:f9|1|0|0|0|0|0
44:46:87:a9:e4:4b|0|4|0|0|0|0
46:3b:78:62:ec:7e|1|10|6|0|144|0
c4:12:f5:d1:17:6c|0|0|0|6|0|144
5a:a5:15:ce:51:b9|1|0|0|0|0|0
06:88:88:56:af:5e|0|1|0|0|0|0
c6:03:9c:b4:3b:2c|0|2|0|0|0|0
ba:0e:f1:a9:09:39|0|1|0|0|0|0
