109
b4:e6:2d:f6:b6:a5
d8:b6:b7:7a:3a:61|1730|0|15|106|1550|2723
72:9c:22:19:0a:96|0|4|0|0|0|0
ff:ff:ff:ff:ff:ff|0|3517|0|140|0|42729
68:02:b8:1e:7f:1f|1361|0|167|0|47945|0
6a:02:98:1e:7f:1f|1361|0|0|0|0|0
c6:29:67:3f:6d:7e|0|15|0|0|0|0
88:9f:6f:ab:69:ae|42|78|0|0|0|0
b4:e6:2d:f6:b6:a5|0|1|0|4|0|482
4a:21:52:20:75:76|0|13|0|0|0|0
5e:f1:ea:e6:68:8d|0|11|0|0|0|0
bc:54:51:02:a4:f0|0|0|20|2|651|52
22:27:fa:3a:83:86|0|7|0|0|0|0
33:33:00:00:00:01|0|0|0|3|0|584
66:d6:3d:f7:3f:a6|0|7|0|0|0|0
de:51:a6:b4:95:42|0|7|0|0|0|0
01:00:5e:00:00:16|0|0|0|3|0|270
01:00:5e:00:00:fb|0|0|0|11|0|2346
33:33:00:00:00:fb|0|0|0|11|0|2566
a4:3e:a0:a4:2a:46|0|109|0|0|0|0
e6:5f:e7:2c:fc:0e|0|7|0|0|0|0
3a:39:40:17:c5:5a|1|20|0|0|0|0
02:5a:af:44:c5:32|0|7|0|0|0|0
0a:0a:e7:c6:3f:fd|0|27|0|0|0|0
5a:cd:fb:8c:52:57|0|7|0|0|0|0
26:17:dc:59:74:f7|0|0|12|1|288|26
04:4e:af:c1:95:ed|0|12|0|0|0|0
3e:e6:60:a6:a7:70|0|16|0|0|0|0
ee:4d:06:3d:75:7f|0|3|0|0|0|0
cc:4b:73:b0:02:dc|0|12|0|0|0|0
70:ee:50:73:4e:36|0|0|83|0|2156|0
b0:95:75:4b:b9:26|0|0|0|83|0|2156
2a:a2:a3:bb:67:20|0|13|0|0|0|0
7e:2b:aa:11:4b:64|2|0|3|0|72|0
0a:e4:44:db:cb:4e|0|13|0|0|0|0
82:7b:43:7c:a7:4f|0|10|0|0|0|0
e6:35:23:4e:ab:99|0|0|8|2|200|52
02:00:00:00:00:00|0|17|0|0|0|0
26:1b:08:d0:b5:19|0|15|0|0|0|0
ce:4d:35:f1:89:1f|0|7|0|0|0|0
0e:26:0a:2f:38:6b|0|0|66|2|1584|52
8e:b2:8a:39:ca:20|0|4|0|0|0|0
96:94:b5:74:2a:c0|0|7|0|0|0|0
1a:7d:90:45:ca:7b|1|7|0|0|0|0
4e:6f:b1:b4:2a:a4|0|7|0|0|0|0
9a:b2:aa:b9:2f:6d|0|7|0|0|0|0
00:1c:bf:52:98:29|0|10|0|0|0|0
56:6f:54:5f:42:63|0|7|0|0|0|0
0a:31:92:c5:41:de|0|0|0|3|0|72
a6:82:67:cc:a0:3e|0|7|0|0|0|0
0e:1c:d1:37:e8:e0|0|9|0|0|0|0
22:de:70:67:73:1e|0|3|0|0|0|0
b6:c3:dd:9e:32:68|0|8|0|0|0|0
16:e0:8e:80:53:65|0|12|0|0|0|0
7e:1e:6b:2a:26:18|0|7|0|0|0|0
1a:ae:f5:37:57:3b|0|7|0|0|0|0
16:6b:38:9b:4f:77|0|6|0|0|0|0
2a:67:16:a7:ba:f4|0|6|0|0|0|0
26:6c:fc:37:7a:12|0|5|0|0|0|0
72:b0:4e:eb:7c:ba|0|10|0|0|0|0
8a:93:3b:3a:a4:74|0|2|0|0|0|0
fa:44:3c:c4:f7:00|0|4|0|0|0|0
52:43:6f:33:2e:c0|0|19|0|0|0|0
4e:d8:70:da:8a:02|0|7|0|0|0|0
1a:b6:27:fe:6e:77|2|9|0|0|0|0
32:ba:f5:68:6d:7b|0|19|0|0|0|0
33:33:00:00:00:16|0|0|0|2|0|248
12:d3:9e:99:d7:4e|2|1|0|0|0|0
42:11:d1:ca:f0:bb|0|6|0|0|0|0
36:fc:c7:19:2f:41|0|7|0|0|0|0
7a:f4:60:f6:8d:fe|0|4|0|0|0|0
64:b3:10:aa:e3:3c|0|29|0|0|0|0
aa:02:dd:46:38:a2|0|7|0|0|0|0
22:30:e7:60:86:b4|0|9|0|0|0|0
72:3d:65:6c:32:e1|0|19|0|0|0|0
c4:5d:83:1f:db:8c|0|7|0|0|0|0
26:46:42:35:71:06|0|2|0|0|0|0
2e:f1:84:4c:b3:93|0|22|0|0|0|0
7e:46:74:3c:a4:8f|0|12|0|0|0|0
0a:f9:f2:19:41:97|0|6|0|0|0|0
d2:c3:cf:65:51:9a|0|7|0|0|0|0
5a:e9:fd:b4:81:b7|0|8|0|0|0|0
72:5e:f9:b1:59:d1|0|6|0|0|0|0
66:46:f5:5b:e8:53|0|6|0|0|0|0
ca:7a:b1:92:cc:10|0|2|0|0|0|0
fa:03:bb:c1:70:cd|0|14|0|0|0|0
de:6e:7b:9f:54:37|0|7|0|0|0|0
c6:16:96:5c:1d:81|0|19|0|0|0|0
2e:a0:f2:4c:3b:f9|0|7|0|0|0|0
01:00:5e:00:00:01|0|0|0|1|0|88
66:fc:38:0a:5a:75|0|6|0|0|0|0
1a:10:18:e8:da:c7|0|13|0|0|0|0
ba:68:a9:c5:58:b3|0|0|15|0|360|0
c8:66:5d:1f:4f:54|0|12|0|15|0|360
ee:30:00:e9:89:06|0|7|0|0|0|0
88:bd:45:82:d1:56|0|3|0|0|0|0
2a:da:4b:67:dd:84|0|7|0|0|0|0
12:18:24:2a:00:a8|0|12|0|0|0|0
3e:d3:8e:bb:ed:32|2|9|0|0|0|0
66:c7:f5:26:97:22|0|13|0|0|0|0
e6:e4:83:c2:d4:35|0|3|0|0|0|0
2e:26:e0:2a:ba:20|0|7|0|0|0|0
84:30:68:2b:51:6c|2|2|0|0|0|0
32:8b:25:81:de:a0|0|13|0|0|0|0
ea:fb:ff:f6:48:56|0|2|0|0|0|0
ae:2d:ad:e9:41:52|0|7|0|0|0|0
c2:e0:2c:f3:90:32|0|12|0|0|0|0
3a:db:f7:9b:87:4c|0|13|0|0|0|0
d6:71:78:ef:29:4c|0|12|0|0|0|0
32:05:63:d7:7d:10|1|3|0|0|0|0
