31
b4:e6:2d:f6:b6:a5
68:02:b8:1e:7f:1f|1279|0|316|22|59957|728
ff:ff:ff:ff:ff:ff|0|3479|0|278|0|55803
6a:02:98:1e:7f:1f|1275|0|0|0|0|0
d8:b6:b7:7a:3a:61|1247|0|38|42|10855|1292
b4:e6:2d:f6:b6:a5|0|2|0|5|0|577
0c:54:15:5d:f1:f6|0|12|0|0|0|0
12:a2:03:b5:a0:48|0|7|0|0|0|0
a4:3e:a0:a4:2a:46|0|112|0|0|0|0
0e:8b:88:c5:95:cb|0|12|0|0|0|0
bc:54:51:02:a4:f0|0|0|25|1|878|26
80:58:f8:93:88:29|0|0|22|34|728|4068
c8:66:5d:1f:4f:54|0|12|0|0|0|0
d8:8c:79:90:f4:9b|0|7|0|0|0|0
01:00:5e:00:00:01|0|0|0|1|0|88
e6:35:23:4e:ab:99|0|0|17|2|414|52
4e:92:2e:5c:11:c6|0|13|0|0|0|0
ba:5b:6e:b7:d4:d8|0|18|0|0|0|0
01:00:5e:00:00:fb|0|0|0|15|0|4968
33:33:00:00:00:fb|0|0|0|14|0|5058
0e:26:0a:2f:38:6b|0|8|0|2|0|52
42:19:73:8f:ab:5e|2|31|0|0|0|0
8e:ce:84:5f:9c:42|2|23|0|0|0|0
36:32:84:a0:bd:01|2|34|0|0|0|0
f0:72:ea:da:42:c6|0|7|0|0|0|0
52:4b:f9:83:3e:32|11|0|0|0|0|0
01:80:c2:00:00:0e|0|0|0|1|0|94
76:63:6e:63:a6:ad|3|19|0|0|0|0
26:17:dc:59:74:f7|0|0|0|1|0|26
64:b3:10:aa:e3:3c|0|2|0|0|0|0
26:6f:1d:c2:e2:46|0|12|0|0|0|0
90:97:f3:4d:11:9e|0|11|0|0|0|0
