33
b4:e6:2d:f6:b6:a5
d8:b6:b7:7a:3a:61|1309|0|9|63|296|2106
ff:ff:ff:ff:ff:ff|0|3532|0|226|0|22044
68:02:b8:1e:7f:1f|1263|0|287|0|29878|0
6a:02:98:1e:7f:1f|1261|0|0|0|0|0
b4:e6:2d:f6:b6:a5|0|1|0|4|0|482
f8:77:b8:53:10:e8|10|114|0|0|0|0
01:00:5e:7f:ff:fa|0|0|0|20|0|2300
c8:66:5d:1f:4f:54|0|19|0|0|0|0
70:ee:50:73:4e:36|0|0|11|0|286|0
b0:95:75:4b:b9:26|0|0|0|11|0|286
e6:35:23:4e:ab:99|0|0|8|2|200|52
4c:fc:aa:04:98:e5|7|0|0|0|0|0
bc:54:51:02:a4:f0|0|0|28|2|1258|52
26:17:dc:59:74:f7|0|0|25|2|600|52
33:33:ff:4e:85:99|0|0|0|13|0|1552
33:33:00:00:00:01|0|0|0|3|0|584
33:33:00:00:00:02|0|0|0|2|0|200
33:33:ff:1e:b6:60|0|0|0|1|0|112
a4:3e:a0:a4:2a:46|0|81|0|0|0|0
0e:26:0a:2f:38:6b|0|0|2|2|48|52
1a:87:40:02:c4:f3|0|17|0|0|0|0
84:16:f9:07:68:71|0|7|0|0|0|0
80:58:f8:e9:9d:51|0|13|0|0|0|0
