53
b4:e6:2d:f6:c8:79
90:9a:4a:80:85:9e|1189|0|0|0|0|0
ff:ff:ff:ff:ff:ff|0|3626|0|62|0|10664
68:ff:7b:c5:ca:c9|422|0|0|0|0|0
90:9a:4a:80:71:9a|1272|24|299|371|180113|46744
20:aa:4b:5b:e6:4b|890|0|66|28|11116|672
b4:e6:2d:f6:c8:79|0|1|0|5|0|549
28:6d:cd:09:2a:ea|0|0|27|5|5904|633
f0:ef:86:05:a3:fa|0|10|0|0|0|0
c0:06:c3:8f:c7:99|7|15|11|18|1029|1743
a4:50:46:4c:af:3b|13|41|324|253|38886|175082
48:5a:b6:22:0c:7e|0|10|0|0|0|0
da:a1:19:04:04:04|1|2|0|0|0|0
94:9f:3e:84:df:5a|21|7|0|0|0|0
c0:06:c3:8f:c0:7b|4|8|9|18|925|2106
d8:47:32:54:de:63|0|1|0|0|0|0
3e:9e:c1:ec:69:65|0|1|0|0|0|0
b8:27:eb:81:9a:d6|1|4|0|0|0|0
38:8b:59:29:24:78|5|0|0|0|0|0
cc:50:e3:f0:6b:20|0|0|28|0|672|0
48:d6:d5:7c:5a:40|5|0|0|0|0|0
2e:5f:6d:3d:a5:58|0|6|0|0|0|0
cc:88:26:49:3c:fa|0|4|0|0|0|0
02:00:00:00:00:00|0|2|0|0|0|0
50:e0:85:84:55:94|2|15|0|0|0|0
4a:7c:e3:27:a9:6b|1|0|0|0|0|0
14:f6:d8:d4:ba:48|0|1|0|0|0|0
ce:28:f6:84:94:22|0|3|0|0|0|0
f4:f5:d8:84:58:92|0|1|0|0|0|0
c4:12:f5:d1:17:6c|1|0|0|0|0|0
ea:7c:eb:25:e0:e9|0|1|0|0|0|0
01:00:5e:00:00:fa|0|0|0|1|0|114
1e:ca:b7:57:60:2b|0|2|0|0|0|0
3c:8d:20:4f:d8:e9|5|0|0|0|0|0
f4:f5:d8:8d:f2:58|4|7|0|0|0|0
e4:5f:01:5c:9d:89|0|6|0|0|0|0
74:df:bf:45:ac:65|0|3|0|0|0|0
44:07:0b:70:9e:93|2|0|0|0|0|0
54:60:09:e2:ee:aa|0|8|0|0|0|0
1c:bf:ce:e3:fb:45|0|7|0|0|0|0
44:07:0b:6c:b6:e3|2|0|0|0|0|0
08:9e:08:bc:6c:2b|0|6|0|0|0|0
92:d8:ab:6d:cd:ff|0|1|0|0|0|0
01:00:5e:00:00:fb|0|0|0|1|0|121
33:33:00:00:00:fb|0|0|0|1|0|141
44:07:0b:60:bf:75|1|0|0|0|0|0
7c:2e:bd:f4:94:ee|7|0|0|0|0|0
ca:f6:11:16:a6:b6|0|1|0|0|0|0
d0:77:14:ca:f0:b6|0|6|0|0|0|0
f2:b2:80:0a:ea:79|0|16|0|0|0|0
de:cf:7e:a0:9d:c5|0|2|0|0|0|0
01:00:5e:00:00:01|0|0|0|1|0|76
9e:c1:df:7d:c1:5a|3|9|0|0|0|0
f0:ef:86:06:76:35|0|1|0|0|0|0
