44
b4:e6:2d:f6:b6:a5
d8:b6:b7:7a:3a:61|1431|0|28|139|2457|5139
ff:ff:ff:ff:ff:ff|0|3535|0|23|0|2265
68:02:b8:1e:7f:1f|1333|0|21|0|2790|0
6a:02:98:1e:7f:1f|1331|0|0|0|0|0
70:ee:50:73:4e:36|0|0|134|0|3472|0
b0:95:75:4b:b9:26|0|0|0|134|0|3472
1a:53:ad:cb:61:8a|0|15|0|0|0|0
b4:e6:2d:f6:b6:a5|0|2|0|3|0|390
da:a1:19:3a:46:12|0|7|0|0|0|0
0e:26:0a:2f:38:6b|0|0|6|2|144|52
e6:35:23:4e:ab:99|13|210|120|0|4683|0
33:33:ff:68:67:d2|0|0|0|3|0|360
a4:3e:a0:a4:2a:46|0|99|0|0|0|0
7a:9d:ce:87:70:72|0|7|0|0|0|0
da:a1:19:59:84:c0|0|7|0|0|0|0
26:17:dc:59:74:f7|0|0|13|2|312|52
c8:66:5d:1f:4f:54|0|13|0|0|0|0
36:60:ec:f3:9e:cd|0|7|0|0|0|0
da:a1:19:ec:98:01|2|7|0|0|0|0
da:a1:19:11:f6:30|2|0|0|0|0|0
0c:54:15:5d:f1:f6|0|7|0|0|0|0
da:a1:19:4e:ef:1c|2|0|0|0|0|0
d6:30:8f:2b:1f:a2|0|13|0|0|0|0
c0:ee:fb:43:db:fb|0|13|0|0|0|0
da:a1:19:c2:7f:cb|1|7|0|0|0|0
f0:72:ea:da:42:c6|0|28|0|0|0|0
01:00:5e:00:00:16|0|0|0|4|0|360
01:00:5e:00:00:fb|0|0|0|8|0|1096
86:e8:1b:78:65:8f|0|7|0|0|0|0
00:0c:e7:fa:ae:55|0|15|0|0|0|0
ee:5b:8a:2a:8a:ea|2|0|0|0|0|0
7e:3d:96:78:ee:c4|2|0|0|0|0|0
5a:f3:8f:31:54:cd|0|4|0|0|0|0
42:98:3f:14:88:05|0|7|0|0|0|0
00:0c:e7:52:26:6e|0|26|0|0|0|0
64:b3:10:aa:e3:3c|0|23|0|0|0|0
16:3e:37:9a:66:1f|1|7|0|0|0|0
0a:02:c5:a7:36:fb|0|13|0|0|0|0
01:00:5e:00:00:01|0|0|0|1|0|88
00:0c:e7:49:a4:50|0|14|0|0|0|0
33:33:00:00:00:01|0|0|0|3|0|584
22:cb:19:bd:f0:91|0|1|0|0|0|0
d2:a8:b0:d9:6f:53|0|7|0|0|0|0
00:0c:e7:a7:8f:f0|0|19|0|0|0|0
