56
b4:e6:2d:f6:c8:79
90:9a:4a:80:71:9a|1326|5|54|71|7069|11412
ff:ff:ff:ff:ff:ff|0|1584|0|5|0|973
90:9a:4a:80:85:9e|254|0|0|0|0|0
20:aa:4b:5b:e6:4b|128|0|5|0|973|0
28:6d:cd:09:2a:ea|0|0|41|28|8504|3926
b4:e6:2d:f6:c8:79|0|4|0|4|0|454
44:07:0b:70:9e:93|7|0|0|0|0|0
54:2a:a2:73:c6:e9|8|82|0|0|0|0
ae:05:97:cd:82:76|0|1|0|0|0|0
44:07:0b:2f:49:8b|5|0|0|0|0|0
c0:06:c3:8f:c7:99|0|0|10|4|951|474
10:fe:ed:dd:08:06|17|0|0|0|0|0
68:ff:7b:c5:ca:c9|35|0|6|0|1190|0
c0:06:c3:8f:c0:7b|5|10|12|17|1365|2101
86:87:21:26:55:ee|0|1|0|0|0|0
e2:75:47:25:03:27|0|1|0|0|0|0
24:77:03:d4:12:38|3|13|0|0|0|0
a4:50:46:4c:af:3b|0|0|8|1|592|114
1a:a5:c3:61:4f:b6|0|0|0|1|0|78
f0:ef:86:06:76:35|0|2|0|0|0|0
34:2e:b7:95:ee:df|0|1|0|0|0|0
00:31:92:b2:52:69|1|0|0|0|0|0
f0:f6:c1:d5:cb:42|0|6|0|0|0|0
01:00:5e:00:00:fb|0|0|0|3|0|936
b8:27:eb:81:9a:d6|0|5|0|0|0|0
da:a1:19:c4:bb:22|0|1|0|0|0|0
48:c7:96:41:83:35|0|1|0|0|0|0
54:60:09:e2:ee:aa|0|2|0|0|0|0
c2:3d:67:ce:8e:58|0|1|0|0|0|0
3c:8d:20:19:41:be|0|12|0|0|0|0
44:46:87:a9:e4:4b|0|4|0|0|0|0
f2:5e:e8:ed:b5:c1|2|2|0|0|0|0
f4:f5:d8:8d:f2:58|0|8|0|0|0|0
36:f6:85:fe:81:55|0|1|0|0|0|0
3e:73:02:d6:a4:51|0|1|0|0|0|0
80:45:dd:a7:9e:f5|0|3|0|0|0|0
02:00:00:00:00:00|0|3|0|0|0|0
a8:34:6a:31:e6:88|4|34|0|0|0|0
22:bd:67:74:76:b1|0|1|0|0|0|0
da:a1:19:dc:fd:15|0|5|0|0|0|0
0a:5f:bc:bc:40:7a|1|0|0|0|0|0
c6:75:5b:1e:9f:7e|0|1|0|0|0|0
80:45:dd:ab:be:68|0|6|0|0|0|0
01:00:5e:00:00:16|0|0|0|2|0|176
4a:35:03:a8:42:4a|0|1|0|0|0|0
ce:e4:7c:e5:21:2a|0|1|0|0|0|0
8e:a9:f6:f4:3c:4d|0|2|0|0|0|0
06:2f:c4:8c:d9:b4|0|1|0|0|0|0
5a:08:ae:7e:e8:9f|0|1|0|0|0|0
08:9e:08:49:f2:bd|0|2|0|0|0|0
b4:75:0e:da:6c:72|6|0|0|0|0|0
b4:75:0e:da:6c:73|11|0|0|0|0|0
de:21:63:5d:f2:1c|0|1|0|0|0|0
0e:7e:94:18:e8:6c|0|1|0|0|0|0
9e:e5:5c:8d:c0:af|0|1|0|0|0|0
42:dd:1e:68:8f:22|2|3|0|0|0|0
