18
b4:e6:2d:f6:b6:a5
68:02:b8:1e:7f:1f|1222|0|45|0|8571|0
ff:ff:ff:ff:ff:ff|0|2344|0|0|0|0
6a:02:98:1e:7f:1f|1220|0|0|0|0|0
70:ee:50:73:4e:36|0|0|74|0|1918|0
b0:95:75:4b:b9:26|0|0|0|74|0|1918
b4:e6:2d:f6:b6:a5|0|2|0|5|0|574
01:00:5e:7f:ff:fa|0|0|0|29|0|5829
a4:3e:a0:a4:2a:46|0|42|0|0|0|0
9c:5d:12:d7:43:d4|0|6|0|0|0|0
c8:66:5d:1f:4f:54|0|12|0|0|0|0
64:b3:10:aa:e3:3c|0|12|0|0|0|0
c6:5e:3e:43:ef:6d|0|6|0|0|0|0
26:6f:1d:c2:e2:46|0|6|0|0|0|0
10:1c:0c:1a:10:10|0|6|0|0|0|0
01:00:5e:00:00:fb|0|0|0|4|0|752
33:33:00:00:00:fb|0|0|0|4|0|832
aa:96:6c:98:18:84|0|6|0|0|0|0
33:33:00:00:00:01|0|0|0|3|0|584
