40
b4:e6:2d:f6:b6:a5
68:02:b8:1e:7f:1f|1271|0|283|1|62523|78
ff:ff:ff:ff:ff:ff|0|3031|0|159|0|44438
6a:02:98:1e:7f:1f|1270|0|0|0|0|0
d8:b6:b7:7a:3a:61|933|0|11|38|618|1142
54:2a:a2:48:a3:f0|0|147|0|0|0|0
b4:e6:2d:f6:b6:a5|0|1|0|3|0|390
c8:66:5d:1f:4f:54|0|18|0|0|0|0
bc:54:51:02:a4:f0|0|0|20|1|704|26
2c:0e:3d:ac:4c:05|0|0|0|1|0|92
a4:3e:a0:a4:2a:46|0|169|0|0|0|0
e6:35:23:4e:ab:99|0|0|9|2|222|52
0e:26:0a:2f:38:6b|0|0|8|0|192|0
f0:72:ea:da:42:c6|0|14|0|0|0|0
01:00:5e:00:00:fb|0|0|0|38|0|5222
33:33:00:00:00:fb|0|0|0|37|0|5872
33:33:00:00:00:16|0|0|0|4|0|496
01:00:5e:00:00:16|0|0|0|2|0|180
26:17:dc:59:74:f7|0|0|1|2|24|52
01:00:5e:00:00:01|0|0|0|1|0|88
01:00:5e:00:00:02|0|0|0|1|0|90
01:00:5e:7f:ff:fa|0|0|0|12|0|2412
00:1c:bf:52:98:29|0|7|0|0|0|0
33:33:00:00:00:01|0|0|0|3|0|584
33:33:00:00:00:02|0|0|0|1|0|96
33:33:ff:1e:b6:60|0|0|0|1|0|112
d8:8c:79:90:f4:9b|0|7|0|0|0|0
6a:9d:d9:b5:4a:36|2|4|0|0|0|0
ba:9f:31:f7:09:ae|0|9|0|0|0|0
ee:64:e9:d7:86:f7|2|2|0|0|0|0
72:b1:26:ff:2b:cc|2|8|0|0|0|0
b2:1d:a9:96:c5:d5|0|7|0|0|0|0
a6:bf:19:38:77:9c|0|3|0|0|0|0
f2:7e:9a:73:02:2c|2|13|0|0|0|0
32:a4:c9:00:8b:57|0|7|0|0|0|0
33:33:00:01:00:03|0|0|0|12|0|1476
01:00:5e:00:00:fc|0|0|0|12|0|1236
80:58:f8:93:88:29|0|0|1|2|78|227
32:05:72:ae:e1:0f|0|14|0|0|0|0
64:b3:10:aa:e3:3c|0|14|0|0|0|0
7c:38:ad:81:e0:39|0|7|0|0|0|0
