66
b4:e6:2d:f6:c8:79
90:9a:4a:80:71:9a|1253|19|783|1136|704650|212405
ff:ff:ff:ff:ff:ff|0|2335|0|33|0|5690
90:9a:4a:80:85:9e|580|11|166|70|153569|1986
68:ff:7b:c5:ca:c9|243|0|0|0|0|0
a4:50:46:4c:af:3b|24|40|1114|771|210135|703370
20:aa:4b:5b:e6:4b|482|0|32|0|5520|0
c0:06:c3:8f:c7:99|2|4|7|1|423|78
b4:e6:2d:f6:c8:79|0|1|0|3|0|376
82:fa:e2:9b:d9:f5|0|3|0|0|0|0
6a:9f:9b:8c:13:93|0|6|0|0|0|0
9e:ab:89:2d:82:91|2|39|46|101|1362|134037
88:46:04:50:5c:49|1|4|0|0|0|0
01:00:5e:00:00:fb|0|0|0|4|0|496
6a:a7:b9:89:64:11|3|0|0|0|0|0
c0:06:c3:8f:c0:7b|4|7|11|5|1007|511
20:ad:56:50:72:ef|0|6|0|0|0|0
04:6c:59:1b:72:04|10|25|24|3|624|234
01:00:5e:7f:ff:fa|0|0|0|50|0|18006
f0:f6:c1:d5:cb:42|0|3|0|0|0|0
50:e0:85:84:55:94|2|6|0|0|0|0
92:c0:4f:eb:94:49|3|6|0|0|0|0
8e:78:40:83:45:9d|1|1|0|0|0|0
48:5a:b6:22:0c:7e|0|11|0|0|0|0
b0:a7:b9:89:64:1f|3|0|0|0|0|0
cc:88:26:04:51:81|1|9|0|0|0|0
88:3d:24:10:7e:ce|0|1|0|0|0|0
96:a5:e5:59:d0:19|0|4|0|0|0|0
46:17:6f:b5:a5:8c|2|0|0|0|0|0
f2:98:72:e5:78:7a|0|3|0|0|0|0
28:6d:cd:09:2a:ea|0|0|4|3|840|315
e6:f3:e0:49:9c:7e|0|3|0|0|0|0
f4:f5:d8:8d:f2:58|1|2|0|0|0|0
da:a1:19:1c:1c:1c|1|4|0|0|0|0
01:00:5e:00:00:01|0|0|0|2|0|160
76:61:36:87:0a:d5|0|3|0|0|0|0
01:00:5e:00:00:16|0|0|0|4|0|352
8e:8a:82:7d:e2:d6|0|3|0|0|0|0
02:16:f5:e5:33:21|0|3|0|0|0|0
54:60:09:e2:ee:aa|0|4|0|0|0|0
44:07:0b:70:9e:93|4|0|0|0|0|0
fa:03:57:4e:24:47|0|1|0|0|0|0
fe:ef:ad:6a:a3:a9|0|6|0|0|0|0
56:a9:3b:c5:d3:20|0|3|0|0|0|0
94:65:2d:d6:9c:46|0|6|0|0|0|0
3a:7c:f4:ce:be:88|0|3|0|0|0|0
3a:a8:64:3c:31:30|0|3|0|0|0|0
3a:68:a5:98:26:02|0|3|0|0|0|0
06:5a:ec:05:99:c5|0|1|0|0|0|0
f2:1c:ea:3f:37:a1|1|0|0|0|0|0
a2:60:e7:34:ef:c9|0|3|0|0|0|0
36:89:98:f8:ec:da|0|6|0|0|0|0
e6:2b:6c:9f:1d:dd|0|1|0|0|0|0
00:08:07:76:35:b7|0|2|0|0|0|0
01:00:5e:00:00:fa|0|0|0|1|0|114
c2:a9:3d:47:29:11|0|2|0|0|0|0
06:15:42:a3:98:ac|0|4|0|0|0|0
de:cd:8a:98:3e:5c|0|1|0|0|0|0
38:87:d5:8a:96:cf|1|2|0|0|0|0
34:f6:4b:e3:9c:e8|0|2|0|0|0|0
9a:6c:bb:25:71:c7|0|3|0|0|0|0
32:26:b5:4f:1b:08|1|3|0|0|0|0
08:9e:08:bc:6c:2b|0|2|0|0|0|0
44:07:0b:60:bf:75|1|0|0|0|0|0
b2:9a:4a:4d:62:52|0|1|0|0|0|0
22:54:9f:7f:86:02|0|1|0|0|0|0
16:72:09:e1:a6:c2|0|1|0|0|0|0
