31
b4:e6:2d:f6:b6:a5
d8:b6:b7:7a:3a:61|794|0|11|35|1198|1072
ff:ff:ff:ff:ff:ff|0|2974|0|257|0|53068
68:02:b8:1e:7f:1f|1217|0|289|0|58024|0
6a:02:98:1e:7f:1f|1215|0|0|0|0|0
01:00:5e:7f:ff:fa|0|0|0|10|0|2294
b4:e6:2d:f6:b6:a5|0|2|0|3|0|390
bc:54:51:02:a4:f0|0|0|20|2|704|52
0e:26:0a:2f:38:6b|0|0|7|1|168|26
40:5b:d8:0a:2b:bb|0|19|0|0|0|0
7a:11:f8:97:67:f7|1|3|0|0|0|0
a4:3e:a0:a4:2a:46|0|100|0|0|0|0
94:e2:3c:3e:11:65|0|39|0|0|0|0
64:b3:10:aa:e3:3c|0|13|0|0|0|0
e6:35:23:4e:ab:99|0|0|8|2|200|52
26:17:dc:59:74:f7|0|0|0|2|0|52
c8:66:5d:1f:4f:54|0|12|0|0|0|0
84:16:f9:07:68:71|0|19|0|0|0|0
33:33:00:00:00:01|0|0|0|3|0|584
0a:c6:d4:24:bd:8e|0|39|0|0|0|0
9c:28:bf:71:06:76|0|1|0|0|0|0
00:1c:bf:52:98:29|0|3|0|0|0|0
33:33:00:00:00:16|0|0|0|5|0|620
01:00:5e:00:00:16|0|0|0|5|0|470
01:00:5e:00:00:fb|0|0|0|4|0|648
33:33:00:00:00:fb|0|0|0|4|0|728
33:33:00:01:00:03|0|0|0|1|0|129
01:00:5e:00:00:fc|0|0|0|1|0|109
c2:31:aa:6c:de:45|0|2|0|0|0|0
0c:54:15:5d:f1:f6|0|7|0|0|0|0
e2:df:88:1b:ca:fe|3|0|0|0|0|0
a2:de:96:26:2a:80|3|0|0|0|0|0
