40
b4:e6:2d:f6:b6:a5
6a:02:98:1e:7f:1f|1264|0|0|0|0|0
ff:ff:ff:ff:ff:ff|0|3675|0|137|0|13184
d8:b6:b7:7a:3a:61|1389|0|26|44|3376|1288
68:02:b8:1e:7f:1f|1259|0|201|15|44852|442
b4:e6:2d:f6:b6:a5|0|1|0|3|0|390
70:2e:22:8d:72:74|193|0|0|0|0|0
a4:3e:a0:a4:2a:46|0|147|0|0|0|0
00:0c:43:18:8e:7b|0|8|0|0|0|0
84:16:f9:07:68:71|0|22|0|0|0|0
01:00:5e:7f:ff:fa|0|0|0|60|0|30806
01:00:5e:00:00:01|0|0|0|1|0|88
4a:73:e5:97:50:38|0|13|0|0|0|0
4c:fc:aa:04:03:83|0|8|0|0|0|0
c8:66:5d:1f:4f:54|0|12|0|0|0|0
54:2a:a2:48:a3:f0|0|125|0|0|0|0
4e:9b:05:55:9f:ce|0|0|15|0|442|0
5c:f8:21:84:a4:31|0|3|0|0|0|0
bc:54:51:02:a4:f0|0|0|20|3|704|78
26:17:dc:59:74:f7|0|0|15|1|360|26
e6:35:23:4e:ab:99|0|0|8|2|200|52
f0:72:ea:da:42:c6|0|6|0|0|0|0
01:00:5e:00:00:fb|0|0|0|5|0|1031
33:33:00:00:00:fb|0|0|0|6|0|1341
0e:26:0a:2f:38:6b|0|0|1|0|24|0
64:b3:10:aa:e3:3c|0|13|0|0|0|0
33:33:00:00:00:01|0|0|0|3|0|584
33:33:00:00:00:02|0|0|0|1|0|96
33:33:ff:1e:b6:60|0|0|0|1|0|112
1a:87:40:21:30:30|1|19|0|0|0|0
f0:5c:77:1a:f1:64|0|6|0|0|0|0
ca:5c:c9:ff:bd:7d|2|0|0|0|0|0
ca:5c:c9:eb:a9:69|1|0|0|0|0|0
0c:54:15:5d:f1:f6|0|7|0|0|0|0
9e:48:7d:90:cd:6a|0|14|0|0|0|0
ca:5c:c9:60:61:20|1|4|0|0|0|0
d8:8c:79:90:f4:9b|0|7|0|0|0|0
80:be:05:5f:13:d9|0|7|0|0|0|0
33:33:00:00:00:16|0|0|0|2|0|256
01:00:5e:00:00:16|0|0|0|2|0|184
e2:de:43:74:7f:6a|0|13|0|0|0|0
