20
b4:e6:2d:f6:b6:a5
68:02:b8:1e:7f:1f|1244|0|309|0|58758|0
ff:ff:ff:ff:ff:ff|0|2346|0|302|0|57692
6a:02:98:1e:7f:1f|1243|0|0|0|0|0
70:ee:50:73:4e:36|0|0|11|0|286|0
b0:95:75:4b:b9:26|0|0|0|11|0|286
a4:3e:a0:a4:2a:46|0|84|0|0|0|0
b4:e6:2d:f6:b6:a5|0|1|0|4|0|482
3a:af:a1:88:0e:79|0|6|0|0|0|0
c8:66:5d:1f:4f:54|0|6|0|0|0|0
be:ed:83:bd:87:69|0|6|0|0|0|0
10:1c:0c:1a:10:10|2|0|0|0|0|0
44:fe:3b:06:5c:71|5|0|0|0|0|0
16:46:65:b9:cb:c5|0|19|0|0|0|0
84:16:f9:07:68:71|0|12|0|0|0|0
64:b3:10:aa:e3:3c|0|6|0|0|0|0
56:5c:2a:f1:3f:84|0|1|0|0|0|0
f6:1f:65:cb:7d:86|0|1|0|0|0|0
33:33:00:00:00:01|0|0|0|3|0|584
82:58:91:07:63:3f|0|1|0|0|0|0
8e:ce:84:5f:9c:42|1|6|0|0|0|0
