36
b4:e6:2d:f6:c8:79
90:9a:4a:80:85:9e|1159|0|5|4|396|96
ff:ff:ff:ff:ff:ff|0|3505|0|55|0|10535
90:9a:4a:80:71:9a|1205|7|60|97|19143|14083
20:aa:4b:5b:e6:4b|962|0|59|0|10959|0
68:ff:7b:c5:ca:c9|241|0|0|0|0|0
c0:06:c3:8f:c7:99|0|0|9|5|780|552
44:07:0b:2f:49:8b|7|0|0|0|0|0
ca:50:17:7f:3c:13|0|1|0|0|0|0
b4:e6:2d:f6:c8:79|0|2|0|4|0|471
01:00:5e:00:00:fa|0|0|0|2|0|228
28:6d:cd:09:2a:ea|0|0|31|6|6904|792
f4:f2:6d:90:44:3c|4|0|0|0|0|0
9e:ab:89:2d:82:91|0|0|4|4|96|312
c0:06:c3:8f:c0:7b|4|8|11|6|1108|601
33:33:00:00:00:01|0|0|0|1|0|120
f0:ef:86:06:76:35|0|15|0|0|0|0
56:97:19:8c:6b:23|0|1|0|0|0|0
9a:5e:5c:2c:f1:ec|0|1|0|0|0|0
ac:d1:b8:8d:4b:a1|0|5|0|0|0|0
a4:50:46:4c:af:3b|3|2|46|39|5291|16727
20:1f:3b:3a:bb:3d|5|0|0|0|0|0
44:46:87:a9:e4:4b|0|7|0|0|0|0
ce:86:7a:a6:a1:38|0|1|0|0|0|0
f4:f5:d8:8d:f2:58|7|10|0|0|0|0
1c:bf:ce:e3:fb:45|0|6|0|0|0|0
44:07:0b:70:9e:93|5|0|0|0|0|0
01:00:5e:00:00:01|0|0|0|2|0|160
b8:27:eb:81:9a:d6|0|3|0|0|0|0
74:e5:f9:00:9d:f3|0|3|0|0|0|0
4a:a2:72:ea:4c:99|2|12|0|0|0|0
e4:5f:01:5c:9d:89|0|6|0|0|0|0
00:08:07:76:35:b7|0|3|0|0|0|0
f0:ef:86:21:66:5f|0|3|0|0|0|0
3c:8d:20:4f:d8:e9|1|0|0|0|0|0
00:08:03:bf:74:c3|0|2|0|0|0|0
08:9e:08:bc:6c:2b|0|2|0|0|0|0
