42
b4:e6:2d:f6:c8:79
90:9a:4a:80:71:9a|1347|4|75|116|18441|17952
ff:ff:ff:ff:ff:ff|0|2808|0|9|0|914
90:9a:4a:80:85:9e|912|0|2|0|156|0
20:aa:4b:5b:e6:4b|518|0|13|0|2200|0
e4:5f:01:5c:9d:89|0|3|0|0|0|0
68:ff:7b:c5:ca:c9|233|0|0|0|0|0
00:08:07:76:35:b7|0|7|0|0|0|0
32:1d:c4:f9:35:70|0|3|0|0|0|0
08:9e:08:bc:6c:2b|0|5|0|0|0|0
b4:e6:2d:f6:c8:79|0|2|0|3|0|376
33:33:00:00:00:0c|0|0|0|2|0|420
20:1f:3b:3a:bb:3d|22|101|0|0|0|0
c0:06:c3:8f:c0:7b|4|8|11|2|1174|156
22:4a:74:9e:7e:21|0|6|0|0|0|0
10:fe:ed:dd:08:06|6|0|0|0|0|0
44:07:0b:70:9e:93|4|0|0|0|0|0
0a:26:07:17:f8:71|1|0|0|0|0|0
b8:27:eb:81:9a:d6|0|7|0|0|0|0
c0:06:c3:8f:c7:99|0|0|6|1|399|78
a4:50:46:4c:af:3b|2|8|94|67|15837|17127
b4:75:0e:da:6c:72|2|0|0|0|0|0
b4:75:0e:da:6c:73|2|0|0|0|0|0
a0:2c:36:28:1e:19|0|2|0|0|0|0
28:6d:cd:09:2a:ea|0|0|5|2|542|704
8c:70:5a:60:0e:bc|5|12|0|0|0|0
1c:bf:ce:e3:fb:45|0|4|0|0|0|0
9e:ab:89:2d:82:91|0|2|0|2|0|156
44:07:0b:2f:49:8b|12|0|0|0|0|0
ec:5c:68:84:b1:4b|2|17|0|0|0|0
24:77:03:d4:12:38|2|17|0|0|0|0
01:00:5e:00:00:fb|0|0|0|2|0|866
74:df:bf:45:ac:65|0|6|0|0|0|0
44:07:0b:6c:b6:e3|1|0|0|0|0|0
a6:23:9c:e5:b4:cb|11|46|0|0|0|0
54:60:09:e2:ee:aa|0|3|0|0|0|0
f4:f2:6d:90:44:3c|2|0|0|0|0|0
b0:e4:d5:ba:87:fe|0|1|0|0|0|0
8e:f4:5a:5b:ae:c1|2|6|0|0|0|0
f0:ef:86:06:76:35|0|6|0|0|0|0
90:9a:4a:80:6a:fe|1|0|0|0|0|0
f4:f5:d8:8d:f2:58|0|3|0|0|0|0
d8:47:32:54:de:63|0|4|0|0|0|0
