25
b4:e6:2d:f6:b6:a5
68:02:b8:1e:7f:1f|1229|0|278|0|55940|0
ff:ff:ff:ff:ff:ff|0|2914|0|272|0|55155
d8:b6:b7:7a:3a:61|685|0|31|40|7532|1192
6a:02:98:1e:7f:1f|1229|0|0|0|0|0
b4:e6:2d:f6:b6:a5|0|1|0|4|0|482
26:17:dc:59:74:f7|0|0|12|2|288|52
e6:35:23:4e:ab:99|0|0|8|2|200|52
a4:3e:a0:a4:2a:46|0|147|0|0|0|0
c8:66:5d:1f:4f:54|0|17|0|0|0|0
bc:54:51:02:a4:f0|0|0|20|0|704|0
12:22:0b:90:af:74|0|6|0|0|0|0
f0:72:ea:da:42:c6|0|10|0|0|0|0
0c:2f:b0:2e:30:34|0|13|0|0|0|0
4a:6c:1c:a7:7b:43|0|10|0|0|0|0
33:33:00:00:00:01|0|0|0|3|0|584
01:00:5e:00:00:fb|0|0|0|11|0|3310
33:33:00:00:00:fb|0|0|0|10|0|3249
33:33:00:00:00:16|0|0|0|1|0|128
01:00:5e:00:00:16|0|0|0|1|0|92
01:00:5e:00:00:01|0|0|0|1|0|88
64:b3:10:aa:e3:3c|0|14|0|0|0|0
0e:26:0a:2f:38:6b|0|0|0|1|0|26
01:00:5e:7f:ff:fa|0|0|0|1|0|254
74:d8:3e:48:7a:f1|0|5|0|0|0|0
48:51:c5:22:bd:66|0|6|0|0|0|0
