17
b4:e6:2d:f6:b6:a5
68:02:b8:1e:7f:1f|1241|0|14|0|3102|0
ff:ff:ff:ff:ff:ff|0|2347|0|0|0|0
6a:02:98:1e:7f:1f|1241|0|0|0|0|0
b4:e6:2d:f6:b6:a5|0|1|0|3|0|390
70:ee:50:73:4e:36|0|0|105|0|2704|0
b0:95:75:4b:b9:26|0|0|0|105|0|2704
a4:3e:a0:a4:2a:46|0|54|0|0|0|0
01:00:5e:00:00:fb|0|0|0|4|0|1024
33:33:00:00:00:fb|0|0|0|4|0|1104
10:1c:0c:1a:10:10|1|24|0|0|0|0
33:33:00:00:00:01|0|0|0|3|0|584
58:b1:0f:56:36:08|0|18|0|0|0|0
a4:97:33:5c:97:51|0|6|0|0|0|0
aa:ef:73:18:72:21|1|6|0|0|0|0
82:3d:bd:ba:fd:10|0|11|0|0|0|0
64:b3:10:aa:e3:3c|1|12|0|0|0|0
c8:66:5d:1f:4f:54|0|6|0|0|0|0
