48
b4:e6:2d:f6:b6:a5
d8:b6:b7:7a:3a:61|1490|0|142|168|38283|4390
ff:ff:ff:ff:ff:ff|0|3523|0|158|0|45204
68:02:b8:1e:7f:1f|1237|0|157|0|45456|0
6a:02:98:1e:7f:1f|1235|0|0|0|0|0
e6:35:23:4e:ab:99|0|0|39|2|1070|52
bc:54:51:02:a4:f0|0|0|20|3|704|262
a4:3e:a0:a4:2a:46|0|136|0|0|0|0
0e:26:0a:2f:38:6b|0|0|81|2|1944|52
26:17:dc:59:74:f7|0|0|28|2|672|52
b4:e6:2d:f6:b6:a5|0|2|0|6|0|746
33:33:00:00:00:01|0|0|0|5|0|940
f0:72:ea:da:42:c6|0|14|0|0|0|0
52:02:86:0b:75:8f|0|77|0|0|0|0
be:d8:2c:5f:b3:eb|0|7|0|0|0|0
e8:df:70:a6:5d:05|0|2|0|0|0|0
8a:5f:b8:df:de:68|0|7|0|0|0|0
70:ee:50:73:4e:36|0|0|19|0|494|0
b0:95:75:4b:b9:26|0|0|0|19|0|494
ae:17:b4:51:d4:71|0|5|0|0|0|0
8e:19:5a:02:2d:92|0|6|0|0|0|0
ca:aa:1c:d0:dc:2c|1|7|0|0|0|0
c8:66:5d:1f:4f:54|0|18|0|0|0|0
33:33:00:00:00:16|0|0|0|12|0|1528
33:33:00:01:00:02|0|0|0|6|0|1170
33:33:00:00:00:fb|0|0|0|24|0|4101
01:00:5e:00:00:fb|0|0|0|20|0|3141
33:33:00:01:00:03|0|0|0|1|0|133
01:00:5e:00:00:fc|0|0|0|1|0|113
33:33:00:00:00:0c|0|0|0|16|0|10803
01:00:5e:7f:ff:fa|0|0|0|34|0|14774
33:33:00:00:00:02|0|0|0|2|0|216
52:03:dc:c0:c2:29|0|7|0|0|0|0
0e:14:2c:95:26:61|0|7|0|0|0|0
26:6f:1d:c2:e2:46|0|30|0|0|0|0
b6:40:b1:5b:e7:2f|0|7|0|0|0|0
f0:5c:77:1a:f1:64|0|3|0|0|0|0
01:00:5e:00:00:01|0|0|0|1|0|88
f2:54:8d:68:be:cb|0|7|0|0|0|0
86:54:2d:ea:34:30|0|7|0|0|0|0
01:00:5e:00:00:16|0|0|0|4|0|364
62:d5:b4:01:78:f9|0|1|0|0|0|0
aa:e9:4a:e2:ba:06|1|6|0|0|0|0
02:00:00:00:00:00|11|53|0|0|0|0
a2:9a:df:22:5b:35|0|7|0|0|0|0
06:0f:10:6b:3d:64|0|7|0|0|0|0
d8:8c:79:90:f4:9b|0|7|0|0|0|0
64:b3:10:aa:e3:3c|0|13|0|0|0|0
8a:fd:be:63:42:97|0|9|0|0|0|0
