75
b4:e6:2d:f6:c8:79
90:9a:4a:80:71:9a|1228|11|43|52|9509|7186
ff:ff:ff:ff:ff:ff|0|3338|0|46|0|8130
90:9a:4a:80:85:9e|756|0|0|0|0|0
20:aa:4b:5b:e6:4b|894|0|49|0|8440|0
68:ff:7b:c5:ca:c9|632|0|5|0|1032|0
28:6d:cd:09:2a:ea|0|0|22|4|4814|474
c0:06:c3:8f:c7:99|6|12|10|6|870|630
0a:82:09:46:0f:08|0|5|0|0|0|0
0a:43:65:db:2c:47|0|1|0|0|0|0
ba:73:28:69:2b:1a|0|2|0|0|0|0
33:33:00:00:00:01|0|0|0|1|0|120
e4:5f:01:5c:9d:89|0|6|0|0|0|0
c0:06:c3:8f:c0:7b|4|8|11|8|1076|866
fa:f5:84:bc:b4:ca|0|1|0|0|0|0
f0:ef:86:06:76:35|0|4|0|0|0|0
0e:2c:10:40:12:86|0|2|0|0|0|0
2e:5a:c8:44:10:03|0|2|0|0|0|0
7a:38:fa:2b:8a:4d|0|4|0|0|0|0
d8:47:32:54:de:63|0|6|0|0|0|0
1e:60:12:29:63:69|0|3|0|0|0|0
c2:f5:59:38:12:e4|0|2|0|0|0|0
44:07:0b:6c:b6:e3|1|0|0|0|0|0
44:07:0b:70:9e:93|3|0|0|0|0|0
44:46:87:a9:e4:4b|0|7|0|0|0|0
01:00:5e:00:00:fb|0|0|0|3|0|870
a4:50:46:4c:af:3b|1|1|9|19|426|6835
4a:d1:4d:a3:a6:34|0|2|0|0|0|0
5a:85:9a:42:da:cf|0|1|0|0|0|0
72:0d:ef:bf:02:98|0|1|0|0|0|0
b6:52:8d:39:a5:98|0|4|0|0|0|0
b4:e6:2d:f6:c8:79|0|2|0|6|0|704
76:c8:67:b1:a1:36|0|2|0|0|0|0
42:0e:9b:43:07:21|5|9|0|0|0|0
44:07:0b:2f:49:8b|10|0|0|0|0|0
b2:0e:b3:16:7b:75|0|1|0|0|0|0
ee:33:f7:31:80:4d|0|3|0|0|0|0
08:9e:08:bc:6c:2b|0|1|0|0|0|0
ba:59:f3:ff:ca:11|0|5|0|0|0|0
a2:fd:20:a1:a7:28|0|1|0|0|0|0
fa:c9:04:8f:04:17|0|1|0|0|0|0
0e:60:8a:46:61:53|0|2|0|0|0|0
7a:c4:62:db:8b:d2|0|1|0|0|0|0
0e:cc:53:8b:36:07|0|2|0|0|0|0
aa:21:a8:f8:ef:13|0|6|0|0|0|0
da:a1:19:c0:c0:c0|2|10|0|0|0|0
82:3a:86:92:a4:61|0|1|0|0|0|0
02:63:16:34:ae:ae|0|1|0|0|0|0
aa:e8:a9:c0:0e:cd|0|3|0|0|0|0
12:67:9a:52:cb:ac|0|3|0|0|0|0
1e:11:ea:e6:34:f9|0|2|0|0|0|0
f4:f5:d8:8d:f2:58|6|4|0|0|0|0
01:00:5e:00:00:01|0|0|0|2|0|160
d8:ce:3a:d3:82:b4|0|1|0|0|0|0
a6:a6:39:be:56:70|0|1|0|0|0|0
72:c4:72:6a:7a:72|0|1|0|0|0|0
ea:1a:53:9b:65:e4|0|4|0|0|0|0
9a:18:2e:3d:01:e9|0|2|0|0|0|0
00:08:07:76:35:b7|0|9|0|0|0|0
f2:43:b4:cf:91:23|0|2|0|0|0|0
1e:ae:2c:ce:c9:13|0|1|0|0|0|0
6a:a7:b9:89:64:11|1|0|0|0|0|0
0e:39:c0:de:89:93|0|4|0|0|0|0
72:62:49:61:3d:c3|0|3|0|0|0|0
32:7b:05:52:ac:7c|0|6|0|0|0|0
01:00:5e:00:00:fa|0|0|0|1|0|114
54:60:09:e2:ee:aa|0|5|0|0|0|0
a4:02:b9:9a:55:06|1|1|0|0|0|0
ce:0e:af:29:54:ef|0|4|0|0|0|0
a2:86:b2:1d:26:98|0|1|0|0|0|0
ce:3a:cc:00:ff:fd|0|4|0|0|0|0
20:f4:78:24:ce:e8|0|9|0|0|0|0
ca:a1:45:ca:7d:51|0|1|0|0|0|0
6e:3a:6f:98:d2:3b|0|2|0|0|0|0
4e:8d:a7:f8:dd:df|0|6|0|0|0|0
a0:78:17:a1:19:64|0|0|0|1|0|78
