39
b4:e6:2d:f6:c8:79
68:ff:7b:c5:ca:c9|440|0|0|0|0|0
ff:ff:ff:ff:ff:ff|0|3063|0|79|0|9488
90:9a:4a:80:71:9a|1277|10|18|57|2183|8872
90:9a:4a:80:85:9e|851|0|5|0|396|0
20:aa:4b:5b:e6:4b|678|0|86|0|10472|0
b4:e6:2d:f6:c8:79|0|2|0|4|0|557
ac:d6:18:e0:b8:fc|0|1|0|0|0|0
44:07:0b:89:e4:ab|10|0|1|0|26|0
28:6d:cd:09:2a:ea|0|0|29|4|6301|496
96:d3:cb:7f:4d:9a|0|2|0|0|0|0
f4:f5:d8:84:58:92|0|2|0|0|0|0
80:91:33:25:67:05|0|112|0|0|0|0
f0:ef:86:06:76:35|0|11|0|0|0|0
12:e8:29:e4:16:89|0|0|0|1|0|26
33:33:00:00:00:16|0|0|0|6|0|864
38:f9:d3:b3:0c:da|3|0|0|0|0|0
3c:8d:20:4f:d8:e9|2|0|0|0|0|0
e4:5f:01:5c:9d:89|0|4|0|0|0|0
f4:f5:d8:8d:f2:58|6|7|0|0|0|0
c0:06:c3:8f:c7:99|5|10|9|3|851|337
c0:06:c3:8f:c0:7b|5|10|11|3|1233|337
44:07:0b:70:9e:93|20|49|0|0|0|0
9e:ab:89:2d:82:91|0|0|0|4|0|312
a4:50:46:4c:af:3b|0|0|8|4|487|456
92:b8:7a:3b:17:11|0|1|0|0|0|0
54:60:09:e2:ee:aa|0|4|0|0|0|0
00:08:07:76:35:b7|0|1|0|0|0|0
1c:bf:ce:e3:fb:45|0|6|0|0|0|0
da:a1:19:11:0d:64|2|10|0|0|0|0
50:eb:71:d0:6d:35|1|0|0|0|0|0
08:9e:08:bc:6c:2b|0|1|0|0|0|0
44:07:0b:2f:49:8b|12|0|0|0|0|0
b8:27:eb:81:9a:d6|2|2|0|0|0|0
38:8b:59:29:24:78|1|0|0|0|0|0
d8:47:32:54:de:63|0|9|0|0|0|0
5c:5f:67:4a:d7:b0|1|0|0|0|0|0
18:e8:29:91:3d:5e|1|0|0|0|0|0
33:33:00:00:00:01|0|0|0|1|0|120
01:00:5e:00:00:01|0|0|0|1|0|84
