35
b4:e6:2d:f6:b6:a5
68:02:b8:1e:7f:1f|1280|0|22|0|2835|0
ff:ff:ff:ff:ff:ff|0|3500|0|13|0|1012
6a:02:98:1e:7f:1f|1279|0|0|0|0|0
d8:b6:b7:7a:3a:61|1323|0|20|33|1530|855
00:0c:e7:34:ff:c0|0|10|0|0|0|0
a4:3e:a0:a4:2a:46|0|154|0|0|0|0
b4:e6:2d:f6:b6:a5|0|1|0|3|0|390
bc:54:51:02:a4:f0|0|0|7|8|223|832
c8:66:5d:1f:4f:54|0|12|0|0|0|0
1a:87:40:d1:b0:31|0|32|0|0|0|0
0e:26:0a:2f:38:6b|0|0|14|2|336|52
4c:fc:aa:04:03:83|0|9|0|0|0|0
e6:35:23:4e:ab:99|0|0|12|1|296|26
00:0c:e7:49:06:2e|0|25|0|0|0|0
26:17:dc:59:74:f7|0|0|0|2|0|52
33:33:00:00:00:01|0|0|0|3|0|584
33:33:00:00:00:02|0|0|0|1|0|96
33:33:ff:1e:b6:60|0|0|0|1|0|112
01:00:5e:00:00:01|0|0|0|1|0|88
0c:cb:85:50:10:62|0|2|0|0|0|0
00:0c:e7:13:22:80|0|22|0|0|0|0
80:58:f8:93:88:29|0|0|0|3|0|329
8c:c5:b4:3b:6e:56|0|2|0|0|0|0
ca:2b:47:f1:d5:79|0|6|0|0|0|0
26:46:c8:8d:50:00|0|10|0|0|0|0
02:00:00:00:00:00|0|10|0|0|0|0
64:b3:10:aa:e3:3c|0|23|0|0|0|0
00:0c:e7:ff:94:2f|0|19|0|0|0|0
46:86:e4:83:b4:37|0|7|0|0|0|0
58:91:cf:92:95:e6|0|7|0|0|0|0
00:0c:e7:76:13:20|0|13|0|0|0|0
1a:87:40:a1:ff:a0|0|17|0|0|0|0
01:00:5e:00:00:fb|0|0|0|2|0|376
33:33:00:00:00:fb|0|0|0|2|0|416
f0:72:ea:da:42:c6|0|1|0|0|0|0
