39
b4:e6:2d:f6:b6:a5
d8:b6:b7:7a:3a:61|1278|0|9|43|296|1260
ff:ff:ff:ff:ff:ff|0|3578|0|360|0|63729
70:2c:1f:8a:7c:d7|41|0|0|0|0|0
68:02:b8:1e:7f:1f|1269|0|467|12|103528|312
6a:02:98:1e:7f:1f|1267|0|0|0|0|0
04:4e:af:fb:fd:77|12|0|0|0|0|0
b4:e6:2d:f6:b6:a5|0|2|0|3|0|390
4c:fc:aa:04:98:e5|13|0|0|0|0|0
bc:54:51:02:a4:f0|0|0|24|2|798|52
01:00:5e:7f:ff:fa|0|0|0|89|0|36593
5e:2b:c1:f5:36:30|0|1|0|0|0|0
80:1f:02:b4:07:ae|0|0|12|0|312|0
e6:35:23:4e:ab:99|0|0|7|2|174|52
64:b3:10:aa:e3:3c|0|6|0|0|0|0
a4:3e:a0:a4:2a:46|0|114|0|0|0|0
70:ee:50:73:4e:36|0|0|19|0|494|0
b0:95:75:4b:b9:26|0|0|0|19|0|494
ea:ed:3e:67:a2:4c|1|8|0|0|0|0
9c:5d:12:d7:43:d4|0|6|0|0|0|0
e0:9d:31:02:83:40|0|26|0|0|0|0
10:8e:e0:22:17:e8|0|6|0|0|0|0
34:7e:5c:38:ae:a0|0|3|0|0|0|0
26:17:dc:59:74:f7|0|0|12|2|288|52
