25
b4:e6:2d:f6:b6:a5
68:02:b8:1e:7f:1f|1597|1|139|140|64871|23744
4e:9b:05:55:9f:ce|3|6|140|34|23744|27021
ff:ff:ff:ff:ff:ff|0|2264|0|13|0|1371
6a:02:98:1e:7f:1f|1473|0|0|0|0|0
10:1c:0c:1a:10:10|3|47|0|0|0|0
01:00:5e:7f:ff:fa|0|0|0|69|0|32615
b4:e6:2d:f6:b6:a5|0|2|0|3|0|390
01:00:5e:00:00:fb|0|0|0|6|0|1134
26:94:9b:c4:cd:39|44|553|0|0|0|0
a4:3e:a0:a4:2a:46|0|135|0|0|0|0
33:33:00:00:00:01|0|0|0|3|0|584
33:33:00:00:00:02|0|0|0|1|0|96
33:33:ff:1e:b6:60|0|0|0|1|0|112
02:00:00:00:00:00|0|6|0|0|0|0
54:2a:a2:48:a3:f0|0|53|0|0|0|0
ce:74:31:ec:e2:a7|0|12|0|0|0|0
01:00:5e:00:00:16|0|0|0|2|0|176
5c:f8:21:84:a4:31|0|6|0|0|0|0
33:33:00:00:00:fb|0|0|0|4|0|940
92:22:d2:18:66:7c|0|12|0|0|0|0
c8:66:5d:1f:4f:54|0|12|0|0|0|0
f0:5c:77:1a:f1:64|0|6|0|0|0|0
33:33:00:00:00:16|0|0|0|3|0|432
