29
b4:e6:2d:f6:b6:a5
68:02:b8:1e:7f:1f|1252|0|288|0|58083|0
ff:ff:ff:ff:ff:ff|0|3505|0|261|0|54117
6a:02:98:1e:7f:1f|1248|0|0|0|0|0
d8:b6:b7:7a:3a:61|1306|0|13|52|1680|1480
bc:54:51:02:a4:f0|0|0|22|4|752|472
b4:e6:2d:f6:b6:a5|0|2|0|4|0|562
ca:a1:cd:f4:97:4e|0|6|0|0|0|0
54:2a:a2:48:a3:f0|0|123|0|0|0|0
70:ee:50:73:4e:36|0|0|72|0|1864|0
b0:95:75:4b:b9:26|0|0|0|72|0|1864
a4:3e:a0:a4:2a:46|0|103|0|0|0|0
e6:35:23:4e:ab:99|0|0|8|2|200|52
0e:26:0a:2f:38:6b|0|0|14|2|336|52
f0:72:ea:da:42:c6|0|7|0|0|0|0
26:17:dc:59:74:f7|0|0|8|0|192|0
c8:66:5d:1f:4f:54|0|12|0|0|0|0
84:16:f9:07:68:71|0|7|0|0|0|0
9c:5d:12:d7:43:d4|0|6|0|0|0|0
01:00:5e:00:00:fb|0|0|0|9|0|1216
33:33:00:00:00:fb|0|0|0|7|0|1176
33:33:00:00:00:16|0|0|0|2|0|248
01:00:5e:00:00:02|0|0|0|2|0|180
64:b3:10:aa:e3:3c|0|15|0|0|0|0
33:33:00:00:00:01|0|0|0|3|0|584
00:1c:bf:52:98:29|0|9|0|0|0|0
01:00:5e:7f:ff:fa|0|0|0|4|0|1016
9a:1c:bf:65:63:13|0|4|0|0|0|0
01:00:5e:00:00:01|0|0|0|1|0|88
ec:2e:98:f0:f5:27|0|7|0|0|0|0
