51
b4:e6:2d:f6:c8:79
90:9a:4a:80:71:9a|1205|8|38|212|4030|20735
ff:ff:ff:ff:ff:ff|0|2147|0|40|0|7026
a4:50:46:4c:af:3b|3|7|163|16|12202|1392
90:9a:4a:80:85:9e|782|54|49|74|15914|1840
20:aa:4b:5b:e6:4b|259|0|29|0|5553|0
28:6d:cd:09:2a:ea|0|0|30|2|6654|156
da:a1:19:5a:b5:3a|0|2|0|0|0|0
68:ff:7b:c5:ca:c9|124|0|0|0|0|0
9e:ab:89:2d:82:91|1|1|42|5|1008|390
b4:e6:2d:f6:c8:79|0|4|0|3|0|376
04:6c:59:1b:72:04|55|153|33|5|1264|744
2a:65:88:59:87:f5|4|14|0|0|0|0
c0:06:c3:8f:c0:7b|5|10|13|3|1480|234
1a:dc:4f:b2:b6:8f|0|1|0|0|0|0
22:3d:b1:75:c8:31|1|2|0|0|0|0
22:48:f8:26:26:64|7|24|0|0|0|0
f4:f5:d8:8d:f2:58|1|0|0|0|0|0
54:60:09:e2:ee:aa|0|4|0|0|0|0
01:00:5e:7f:ff:fa|0|0|0|31|0|13911
c0:06:c3:8f:c7:99|0|0|6|1|399|78
01:00:5e:00:00:16|0|0|0|2|0|176
ec:5c:68:84:b1:4b|0|12|0|0|0|0
a6:f2:54:25:17:83|0|2|0|0|0|0
20:f4:78:24:ce:e8|2|3|0|0|0|0
33:33:00:00:00:fb|0|0|0|1|0|141
44:07:0b:70:9e:93|2|0|0|0|0|0
96:34:e7:40:10:64|1|1|0|0|0|0
44:07:0b:2f:49:8b|6|0|0|0|0|0
26:c9:ba:5a:7c:7c|0|1|0|0|0|0
0a:26:07:17:f8:71|3|0|0|0|0|0
52:da:ac:a4:59:46|2|1|0|0|0|0
a4:50:46:42:f3:41|0|3|0|0|0|0
e4:5f:01:5c:9d:89|0|1|0|0|0|0
01:00:5e:00:00:fb|0|0|0|6|0|1071
5a:d7:84:c4:b2:a1|0|1|0|0|0|0
8e:a1:72:fc:84:1e|1|0|0|0|0|0
da:90:62:9e:40:9d|0|2|0|0|0|0
33:33:00:00:00:01|0|0|0|1|0|120
a6:4a:c3:20:90:05|2|3|0|0|0|0
02:2e:32:4c:96:2c|0|2|0|0|0|0
38:f9:d3:b3:0c:da|2|0|0|0|0|0
ca:8e:ca:b5:74:fa|1|4|0|0|0|0
9e:4e:f1:ae:9c:62|1|2|0|0|0|0
36:6a:1f:83:dd:1c|1|0|0|0|0|0
ae:12:50:64:00:82|0|1|0|0|0|0
01:00:5e:00:00:fa|0|0|0|1|0|114
ac:d1:b8:8d:4b:a1|0|1|0|0|0|0
