23
b4:e6:2d:f6:b6:a5
68:02:b8:1e:7f:1f|1274|0|21|0|4154|0
ff:ff:ff:ff:ff:ff|0|2373|0|4|0|304
6a:02:98:1e:7f:1f|1274|0|0|0|0|0
44:fe:3b:06:5c:71|86|0|4|0|304|0
b4:e6:2d:f6:b6:a5|0|1|0|4|0|482
2c:db:07:46:b4:19|0|12|0|0|0|0
a4:3e:a0:a4:2a:46|0|117|0|0|0|0
72:fe:3b:06:5c:73|14|0|0|0|0|0
dc:dc:e2:b9:25:18|0|4|0|0|0|0
10:1c:0c:1a:10:10|2|38|0|0|0|0
70:ee:50:73:4e:36|0|0|16|0|416|0
b0:95:75:4b:b9:26|0|0|0|16|0|416
58:b1:0f:56:36:08|0|35|0|0|0|0
30:35:ad:7a:2f:04|0|1|0|0|0|0
01:00:5e:00:00:fb|0|0|0|5|0|1280
33:33:00:00:00:fb|0|0|0|5|0|1380
33:33:00:00:00:16|0|0|0|2|0|248
01:00:5e:00:00:16|0|0|0|2|0|180
1a:87:40:45:65:36|0|42|0|0|0|0
33:33:00:00:00:01|0|0|0|3|0|584
f0:5c:77:1a:f1:64|0|8|0|0|0|0
64:b3:10:aa:e3:3c|0|17|0|0|0|0
4a:88:6b:e2:29:8a|0|2|0|0|0|0
