46
b4:e6:2d:f6:c8:79
90:9a:4a:80:85:9e|1283|0|8|13|853|312
ff:ff:ff:ff:ff:ff|0|3579|0|56|0|9994
20:aa:4b:5b:e6:4b|746|0|56|0|10070|0
68:ff:7b:c5:ca:c9|578|0|0|0|0|0
90:9a:4a:80:71:9a|1251|13|36|43|3930|6927
b4:e6:2d:f6:c8:79|0|1|0|10|0|1179
f0:ef:86:06:76:35|0|10|0|0|0|0
80:91:33:25:67:05|8|132|0|0|0|0
c0:06:c3:8f:c7:99|7|14|10|14|939|1173
28:6d:cd:09:2a:ea|0|0|22|4|4826|908
c0:06:c3:8f:c0:7b|6|12|11|7|1162|594
f4:f5:d8:8d:f2:58|0|5|0|0|0|0
38:00:25:e8:2f:88|0|39|0|0|0|0
e4:5f:01:5c:9d:89|0|4|0|0|0|0
b8:27:eb:81:9a:d6|0|2|0|0|0|0
30:07:4d:83:4d:ce|0|2|0|0|0|0
8a:d0:fe:84:8d:47|0|2|0|0|0|0
a0:c9:a0:c1:eb:b8|0|2|0|0|0|0
9e:ab:89:2d:82:91|0|8|13|5|312|617
3c:8d:20:4f:d8:e9|2|0|0|0|0|0
94:e2:3c:2c:75:7c|0|2|0|0|0|0
a6:ee:12:09:80:c4|0|1|0|0|0|0
fa:55:b2:56:29:93|1|12|0|0|0|0
ac:d1:b8:8d:4b:a1|0|3|0|0|0|0
02:0a:ff:15:6b:83|1|10|0|0|0|0
54:60:09:e2:ee:aa|0|6|0|0|0|0
44:07:0b:6c:b6:e3|5|0|0|0|0|0
44:07:0b:2f:49:8b|15|0|0|0|0|0
e6:85:6e:17:f8:7b|1|3|0|0|0|0
01:00:5e:00:00:fa|0|0|0|2|0|228
1a:2d:27:6d:b3:a7|0|7|0|0|0|0
01:00:5e:00:00:01|0|0|0|2|0|160
fe:69:91:a3:01:13|0|3|0|0|0|0
da:cb:c3:ba:d9:41|0|1|0|0|0|0
00:08:07:76:35:b7|0|3|0|0|0|0
d2:18:0d:2e:3e:80|2|5|0|0|0|0
a6:23:9c:e5:b4:cb|2|5|0|0|0|0
ae:c7:25:5b:39:3a|0|1|0|0|0|0
32:1b:b7:79:00:95|0|3|0|0|0|0
62:a5:d1:8f:b6:f2|1|6|0|0|0|0
02:95:31:a5:36:bc|0|3|0|0|0|0
aa:96:36:51:00:c6|0|5|0|0|0|0
00:08:10:80:dc:7a|0|1|0|0|0|0
8e:50:77:66:e9:93|0|2|0|0|0|0
ac:67:84:52:fe:0b|1|0|0|0|0|0
8a:2c:d4:73:49:a2|0|3|0|0|0|0
