23
b4:e6:2d:f6:b6:a5
d8:b6:b7:7a:3a:61|599|0|5|76|192|2056
ff:ff:ff:ff:ff:ff|0|2895|0|0|0|0
68:02:b8:1e:7f:1f|1209|0|7|0|1066|0
6a:02:98:1e:7f:1f|1207|0|0|0|0|0
bc:54:51:02:a4:f0|0|0|22|0|752|0
0e:26:0a:2f:38:6b|0|0|29|0|696|0
e6:35:23:4e:ab:99|0|0|8|2|200|52
26:17:dc:59:74:f7|0|0|17|2|408|52
01:00:5e:00:00:01|0|0|0|1|0|88
70:ee:50:73:4e:36|0|0|54|0|1396|0
b0:95:75:4b:b9:26|0|0|0|54|0|1396
a4:3e:a0:a4:2a:46|0|56|0|0|0|0
c8:66:5d:1f:4f:54|0|18|0|0|0|0
b4:e6:2d:f6:b6:a5|0|1|0|4|0|482
33:33:00:00:00:01|0|0|0|3|0|584
ca:bf:85:f9:61:2f|0|10|0|0|0|0
aa:7a:b5:34:1e:ce|0|4|0|0|0|0
f0:5c:77:1a:f1:64|0|3|0|0|0|0
f0:72:ea:da:42:c6|0|3|0|0|0|0
ae:b6:a4:02:fd:70|0|8|0|0|0|0
64:b3:10:aa:e3:3c|0|7|0|0|0|0
00:0c:e7:ad:a1:dc|0|5|0|0|0|0
0c:cb:85:ac:77:55|0|5|0|0|0|0
