35
b4:e6:2d:f6:b6:a5
68:02:b8:1e:7f:1f|1286|2|314|5|62835|130
ff:ff:ff:ff:ff:ff|0|3455|0|275|0|55354
d8:b6:b7:7a:3a:61|1267|0|13|47|1301|1301
6a:02:98:1e:7f:1f|1213|0|0|0|0|0
b4:e6:2d:f6:b6:a5|0|1|0|4|0|482
a4:3e:a0:a4:2a:46|0|126|0|0|0|0
80:1f:02:b4:07:ae|2|35|5|0|130|0
ba:64:16:5c:70:ac|0|0|11|0|264|0
68:02:b8:2e:8d:67|0|0|0|11|0|264
ee:22:0d:f0:bd:34|0|7|0|0|0|0
01:00:5e:00:00:fb|0|0|0|16|0|2668
26:17:dc:59:74:f7|0|0|16|2|384|52
bc:54:51:02:a4:f0|0|0|12|4|455|472
f0:72:ea:da:42:c6|0|21|0|0|0|0
33:33:00:00:00:01|0|0|0|2|0|464
33:33:00:00:00:02|0|0|0|1|0|96
e6:35:23:4e:ab:99|0|0|15|2|366|52
01:00:5e:00:00:01|0|0|0|1|0|88
0e:26:0a:2f:38:6b|0|0|4|2|96|52
26:94:9b:c4:cd:39|8|11|0|0|0|0
c8:66:5d:1f:4f:54|0|6|0|0|0|0
01:00:5e:7f:ff:fa|0|0|0|10|0|2862
01:00:5e:00:00:16|0|0|0|3|0|268
4e:9b:05:55:9f:ce|2|31|0|0|0|0
d8:8c:79:90:f4:9b|0|7|0|0|0|0
33:33:00:00:00:fb|0|0|0|4|0|1104
64:b3:10:aa:e3:3c|0|14|0|0|0|0
80:58:f8:93:88:29|0|0|0|1|0|122
30:35:ad:7a:2f:04|0|7|0|0|0|0
5c:f5:da:55:8b:f6|0|13|0|0|0|0
3e:6a:2a:8b:5f:c7|0|7|0|0|0|0
00:0c:e7:39:6e:44|0|19|0|0|0|0
20:79:18:e7:01:8a|0|8|0|0|0|0
1a:87:40:35:25:56|0|9|0|0|0|0
50:bc:96:ae:d1:e5|1|0|0|0|0|0
