77
b4:e6:2d:f6:c8:79
04:4e:af:bc:a7:f7|0|1|0|0|0|0
7c:d9:5c:62:1d:99|5|0|0|0|0|0
d6:94:5e:6f:3b:26|2|0|0|0|0|0
6e:05:42:d0:ad:cf|0|6|0|0|0|0
72:1e:c8:5b:51:f8|1|0|0|0|0|0
12:6f:4d:ff:a6:ca|1|0|0|0|0|0
44:07:0b:70:9e:93|6|0|0|0|0|0
f2:9e:75:f6:f8:91|0|6|0|0|0|0
50:e0:85:84:55:94|0|8|0|0|0|0
fe:f8:b3:99:3e:8e|0|3|0|0|0|0
9e:cb:f5:cd:f7:83|0|4|0|0|0|0
b2:fa:ba:7f:c1:cd|2|6|0|0|0|0
44:07:0b:2f:49:8b|9|0|0|0|0|0
44:07:0b:60:bf:75|4|0|0|0|0|0
c0:06:c3:8f:c7:99|2|4|2|1|48|78
2a:93:73:54:da:d8|0|3|0|0|0|0
a6:52:d1:50:14:c9|1|3|0|0|0|0
3e:62:0f:38:00:42|1|4|0|0|0|0
82:74:5f:13:de:e7|0|6|0|0|0|0
8a:5d:50:c4:81:f1|1|3|0|0|0|0
01:00:5e:00:00:fb|0|0|0|1|0|121
36:5c:b7:cf:dd:63|2|9|0|0|0|0
1e:16:ab:22:a4:0e|0|3|0|0|0|0
8a:c1:ef:ba:a5:8e|2|9|0|0|0|0
f6:24:27:2a:72:6e|0|1|0|0|0|0
f6:cb:a4:b7:53:d3|0|6|0|0|0|0
c2:47:83:c6:47:84|0|3|0|0|0|0
4a:87:93:67:45:f4|2|3|0|0|0|0
d2:12:f0:c0:55:10|1|6|0|0|0|0
12:47:e6:b0:8c:4d|1|0|0|0|0|0
5a:2b:5c:b7:6f:ef|0|3|0|0|0|0
72:b7:29:39:7e:47|0|2|0|0|0|0
92:4a:84:bb:25:3f|1|3|0|0|0|0
62:e8:50:36:b3:f3|1|0|0|0|0|0
f0:ef:86:06:76:35|0|1|0|0|0|0
d6:68:81:85:17:18|0|3|0|0|0|0
6a:a7:b9:89:64:11|2|0|0|0|0|0
62:7a:25:87:9e:23|0|3|0|0|0|0
4e:0f:a5:18:ef:38|0|2|0|0|0|0
8a:27:99:24:96:8d|2|7|0|0|0|0
01:00:5e:00:00:01|0|0|0|1|0|84
00:08:07:76:35:b7|0|1|0|0|0|0
01:00:5e:00:00:16|0|0|0|3|0|280
08:9e:08:bc:6c:2b|0|1|0|0|0|0
38:00:25:e8:2f:88|1|0|0|0|0|0
20:1f:3b:3a:bb:3d|1|0|0|0|0|0
56:be:ad:18:51:13|2|6|0|0|0|0
aa:0b:2e:eb:2e:c5|0|4|0|0|0|0
1c:bf:ce:e3:fb:45|0|1|0|0|0|0
32:4b:06:53:25:b6|2|8|0|0|0|0
