49
b4:e6:2d:f6:c8:79
90:9a:4a:80:71:9a|1289|6|10|23|1031|1760
ff:ff:ff:ff:ff:ff|0|2653|0|4|0|333
90:9a:4a:80:85:9e|1104|0|0|0|0|0
20:aa:4b:5b:e6:4b|256|0|4|0|333|0
68:ff:7b:c5:ca:c9|140|0|0|0|0|0
c0:06:c3:8f:c7:99|0|0|9|2|726|156
28:6d:cd:09:2a:ea|1|3|3|0|78|0
b4:e6:2d:f6:c8:79|0|2|0|5|0|532
b8:27:eb:81:9a:d6|0|1|0|0|0|0
c0:06:c3:8f:c0:7b|5|10|7|3|644|343
9a:91:11:d8:72:ce|1|13|0|0|0|0
46:5a:c8:54:ab:a6|0|0|1|0|24|0
f4:92:bf:67:1d:36|0|0|0|1|0|24
74:df:bf:45:ac:65|0|5|0|0|0|0
a4:50:46:4c:af:3b|0|0|4|0|312|0
ec:5c:68:84:b1:4b|2|15|0|0|0|0
f4:f5:d8:8d:f2:58|1|2|0|0|0|0
44:07:0b:70:9e:93|5|0|0|0|0|0
d6:0d:eb:3e:f4:e3|1|0|0|0|0|0
a2:e0:6c:67:3c:21|0|7|0|0|0|0
b6:ff:32:c4:9a:ee|1|0|0|0|0|0
20:f4:78:24:ce:e8|2|7|0|0|0|0
3c:8d:20:4f:d8:e9|2|0|0|0|0|0
32:b0:91:ec:fd:83|0|1|0|0|0|0
50:e0:85:84:55:94|1|9|0|0|0|0
d0:c6:37:cb:3c:f7|0|3|0|0|0|0
56:b5:e2:c2:e1:da|1|0|0|0|0|0
24:77:03:d4:12:38|1|8|0|0|0|0
c2:16:4c:a0:59:8f|0|3|0|0|0|0
26:2a:69:ac:11:d3|1|45|0|0|0|0
44:07:0b:6c:b6:e3|2|0|0|0|0|0
44:07:0b:2f:49:8b|3|0|0|0|0|0
ca:67:ad:7a:e5:e9|1|0|0|0|0|0
56:68:61:2c:82:5b|0|6|0|0|0|0
9a:d5:f2:19:65:87|0|4|0|0|0|0
5e:55:13:de:4e:f4|0|0|4|0|96|0
f4:cf:e2:ea:1e:e2|0|0|0|4|0|96
48:5a:b6:22:0c:7e|0|3|0|0|0|0
da:2f:29:a4:c1:25|1|0|0|0|0|0
6e:2d:38:6b:7a:63|0|1|0|0|0|0
e6:28:10:6c:04:1c|2|0|0|0|0|0
1c:bf:ce:e3:fb:45|0|1|0|0|0|0
54:60:09:e2:ee:aa|0|4|0|0|0|0
76:78:27:bc:20:c6|0|6|0|0|0|0
08:9e:08:bc:6c:2b|0|1|0|0|0|0
00:08:07:76:35:b7|0|1|0|0|0|0
be:61:dd:ec:19:87|0|2|0|0|0|0
c6:ac:e2:4a:e0:31|1|0|0|0|0|0
42:c3:ad:c8:2b:18|0|2|0|0|0|0
