26
b4:e6:2d:f6:b6:a5
68:02:b8:1e:7f:1f|1229|0|18|0|3530|0
ff:ff:ff:ff:ff:ff|0|2977|0|0|0|0
6a:02:98:1e:7f:1f|1229|0|0|0|0|0
d8:b6:b7:7a:3a:61|693|0|3|22|140|534
b4:e6:2d:f6:b6:a5|0|1|0|3|0|390
e6:35:23:4e:ab:99|0|0|11|1|270|26
70:ee:50:73:4e:36|0|0|88|0|2286|0
b0:95:75:4b:b9:26|0|0|0|88|0|2286
26:17:dc:59:74:f7|0|0|10|1|240|26
a4:3e:a0:a4:2a:46|0|84|0|0|0|0
bc:54:51:02:a4:f0|0|0|1|0|24|0
01:00:5e:00:00:01|0|0|0|1|0|88
33:33:00:00:00:01|0|0|0|3|0|584
01:00:5e:00:00:fb|0|0|0|4|0|1024
33:33:00:00:00:fb|0|0|0|4|0|1104
33:33:00:00:00:16|0|0|0|2|0|248
01:00:5e:00:00:16|0|0|0|2|0|180
c8:66:5d:1f:4f:54|0|6|0|0|0|0
2a:65:8d:64:c0:f5|0|9|0|0|0|0
f0:72:ea:da:42:c6|0|13|0|0|0|0
fe:70:99:39:57:85|0|13|0|0|0|0
f0:5c:77:1a:f1:64|0|7|0|0|0|0
64:b3:10:aa:e3:3c|0|6|0|0|0|0
76:15:d0:5c:35:c2|0|12|0|0|0|0
0a:7b:c6:d1:e6:a2|0|3|0|0|0|0
1a:87:40:17:57:96|0|20|0|0|0|0
